4.125 22.092 2.161 206 199 180
4.099 22.092 2.158 207 200 182
4.075 22.093 2.162 198 188 176
4.082 22.093 2.161 205 198 182
4.074 22.093 2.162 198 188 176
4.073 22.093 2.163 200 190 178
4.017 22.094 2.159 207 200 182
4.097 22.092 2.162 199 191 172
4.690 22.088 2.291 190 178 138
4.725 22.091 2.279 191 178 143
4.703 22.093 2.169 192 179 144
4.652 22.087 2.254 190 176 137
4.627 22.088 2.177 187 177 141
4.715 22.090 2.275 189 177 139
4.702 22.088 2.311 189 179 143
4.589 22.086 2.166 116 108 72
4.710 22.089 2.301 189 179 143
4.702 22.091 2.226 190 178 138
4.718 22.093 2.194 191 177 138
4.675 22.091 2.180 190 176 141
4.755 22.094 2.229 192 179 144
4.704 22.090 2.268 190 178 140
4.714 22.092 2.209 193 178 139
4.627 22.087 2.228 187 175 137
4.585 22.086 2.160 119 110 77
4.742 22.092 2.266 189 176 141
4.691 22.089 2.284 190 178 138
4.687 22.088 2.283 189 177 137
4.662 22.088 2.246 190 176 137
4.735 22.092 2.234 191 177 140
4.747 22.090 2.350 187 177 142
4.578 22.086 2.172 190 182 146
4.713 22.091 2.252 190 176 137
4.741 22.090 2.339 188 178 143
4.738 22.090 2.331 188 178 143
4.707 22.092 2.205 192 177 138
4.668 22.089 2.214 191 177 138
4.759 22.092 2.295 195 180 147
4.752 22.091 2.303 193 180 148
4.747 22.094 2.197 190 178 138
4.739 22.092 2.252 187 178 139
4.630 22.088 2.187 187 178 139
4.753 22.091 2.331 189 178 146
4.663 22.090 2.166 196 182 153
4.715 22.090 2.269 190 178 140
4.744 22.091 2.311 189 179 143
4.696 22.092 2.190 190 177 135
4.630 22.088 2.194 190 178 138
4.734 22.089 2.346 187 177 142
4.678 22.089 2.257 190 176 137
4.666 22.089 2.233 190 176 137
4.698 22.092 2.187 188 174 135
4.647 22.088 2.223 190 176 137
4.658 22.089 2.202 190 176 137
4.752 22.090 2.338 185 176 143
4.748 22.093 2.245 191 181 146
4.752 22.093 2.258 190 177 142
4.673 22.088 2.279 188 176 138
4.718 22.089 2.323 189 179 143
4.590 22.087 2.161 121 113 77
4.627 22.089 2.159 127 118 85
4.728 22.090 2.310 189 179 143
4.744 22.095 2.182 191 179 141
4.676 22.088 2.281 189 177 139
4.715 22.093 2.192 190 176 137
4.757 22.091 2.312 192 179 145
4.717 22.091 2.251 190 178 138
4.713 22.093 2.166 191 178 143
4.627 22.087 2.223 188 176 138
4.755 22.090 2.339 187 176 144
4.661 22.088 2.258 190 176 137
4.643 22.089 2.185 187 178 137
4.711 22.091 2.234 189 177 137
4.747 22.093 2.237 190 176 139
4.701 22.090 2.259 191 177 138
4.672 22.088 2.257 190 176 137
4.672 22.089 2.227 189 175 136
4.592 22.087 2.164 129 119 84
4.704 22.092 2.201 193 178 139
4.733 22.093 2.197 191 179 139
4.688 22.089 2.267 189 177 137
4.632 22.087 2.226 189 175 138
4.742 22.090 2.320 189 179 143
4.689 22.090 2.236 190 176 137
4.594 22.087 2.161 127 117 82
4.591 22.086 2.183 188 178 142
4.746 22.093 2.242 190 176 139
4.653 22.089 2.203 189 175 136
4.701 22.091 2.221 191 177 138
4.655 22.090 2.175 188 175 143
4.724 22.093 2.183 191 179 139
4.703 22.088 2.308 188 178 142
4.669 22.089 2.224 190 176 137
4.657 22.090 2.189 189 175 138
4.731 22.094 2.188 192 180 140
4.732 22.090 2.300 190 180 144
4.656 22.089 2.191 190 176 137
4.727 22.090 2.298 191 182 143
4.628 22.088 2.185 187 178 139
4.746 22.093 2.240 190 176 139
4.741 22.094 2.182 191 179 139
4.754 22.091 2.316 192 179 147
4.638 22.087 2.244 188 174 137
4.655 22.090 2.182 190 176 141
4.711 22.089 2.306 189 179 143
4.677 22.088 2.261 190 176 137
4.703 22.092 2.196 192 178 139
4.714 22.090 2.267 190 178 140
4.731 22.091 2.270 190 177 142
4.599 22.087 2.164 128 118 83
4.696 22.092 2.171 189 176 142
4.614 22.087 2.186 189 180 141
4.667 22.089 2.240 191 177 138
4.753 22.092 2.290 190 180 145
4.596 22.087 2.166 128 118 83
4.688 22.089 2.278 189 177 137
4.726 22.091 2.275 191 178 143
4.703 22.088 2.310 188 178 142
4.741 22.090 2.344 187 177 142
4.743 22.094 2.212 192 178 141
4.691 22.092 2.175 191 178 144
4.759 22.090 2.356 189 176 141
4.644 22.088 2.228 190 176 139
4.750 22.090 2.333 187 178 145
4.751 22.091 2.324 189 178 146
4.725 22.092 2.231 191 179 139
4.699 22.091 2.218 192 178 139
4.709 22.090 2.281 188 179 140
4.720 22.093 2.196 194 180 141
4.679 22.091 2.164 201 188 156
4.660 22.088 2.241 190 176 137
4.692 22.091 2.213 192 178 139
4.675 22.088 2.267 188 176 138
4.694 22.092 2.173 191 178 144
4.749 22.090 2.356 186 175 143
4.626 22.088 2.187 186 177 138
4.746 22.095 2.169 194 184 148
4.690 22.089 2.274 189 177 137
4.747 22.092 2.287 192 177 144
4.629 22.089 2.165 169 158 126
4.691 22.091 2.201 191 177 138
4.705 22.093 2.176 192 178 141
4.734 22.093 2.228 192 178 141
4.731 22.094 2.166 193 183 147
4.750 22.090 2.360 185 174 142
4.712 22.093 2.181 193 179 142
4.722 22.091 2.275 190 177 142
4.740 22.093 2.239 190 176 139
4.740 22.091 2.283 192 177 144
4.709 22.090 2.274 189 177 139
4.759 22.090 2.369 188 175 143
4.738 22.092 2.264 189 176 141
4.748 22.090 2.348 187 177 142
4.716 22.089 2.325 189 179 143
4.652 22.090 2.160 129 120 89
4.713 22.093 2.182 193 179 140
4.569 22.085 2.169 192 183 150
4.679 22.091 2.184 190 176 139
4.682 22.088 2.272 188 176 136
4.742 22.090 2.345 187 177 142
4.737 22.091 2.275 191 178 143
4.720 22.089 2.327 189 179 144
4.593 22.086 2.187 185 177 140
4.690 22.092 2.180 192 178 141
4.660 22.089 2.219 190 176 137
4.700 22.092 2.185 188 174 135
4.687 22.089 2.260 190 176 137
4.666 22.088 2.260 190 176 137
4.745 22.091 2.301 190 180 144
4.656 22.090 2.171 189 176 144
4.722 22.093 2.206 193 179 140
4.731 22.092 2.249 190 178 140
4.696 22.089 2.263 190 176 137
4.704 22.091 2.224 190 178 138
4.751 22.095 2.171 190 179 147
4.714 22.089 2.304 190 180 144
4.686 22.090 2.217 191 177 138
4.686 22.091 2.208 192 178 139
4.710 22.090 2.255 190 176 137
4.672 22.088 2.274 189 177 139
4.692 22.089 2.268 189 177 137
4.712 22.091 2.251 190 176 137
4.756 22.095 2.178 189 179 143
4.663 22.089 2.210 190 176 137
4.722 22.090 2.290 191 178 143
4.625 22.087 2.213 188 176 138
4.694 22.091 2.214 191 177 138
4.640 22.088 2.209 191 177 138
4.701 22.089 2.295 190 181 142
4.677 22.089 2.238 189 175 136
4.740 22.094 2.199 192 178 141
4.703 22.091 2.220 191 177 138
4.663 22.089 2.220 191 177 138
4.742 22.089 2.350 187 177 142
4.628 22.088 2.171 187 177 142
4.648 22.089 2.200 190 176 137
4.685 22.090 2.229 191 177 138
4.710 22.089 2.309 189 179 143
4.742 22.091 2.281 192 178 143
4.642 22.089 2.169 195 185 150
4.712 22.089 2.297 189 180 141
4.578 22.086 2.161 117 108 75
4.640 22.089 2.181 185 176 137
4.700 22.090 2.245 188 179 138
4.635 22.087 2.229 190 176 139
4.690 22.090 2.221 190 176 137
4.748 22.093 2.241 190 180 145
4.729 22.090 2.309 189 179 143
4.721 22.091 2.259 189 177 139
4.752 22.092 2.274 189 179 144
4.654 22.088 2.236 190 176 137
4.761 22.091 2.314 193 180 146
4.745 22.091 2.289 193 178 145
4.652 22.087 2.248 190 176 137
4.689 22.091 2.203 190 176 137
4.684 22.091 2.200 190 176 137
4.691 22.092 2.173 191 178 144
4.640 22.087 2.234 190 176 139
4.660 22.088 2.232 189 175 136
4.705 22.089 2.286 189 180 141
4.680 22.091 2.190 191 177 138
4.420 22.087 2.161 72 68 43
4.738 22.089 2.358 186 176 141
4.524 22.086 2.178 185 177 141
4.477 22.091 2.280 193 180 148
4.483 22.091 2.284 191 181 146
4.508 22.086 2.169 197 191 159
4.343 22.092 2.244 190 180 145
4.545 22.087 2.221 187 177 141
4.400 22.087 2.160 74 70 45
4.179 22.092 2.173 193 182 150
4.694 22.089 2.324 189 179 144
4.402 22.088 2.179 190 180 145
4.547 22.087 2.226 187 177 141
4.519 22.090 2.291 190 182 145
4.251 22.090 2.160 160 153 134
4.408 22.091 2.250 189 181 144
4.618 22.088 2.280 187 179 143
4.491 22.091 2.281 190 180 144
4.761 22.090 2.378 186 173 141
4.676 22.088 2.306 189 179 144
4.706 22.089 2.322 190 180 144
4.533 22.089 2.261 188 178 142
4.624 22.088 2.276 188 178 142
4.307 22.090 2.176 192 179 145
4.566 22.090 2.307 190 181 148
4.309 22.092 2.236 191 181 146
4.306 22.092 2.227 192 182 147
4.519 22.091 2.303 191 182 149
4.450 22.089 2.228 189 179 143
4.632 22.089 2.303 189 181 145
4.503 22.090 2.263 188 179 140
4.666 22.088 2.285 189 176 141
4.625 22.088 2.271 187 177 141
4.242 22.091 2.184 190 177 145
4.580 22.088 2.251 186 176 140
4.485 22.091 2.280 191 181 146
4.709 22.089 2.331 189 179 144
4.630 22.088 2.274 189 179 143
4.463 22.088 2.200 188 179 140
4.397 22.089 2.198 190 180 144
4.412 22.087 2.166 204 197 168
4.423 22.091 2.272 192 182 147
4.700 22.090 2.352 186 176 141
4.230 22.092 2.208 190 179 147
4.320 22.089 2.178 193 180 146
4.525 22.090 2.294 191 183 147
4.191 22.092 2.195 189 179 144
4.426 22.088 2.178 188 178 142
4.405 22.088 2.183 191 181 145
4.459 22.088 2.210 189 179 143
4.439 22.090 2.239 189 179 143
4.368 22.090 2.204 191 181 145
4.320 22.091 2.228 191 181 145
4.622 22.090 2.321 191 181 145
4.504 22.088 2.226 187 178 139
4.581 22.088 2.246 186 176 140
4.563 22.089 2.268 188 178 142
4.476 22.091 2.281 193 180 148
4.274 22.092 2.227 192 181 149
4.637 22.090 2.336 191 181 145
4.664 22.089 2.316 188 180 144
4.702 22.089 2.335 189 179 144
4.480 22.087 2.182 189 180 141
4.568 22.089 2.263 186 176 140
4.328 22.089 2.166 207 198 169
4.637 22.087 2.263 189 177 139
4.294 22.091 2.203 191 180 148
4.554 22.085 2.161 112 103 72
4.668 22.088 2.303 189 179 144
4.330 22.090 2.185 192 179 144
4.443 22.087 2.176 189 179 144
4.688 22.090 2.342 189 179 144
4.562 22.089 2.267 187 177 141
4.326 22.089 2.162 140 133 107
4.470 22.086 2.159 80 74 50
4.276 22.090 2.168 194 182 156
4.721 22.089 2.345 188 178 143
4.493 22.087 2.189 190 178 138
4.524 22.087 2.196 186 177 138
4.622 22.088 2.271 187 177 141
4.508 22.091 2.299 190 182 146
4.440 22.087 2.165 184 177 148
4.539 22.090 2.296 191 182 149
4.503 22.086 2.159 84 79 49
4.675 22.090 2.334 188 180 144
4.601 22.086 2.220 186 176 140
4.537 22.086 2.179 189 179 143
4.278 22.090 2.176 192 179 147
4.437 22.088 2.189 191 179 141
4.497 22.090 2.263 188 179 140
4.464 22.089 2.222 189 179 143
4.401 22.088 2.180 191 181 145
4.240 22.091 2.182 191 178 144
4.754 22.090 2.369 187 174 142
4.454 22.090 2.250 192 178 141
4.533 22.086 2.177 187 179 143
4.154 22.092 2.185 191 180 150
4.572 22.089 2.277 189 179 143
4.616 22.088 2.260 187 177 141
4.417 22.091 2.250 190 180 145
4.693 22.088 2.313 191 178 144
4.680 22.089 2.332 185 177 141
4.435 22.088 2.179 190 180 144
4.524 22.086 2.176 186 178 142
4.579 22.086 2.194 185 175 139
4.684 22.089 2.317 189 179 144
4.630 22.088 2.281 188 178 142
4.597 22.088 2.270 187 177 141
4.168 22.092 2.180 193 182 150
4.264 22.090 2.180 193 180 145
4.378 22.091 2.239 191 181 145
4.452 22.089 2.227 190 180 144
4.282 22.090 2.168 186 174 148
4.480 22.087 2.196 189 180 139
4.424 22.087 2.165 196 189 160
4.641 22.090 2.324 189 181 145
4.565 22.087 2.212 186 176 140
4.442 22.091 2.260 192 180 142
4.585 22.090 2.295 192 179 145
4.316 22.091 2.209 189 179 144
4.285 22.090 2.166 186 174 148
4.504 22.088 2.233 188 179 140
4.609 22.087 2.250 187 177 141
4.673 22.089 2.318 188 178 143
4.339 22.090 2.206 190 182 146
4.352 22.090 2.201 190 180 144
4.344 22.091 2.227 193 180 145
4.445 22.091 2.266 192 180 142
4.611 22.087 2.236 187 174 139
4.459 22.090 2.256 191 179 141
4.231 22.092 2.197 189 178 146
4.396 22.090 2.214 190 180 144
4.104 22.093 2.168 199 187 163
4.473 22.088 2.210 188 179 140
4.439 22.088 2.187 192 180 142
4.585 22.089 2.278 187 177 141
4.181 22.092 2.191 190 181 148
4.616 22.089 2.283 187 179 143
4.476 22.088 2.208 187 178 139
4.229 22.090 2.166 192 182 155
4.466 22.089 2.220 189 179 143
4.520 22.091 2.299 191 183 147
4.537 22.087 2.209 188 178 142
4.355 22.089 2.186 192 179 144
4.497 22.087 2.190 189 177 137
4.301 22.090 2.191 191 178 143
4.540 22.088 2.242 187 177 141
4.380 22.088 2.175 188 177 145
4.394 22.088 2.170 187 178 145
4.700 22.089 2.336 188 178 143
4.204 22.092 2.190 188 179 146
4.429 22.088 2.196 190 180 144
4.443 22.088 2.199 188 178 142
4.429 22.091 2.274 191 181 146
4.476 22.086 2.164 85 80 51
4.409 22.089 2.197 189 179 143
4.523 22.087 2.193 186 176 141
4.662 22.087 2.272 188 175 140
4.624 22.089 2.304 189 181 145
4.338 22.092 2.242 190 180 145
4.658 22.089 2.305 190 180 145
4.588 22.089 2.272 187 177 141
4.532 22.086 2.191 186 176 141
4.618 22.090 2.330 191 181 145
4.500 22.088 2.226 187 178 139
4.567 22.085 2.177 184 174 139
4.598 22.088 2.261 186 176 140
4.618 22.089 2.302 189 181 145
4.608 22.089 2.290 189 181 145
4.539 22.091 2.305 190 181 148
4.244 22.091 2.192 191 177 150
4.626 22.090 2.336 191 181 145
4.549 22.090 2.288 189 181 144
4.708 22.089 2.331 189 179 144
4.507 22.089 2.256 188 179 140
4.666 22.087 2.277 188 175 140
4.573 22.086 2.208 186 176 140
4.503 22.086 2.165 162 156 124
4.233 22.090 2.162 163 156 137
4.255 22.090 2.161 157 150 131
4.325 22.091 2.220 192 179 144
4.494 22.090 2.267 189 180 141
4.711 22.089 2.345 190 180 145
4.253 22.090 2.164 198 190 167
4.403 22.088 2.187 189 180 141
4.470 22.088 2.213 189 180 141
4.422 22.088 2.173 189 180 147
4.293 22.090 2.193 190 179 147
4.520 22.086 2.163 85 79 47
4.578 22.086 2.193 185 175 139
4.490 22.086 2.161 83 78 49
4.742 22.090 2.368 185 175 140
4.405 22.088 2.187 189 180 141
4.221 22.092 2.198 189 178 146
4.551 22.085 2.159 110 103 74
4.515 22.089 2.242 188 179 140
4.563 22.088 2.237 186 176 140
4.209 22.091 2.171 191 180 150
4.422 22.090 2.238 190 180 144
4.268 22.090 2.184 191 178 146
4.139 22.092 2.172 195 184 156
4.565 22.088 2.244 187 177 141
4.536 22.088 2.229 186 176 140
4.354 22.089 2.191 190 180 144
4.625 22.090 2.320 190 180 144
4.430 22.087 2.168 193 184 153
4.608 22.088 2.264 186 176 140
4.363 22.089 2.180 192 179 144
4.605 22.087 2.227 189 176 141
4.573 22.088 2.256 187 177 141
4.463 22.088 2.210 189 180 141
4.622 22.087 2.247 189 177 139
4.570 22.091 2.315 189 180 147
4.507 22.089 2.258 188 179 140
4.455 22.089 2.226 190 180 144
4.665 22.089 2.304 189 179 144
4.320 22.092 2.237 190 182 146
4.402 22.090 2.226 191 181 145
4.706 22.090 2.350 187 177 142
4.428 22.089 2.211 189 179 143
4.486 22.086 2.168 196 190 158
4.634 22.087 2.245 187 175 137
4.599 22.089 2.292 192 179 145
4.471 22.088 2.195 190 181 142
4.607 22.086 2.219 187 174 139
4.455 22.087 2.185 192 180 142
4.678 22.089 2.314 190 180 145
4.314 22.090 2.190 192 179 144
4.616 22.087 2.249 186 176 140
4.225 22.090 2.159 80 74 58
4.508 22.086 2.173 187 181 147
4.400 22.090 2.231 191 181 145
4.227 22.092 2.204 189 178 146
4.616 22.088 2.270 187 177 141
4.292 22.091 2.198 191 180 148
4.719 22.090 2.358 188 178 143
4.545 22.088 2.240 187 177 141
4.466 22.091 2.283 194 180 151
4.100 22.093 2.168 198 186 164
4.585 22.088 2.260 187 177 141
4.637 22.088 2.283 189 179 143
4.537 22.086 2.191 188 178 143
4.351 22.091 2.221 190 182 145
4.619 22.087 2.246 188 176 138
4.553 22.086 2.201 187 177 141
4.470 22.087 2.173 186 177 144
4.715 22.089 2.330 189 179 144
4.597 22.086 2.214 186 176 140
4.167 22.092 2.182 192 181 149
4.586 22.088 2.266 187 177 141
4.675 22.089 2.310 189 179 144
4.342 22.090 2.194 187 181 145
4.271 22.091 2.211 192 181 149
4.407 22.089 2.199 189 179 143
4.527 22.086 2.185 186 176 141
4.553 22.087 2.206 186 176 140
4.558 22.085 2.174 191 180 148
4.539 22.085 2.165 98 92 56
4.459 22.089 2.224 190 180 144
4.258 22.090 2.166 190 180 153
4.659 22.088 2.275 188 175 140
4.196 22.091 2.168 192 183 154
4.506 22.087 2.201 188 179 138
4.328 22.091 2.216 193 180 145
4.660 22.089 2.327 189 181 145
4.674 22.089 2.307 190 180 145
4.541 22.090 2.298 190 181 148
4.501 22.086 2.168 161 155 123
4.483 22.089 2.234 189 179 143
4.562 22.089 2.269 188 178 142
4.592 22.086 2.203 187 177 141
4.519 22.088 2.226 188 179 140
4.455 22.090 2.261 191 179 141
4.454 22.087 2.172 189 180 147
4.464 22.087 2.183 191 179 141
4.397 22.090 2.237 191 181 145
4.641 22.089 2.312 189 181 144
4.517 22.087 2.206 188 179 140
4.277 22.091 2.194 191 180 148
4.282 22.089 2.160 70 63 45
4.443 22.090 2.253 192 179 144
4.387 22.090 2.213 190 180 144
4.484 22.089 2.232 189 180 141
4.510 22.089 2.239 189 180 141
4.493 22.088 2.208 188 179 138
4.480 22.088 2.220 189 180 141
4.465 22.091 2.273 192 179 145
4.560 22.087 2.228 187 177 141
4.566 22.088 2.239 186 176 140
4.565 22.088 2.239 186 176 140
4.538 22.086 2.192 188 178 143
4.252 22.091 2.180 191 178 143
4.137 22.092 2.169 195 184 156
4.448 22.087 2.176 190 180 145
4.242 22.091 2.188 190 176 147
4.344 22.091 2.226 191 181 145
4.516 22.088 2.229 188 179 140
4.382 22.091 2.257 193 180 145
4.539 22.088 2.238 187 177 141
4.626 22.090 2.328 191 181 145
4.617 22.088 2.274 187 179 143
4.668 22.089 2.329 189 181 145
4.502 22.090 2.269 189 180 141
4.476 22.089 2.240 188 178 142
4.236 22.092 2.211 190 179 147
4.540 22.086 2.190 188 178 143
4.295 22.089 2.169 191 180 152
4.639 22.088 2.276 187 177 141
4.607 22.089 2.292 189 181 145
4.458 22.087 2.162 86 80 54
4.590 22.087 2.234 186 176 140
4.432 22.088 2.179 189 179 143
4.325 22.091 2.220 192 179 144
4.325 22.089 2.175 193 180 146
4.609 22.089 2.286 188 180 144
4.217 22.092 2.197 191 178 144
4.299 22.091 2.212 190 180 145
4.363 22.091 2.247 190 180 144
4.551 22.088 2.241 187 177 141
4.466 22.090 2.266 191 178 143
4.493 22.086 2.172 186 177 144
4.514 22.088 2.233 188 179 140
4.517 22.088 2.219 188 179 140
4.412 22.087 2.164 99 93 67
4.418 22.089 2.214 190 180 144
4.527 22.090 2.292 191 183 147
4.575 22.087 2.215 187 177 141
4.661 22.087 2.273 188 175 140
4.421 22.088 2.189 191 179 141
4.477 22.089 2.245 190 177 142
4.173 22.091 2.165 195 188 162
4.213 22.091 2.164 201 194 168
4.248 22.092 2.206 192 179 147
4.404 22.087 2.164 99 93 67
4.557 22.087 2.219 188 178 142
4.555 22.086 2.185 186 174 136
4.515 22.090 2.286 190 182 145
4.531 22.090 2.282 188 180 143
4.515 22.086 2.183 186 178 142
4.560 22.088 2.245 185 175 139
4.439 22.089 2.208 189 179 143
4.636 22.088 2.270 190 178 140
4.493 22.086 2.174 186 178 142
4.493 22.089 2.249 187 177 141
4.660 22.088 2.296 188 178 143
4.642 22.088 2.276 187 177 141
4.134 22.092 2.167 198 188 163
4.615 22.090 2.324 191 181 145
4.404 22.091 2.258 189 181 144
4.449 22.088 2.195 188 178 142
4.612 22.090 2.311 190 180 145
4.496 22.089 2.250 186 176 140
4.701 22.088 2.314 189 179 143
4.523 22.090 2.289 191 183 146
4.528 22.090 2.285 188 180 143
4.215 22.092 2.198 191 178 144
4.516 22.086 2.167 156 150 118
4.564 22.085 2.178 185 175 140
4.533 22.088 2.228 187 178 139
4.687 22.089 2.329 188 178 143
4.441 22.088 2.192 194 182 144
4.547 22.091 2.304 189 180 147
4.370 22.088 2.173 191 180 148
4.135 22.092 2.172 194 183 155
4.385 22.091 2.238 189 179 143
4.489 22.090 2.259 188 179 140
4.676 22.088 2.291 190 178 140
4.309 22.089 2.160 137 129 106
4.500 22.087 2.202 188 179 138
4.658 22.088 2.287 190 177 143
4.543 22.088 2.240 187 177 141
4.481 22.091 2.282 191 181 146
4.630 22.087 2.259 189 177 139
4.510 22.089 2.239 189 180 141
4.596 22.088 2.268 187 177 141
4.566 22.087 2.226 186 176 140
4.529 22.087 2.205 187 178 139
4.176 22.092 2.183 191 180 148
4.444 22.087 2.161 80 76 51
4.254 22.091 2.192 192 178 151
4.729 22.090 2.362 185 175 140
4.675 22.089 2.316 190 180 145
4.696 22.089 2.340 189 179 144
4.410 22.089 2.213 189 179 143
4.598 22.087 2.223 186 176 140
4.544 22.085 2.166 148 140 103
4.655 22.090 2.341 188 178 143
4.447 22.088 2.187 192 180 142
4.677 22.089 2.320 187 177 142
4.594 22.089 2.277 188 178 142
4.538 22.086 2.177 189 181 144
4.483 22.089 2.247 187 177 141
4.518 22.086 2.178 185 177 141
4.625 22.089 2.302 189 181 145
4.397 22.091 2.244 188 180 141
4.354 22.091 2.245 191 181 146
4.491 22.088 2.212 188 179 138
4.570 22.090 2.295 191 180 148
4.441 22.088 2.198 189 179 143
4.677 22.089 2.331 186 178 142
4.544 22.090 2.280 188 180 143
4.315 22.092 2.233 191 181 146
4.198 22.092 2.186 189 178 146
4.594 22.086 2.202 186 176 140
4.482 22.090 2.265 189 180 141
4.483 22.089 2.236 188 178 142
4.465 22.091 2.274 192 179 145
4.474 22.088 2.212 188 179 140
4.583 22.089 2.272 187 177 141
4.600 22.090 2.318 191 181 146
4.313 22.091 2.211 189 179 144
4.347 22.090 2.196 189 181 144
4.190 22.092 2.180 191 180 148
4.343 22.089 2.183 192 179 144
4.412 22.090 2.236 190 180 144
4.542 22.090 2.281 188 180 143
4.569 22.088 2.248 187 177 141
4.324 22.089 2.168 196 185 155
4.373 22.090 2.216 191 181 145
4.469 22.089 2.229 188 178 142
4.406 22.088 2.177 188 178 143
4.242 22.092 2.214 191 178 146
4.641 22.089 2.309 189 181 144
4.404 22.088 2.171 192 183 150
4.186 22.091 2.169 193 182 152
4.416 22.088 2.185 192 180 142
4.723 22.089 2.353 189 179 144
4.581 22.090 2.305 191 181 146
4.561 22.088 2.254 187 177 141
4.498 22.090 2.260 188 179 140
4.445 22.091 2.280 191 180 148
4.313 22.089 2.164 203 193 166
4.565 22.087 2.219 185 175 139
4.600 22.089 2.279 188 178 142
4.471 22.087 2.167 172 165 137
4.260 22.091 2.186 191 178 146
4.599 22.086 2.218 185 175 139
4.351 22.091 2.232 193 181 143
4.509 22.090 2.279 189 181 144
4.537 22.089 2.262 187 177 141
4.500 22.088 2.230 187 178 139
4.582 22.088 2.252 186 176 140
4.653 22.089 2.314 189 181 145
4.568 22.088 2.255 187 177 141
4.389 22.089 2.193 191 179 141
4.620 22.090 2.314 191 181 146
4.492 22.090 2.270 189 180 141
4.500 22.090 2.268 189 180 141
4.497 22.088 2.214 188 179 138
4.377 22.090 2.227 191 181 145
4.183 22.092 2.179 191 180 148
4.439 22.091 2.270 191 181 145
4.277 22.089 2.159 72 65 47
4.610 22.087 2.247 186 176 140
4.551 22.088 2.241 187 177 141
4.649 22.090 2.324 188 180 144
4.324 22.091 2.233 190 182 146
4.648 22.088 2.293 187 182 144
4.707 22.089 2.337 189 179 144
4.104 22.093 2.169 199 187 163
4.508 22.087 2.188 188 176 136
4.272 22.092 2.218 191 180 148
4.315 22.092 2.238 191 181 146
4.339 22.091 2.240 193 179 144
4.595 22.088 2.269 187 177 141
4.527 22.088 2.240 188 179 140
4.635 22.089 2.298 186 180 144
4.417 22.087 2.170 203 194 163
4.487 22.086 2.161 82 77 48
4.538 22.088 2.236 186 176 140
4.305 22.091 2.217 191 181 146
4.298 22.090 2.186 192 179 145
4.176 22.091 2.169 194 183 153
4.281 22.090 2.175 193 180 148
4.409 22.089 2.197 189 179 143
4.592 22.090 2.306 190 180 145
4.567 22.089 2.273 188 178 142
4.127 22.093 2.179 193 182 152
4.435 22.088 2.196 188 178 142
4.365 22.089 2.191 192 178 141
4.161 22.092 2.183 191 180 148
4.446 22.087 2.178 189 179 143
4.562 22.088 2.243 186 176 140
4.702 22.089 2.335 189 179 144
4.170 22.092 2.177 193 182 150
4.486 22.086 2.172 187 178 145
4.206 22.092 2.183 189 178 146
4.193 22.091 2.165 193 184 155
4.651 22.087 2.267 188 176 138
4.480 22.087 2.172 191 182 149
4.534 22.090 2.280 188 180 143
4.221 22.092 2.190 192 178 151
4.472 22.090 2.253 190 177 142
4.640 22.090 2.332 190 180 145
4.333 22.091 2.236 193 180 145
4.253 22.092 2.218 193 180 148
4.467 22.091 2.272 192 179 144
4.178 22.091 2.164 194 187 161
4.529 22.090 2.290 192 184 147
4.652 22.089 2.318 189 181 145
4.605 22.087 2.241 186 173 138
4.300 22.089 2.159 73 66 47
4.149 22.092 2.160 201 194 175
4.310 22.091 2.204 190 180 145
4.533 22.089 2.257 188 178 142
4.637 22.088 2.265 188 176 138
4.362 22.091 2.234 192 183 142
4.719 22.090 2.360 188 178 143
4.585 22.088 2.254 186 176 140
4.302 22.091 2.201 191 181 146
4.412 22.091 2.253 190 180 145
4.108 22.093 2.171 199 187 163
4.431 22.087 2.168 193 184 153
4.297 22.091 2.196 191 181 146
4.485 22.091 2.290 192 181 149
4.198 22.092 2.198 191 178 144
4.154 22.092 2.181 192 181 151
4.242 22.091 2.176 191 178 143
4.386 22.090 2.220 191 181 145
4.584 22.088 2.256 186 176 140
4.378 22.090 2.206 191 181 145
4.483 22.089 2.226 189 180 141
4.486 22.089 2.251 186 176 140
4.408 22.089 2.200 189 179 143
4.542 22.090 2.286 189 181 144
4.551 22.087 2.214 187 177 141
4.264 22.091 2.203 192 179 147
4.652 22.088 2.280 188 175 140
4.600 22.086 2.221 186 176 140
4.634 22.088 2.278 188 178 142
4.396 22.088 2.182 190 180 144
4.651 22.089 2.318 189 181 145
4.297 22.090 2.178 191 178 144
4.234 22.091 2.180 192 179 144
4.326 22.089 2.177 193 180 146
4.491 22.088 2.221 188 179 140
4.099 22.093 2.167 206 195 175
4.593 22.086 2.206 186 176 140
4.625 22.087 2.238 189 176 141
4.643 22.088 2.279 188 178 142
4.217 22.090 2.159 80 75 56
4.181 22.092 2.174 192 181 149
4.616 22.090 2.323 191 181 145
4.550 22.086 2.179 187 178 137
4.600 22.087 2.244 185 175 139
4.416 22.088 2.189 192 180 142
4.584 22.087 2.222 188 178 142
4.545 22.090 2.302 190 181 148
4.495 22.089 2.231 188 179 140
4.605 22.089 2.280 187 179 143
4.548 22.087 2.225 187 177 141
4.230 22.092 2.202 189 178 146
4.570 22.088 2.246 187 177 141
4.633 22.089 2.307 190 182 146
4.550 22.089 2.276 187 177 141
4.230 22.092 2.203 189 178 146
4.160 22.093 2.253 191 180 150
4.106 22.093 2.311 199 187 163
4.010 22.094 2.276 195 185 160
4.163 22.093 2.329 200 188 162
4.022 22.094 2.400 150 139 117
4.023 22.094 2.396 152 140 116
4.294 22.092 2.307 196 186 159
3.993 22.094 2.287 196 187 158
4.179 22.093 2.272 194 185 154
4.458 22.091 2.306 194 183 155
4.144 22.093 2.309 198 186 160
4.032 22.093 2.239 195 182 163
4.368 22.092 2.298 192 185 156
4.249 22.092 2.276 195 184 156
4.285 22.092 2.291 195 185 158
3.967 22.095 2.385 171 160 128
4.179 22.093 2.346 199 189 164
4.078 22.093 2.175 200 187 168
4.216 22.092 2.276 193 183 156
4.001 22.094 2.273 196 184 158
4.111 22.093 2.310 199 187 163
4.201 22.092 2.371 201 189 167
4.098 22.093 2.266 194 184 159
4.287 22.092 2.351 197 186 164
4.170 22.093 2.265 195 184 154
4.195 22.092 2.337 196 189 163
4.370 22.092 2.347 198 188 161
4.266 22.092 2.372 199 187 163
4.212 22.092 2.299 197 187 160
3.934 22.095 2.362 200 188 162
4.142 22.093 2.361 198 188 161
4.340 22.092 2.259 194 181 146
4.075 22.093 2.274 196 185 163
3.981 22.094 2.386 146 134 108
4.443 22.091 2.340 191 182 153
4.483 22.091 2.365 195 186 157
4.320 22.092 2.345 197 187 162
4.259 22.092 2.274 195 184 156
4.064 22.093 2.221 194 181 162
4.252 22.092 2.299 197 187 162
4.429 22.091 2.282 192 183 152
4.144 22.093 2.370 201 190 168
4.247 22.092 2.370 198 188 163
4.139 22.093 2.400 150 137 121
4.030 22.093 2.371 202 190 166
3.989 22.094 2.326 198 186 160
4.031 22.093 2.353 201 189 165
4.058 22.093 2.224 194 181 162
4.302 22.092 2.364 194 186 163
4.714 22.090 2.373 187 176 144
4.155 22.093 2.381 201 189 167
4.429 22.091 2.346 192 182 155
4.016 22.094 2.362 203 191 167
4.375 22.092 2.368 196 186 161
4.377 22.092 2.281 194 183 151
4.142 22.093 2.232 190 181 152
4.305 22.092 2.288 192 186 154
4.590 22.091 2.328 189 181 145
4.028 22.093 2.370 201 189 165
4.055 22.093 2.317 200 188 166
3.934 22.095 2.369 200 189 161
4.146 22.093 2.395 150 137 120
4.398 22.092 2.391 145 133 107
4.201 22.092 2.221 192 178 151
4.304 22.092 2.382 203 188 167
3.982 22.094 2.377 202 191 159
4.123 22.093 2.220 192 180 156
4.482 22.091 2.321 193 182 154
4.339 22.092 2.366 196 186 161
4.651 22.090 2.353 188 178 143
4.209 22.092 2.308 196 185 163
4.360 22.092 2.329 195 185 158
4.429 22.091 2.279 193 182 150
4.361 22.092 2.376 197 187 160
4.241 22.092 2.251 194 180 151
4.098 22.093 2.378 199 191 168
4.520 22.091 2.385 197 187 160
3.987 22.094 2.316 198 186 160
3.957 22.095 2.332 200 189 161
4.407 22.091 2.354 196 187 158
4.254 22.092 2.243 193 179 152
4.483 22.091 2.328 192 181 151
4.001 22.094 2.364 201 189 163
4.216 22.092 2.397 151 136 117
4.190 22.092 2.399 152 136 120
4.386 22.092 2.315 195 185 160
4.243 22.092 2.274 195 184 156
4.166 22.093 2.310 198 186 160
4.026 22.093 2.401 150 139 117
4.037 22.093 2.312 199 187 165
4.132 22.093 2.205 191 181 154
4.007 22.094 2.282 196 186 159
4.300 22.092 2.326 197 186 164
4.131 22.093 2.302 198 186 160
4.616 22.091 2.359 191 181 145
4.270 22.092 2.326 197 186 164
4.406 22.091 2.285 196 183 151
4.147 22.093 2.323 199 187 161
4.229 22.092 2.350 196 188 165
4.344 22.092 2.266 193 183 148
4.060 22.093 2.205 198 185 166
4.639 22.090 2.354 190 180 145
4.097 22.093 2.211 192 180 158
4.191 22.092 2.303 198 186 162
4.263 22.092 2.386 204 189 166
4.252 22.092 2.249 194 180 151
4.386 22.092 2.367 195 185 158
3.966 22.095 2.345 199 187 161
4.032 22.093 2.251 195 182 163
4.009 22.094 2.346 199 189 164
4.208 22.092 2.285 196 184 158
4.143 22.093 2.210 190 181 152
4.032 22.093 2.298 197 187 162
4.348 22.092 2.313 195 185 158
4.160 22.093 2.254 191 180 150
4.440 22.091 2.332 193 183 156
4.055 22.093 2.395 150 137 118
4.068 22.093 2.281 195 187 164
4.323 22.092 2.338 197 187 162
4.469 22.091 2.336 192 181 149
4.518 22.091 2.338 193 182 150
4.137 22.093 2.265 194 183 155
4.399 22.092 2.276 193 182 150
4.717 22.090 2.369 186 176 141
4.057 22.093 2.267 195 184 162
4.011 22.094 2.364 202 190 166
4.286 22.092 2.334 197 186 166
4.110 22.093 2.390 135 122 106
4.134 22.093 2.262 193 182 154
3.950 22.095 2.380 203 192 162
3.987 22.094 2.405 147 136 116
4.286 22.092 2.382 203 188 165
4.241 22.092 2.353 197 189 166
4.726 22.090 2.368 187 177 142
4.401 22.091 2.268 192 182 147
4.573 22.091 2.361 193 184 153
4.641 22.090 2.348 190 180 145
4.388 22.092 2.366 197 187 160
3.991 22.094 2.320 198 186 160
4.211 22.092 2.327 198 187 167
4.251 22.092 2.266 194 183 153
3.985 22.094 2.398 153 142 120
3.986 22.094 2.394 147 135 111
4.311 22.092 2.270 192 183 150
4.376 22.092 2.381 201 191 166
4.156 22.093 2.237 191 182 151
4.148 22.093 2.387 145 132 115
4.448 22.091 2.361 194 184 157
4.109 22.093 2.392 137 124 108
4.558 22.091 2.357 191 182 151
4.195 22.092 2.239 193 179 150
3.994 22.094 2.303 198 189 160
4.152 22.093 2.252 191 180 150
4.508 22.091 2.353 192 183 152
4.074 22.093 2.330 201 189 165
4.175 22.093 2.290 196 184 158
4.511 22.091 2.342 192 183 150
4.345 22.092 2.352 197 187 160
3.981 22.094 2.317 199 187 161
4.117 22.093 2.290 198 186 162
4.100 22.093 2.291 198 186 162
4.121 22.093 2.193 192 180 156
4.525 22.091 2.367 194 185 156
4.100 22.093 2.366 200 189 167
4.455 22.091 2.359 193 184 155
4.008 22.094 2.363 201 189 165
4.329 22.092 2.332 196 186 161
4.633 22.090 2.355 190 180 144
4.080 22.093 2.299 199 187 165
4.199 22.092 2.291 197 188 159
4.391 22.092 2.369 196 186 159
4.171 22.093 2.228 190 179 147
4.404 22.091 2.303 195 184 156
4.066 22.093 2.283 195 187 164
4.344 22.092 2.345 196 186 161
3.953 22.095 2.401 150 137 121
3.962 22.095 2.367 200 188 162
4.003 22.094 2.332 200 188 164
4.571 22.091 2.374 194 183 155
4.482 22.091 2.328 193 182 152
4.570 22.091 2.356 191 182 149
4.015 22.094 2.402 149 138 116
4.185 22.093 2.378 198 186 164
4.059 22.093 2.228 194 181 162
4.666 22.090 2.368 187 176 144
4.270 22.092 2.336 196 185 165
4.044 22.093 2.217 196 183 164
4.178 22.093 2.239 190 179 149
4.291 22.092 2.329 197 186 164
4.575 22.091 2.349 189 180 147
4.194 22.092 2.319 198 186 164
4.639 22.090 2.369 191 181 146
4.487 22.091 2.344 193 184 153
3.929 22.095 2.380 204 194 159
4.621 22.090 2.343 191 181 145
4.394 22.092 2.332 194 184 157
4.177 22.093 2.291 196 184 158
4.231 22.092 2.273 194 183 153
3.991 22.094 2.306 198 189 160
4.287 22.092 2.293 196 186 159
4.551 22.091 2.326 188 183 151
4.200 22.092 2.284 197 185 159
4.572 22.091 2.335 188 182 148
4.515 22.091 2.307 191 182 153
4.373 22.092 2.284 194 183 151
4.120 22.093 2.345 201 189 163
4.183 22.093 2.331 199 187 161
4.094 22.093 2.191 192 181 163
4.145 22.093 2.264 194 183 155
3.992 22.094 2.405 144 133 113
4.394 22.092 2.374 196 186 159
4.451 22.091 2.288 192 181 151
4.174 22.093 2.315 197 185 161
4.163 22.093 2.383 210 198 176
4.368 22.092 2.328 197 185 159
4.221 22.092 2.255 194 180 151
4.107 22.093 2.315 199 189 164
4.013 22.094 2.358 201 191 166
4.160 22.093 2.271 194 183 155
4.143 22.093 2.267 194 183 155
4.463 22.091 2.306 193 182 154
4.115 22.093 2.376 199 188 166
4.093 22.093 2.236 192 179 160
4.357 22.092 2.276 193 184 151
4.127 22.093 2.197 189 182 154
4.107 22.093 2.275 194 184 157
4.461 22.091 2.385 201 191 166
4.208 22.092 2.322 197 186 166
4.435 22.091 2.286 192 181 151
4.229 22.092 2.380 202 191 169
4.113 22.093 2.283 198 187 159
4.194 22.092 2.384 209 197 175
4.383 22.092 2.334 196 186 159
4.154 22.093 2.205 189 180 149
4.076 22.093 2.226 193 180 163
4.285 22.092 2.338 199 188 166
4.082 22.093 2.211 192 179 160
4.411 22.091 2.385 203 193 166
4.193 22.092 2.381 201 189 167
4.159 22.093 2.361 199 187 161
4.336 22.092 2.285 192 187 157
4.619 22.090 2.380 193 182 152
4.206 22.092 2.366 198 187 165
4.266 22.092 2.299 196 186 161
4.437 22.091 2.364 194 184 157
4.303 22.092 2.288 195 186 155
4.666 22.090 2.361 189 179 144
3.978 22.094 2.404 143 132 112
3.908 22.095 2.404 148 135 116
4.204 22.092 2.381 198 186 164
4.269 22.092 2.269 194 183 153
4.313 22.092 2.342 198 188 163
4.556 22.091 2.330 189 183 149
4.176 22.093 2.255 191 180 148
4.043 22.093 2.266 195 184 162
4.119 22.093 2.280 197 186 158
4.407 22.091 2.296 195 184 156
4.588 22.091 2.383 195 184 156
4.410 22.091 2.294 195 184 154
4.638 22.090 2.356 190 180 144
3.978 22.094 2.371 201 190 162
4.126 22.093 2.197 189 182 154
4.567 22.091 2.362 194 185 154
4.069 22.093 2.339 201 190 170
4.146 22.093 2.236 190 181 152
4.414 22.091 2.366 196 186 159
4.605 22.091 2.361 192 182 146
4.366 22.092 2.320 195 183 157
3.978 22.094 2.317 198 186 160
4.154 22.093 2.387 147 134 117
4.410 22.091 2.318 195 185 160
4.284 22.092 2.342 198 187 165
4.079 22.093 2.292 200 188 166
4.315 22.092 2.242 195 181 146
4.358 22.092 2.254 192 179 144
4.077 22.093 2.376 203 192 170
4.384 22.092 2.362 197 187 160
3.995 22.094 2.335 199 189 162
4.076 22.093 2.401 156 143 127
4.156 22.093 2.355 199 189 162
4.365 22.092 2.260 194 181 146
4.604 22.091 2.384 193 182 154
4.624 22.090 2.338 191 181 145
4.435 22.091 2.284 193 182 152
4.342 22.092 2.330 196 186 159
4.375 22.092 2.340 194 184 157
4.135 22.093 2.216 190 180 153
4.014 22.094 2.370 201 189 163
4.026 22.093 2.254 194 183 161
3.995 22.094 2.389 138 126 100
4.250 22.092 2.368 199 189 164
4.069 22.093 2.222 194 181 162
4.139 22.093 2.216 191 181 154
4.018 22.094 2.247 194 183 161
4.351 22.092 2.328 195 185 158
4.418 22.091 2.293 194 183 153
4.647 22.090 2.358 190 180 144
4.087 22.093 2.355 201 190 168
4.108 22.093 2.210 192 180 158
4.509 22.091 2.329 194 183 153
4.201 22.092 2.317 197 186 166
4.193 22.092 2.275 194 185 156
3.974 22.094 2.313 198 186 162
4.234 22.092 2.297 197 187 162
4.495 22.091 2.370 193 184 155
4.129 22.093 2.210 188 181 153
4.032 22.093 2.250 195 182 163
4.515 22.091 2.369 194 185 156
4.498 22.091 2.373 193 183 156
4.016 22.094 2.297 198 188 161
4.493 22.091 2.387 195 185 158
4.036 22.093 2.221 196 183 164
3.972 22.094 2.341 199 187 161
4.330 22.092 2.346 198 188 163
4.338 22.092 2.365 197 187 162
4.270 22.092 2.244 191 180 148
4.033 22.093 2.267 195 184 162
4.525 22.091 2.347 192 183 150
4.242 22.092 2.374 200 189 167
4.204 22.092 2.384 203 191 169
4.104 22.093 2.319 199 189 164
4.302 22.092 2.242 193 180 146
4.685 22.090 2.372 189 178 146
4.057 22.093 2.366 202 191 169
4.575 22.091 2.377 194 183 155
4.180 22.093 2.290 196 184 158
4.117 22.093 2.338 199 188 160
4.525 22.091 2.380 194 184 157
4.357 22.092 2.293 191 184 156
4.329 22.092 2.336 197 187 162
4.392 22.092 2.321 194 184 157
4.350 22.092 2.350 196 186 159
4.067 22.093 2.259 193 182 162
4.192 22.092 2.299 198 186 160
4.111 22.093 2.255 192 182 155
3.939 22.095 2.372 202 191 163
4.076 22.093 2.245 194 181 162
4.386 22.092 2.268 192 182 147
4.187 22.092 2.291 197 185 159
4.353 22.092 2.263 195 182 147
4.128 22.093 2.188 193 182 154
4.361 22.092 2.341 196 186 159
4.165 22.093 2.290 196 184 158
4.174 22.093 2.219 191 180 152
4.396 22.092 2.306 194 184 157
4.378 22.092 2.316 193 183 158
4.241 22.092 2.225 193 180 148
4.622 22.090 2.370 191 180 148
4.007 22.094 2.334 200 188 164
4.127 22.093 2.318 198 186 160
4.052 22.093 2.367 200 189 167
4.352 22.092 2.283 192 186 154
4.278 22.092 2.396 143 128 109
4.167 22.093 2.335 198 186 160
4.116 22.093 2.225 191 179 155
4.246 22.092 2.371 198 188 163
4.120 22.093 2.296 198 186 160
4.242 22.092 2.237 193 180 148
4.616 22.091 2.352 191 181 145
4.606 22.091 2.374 189 178 148
4.081 22.093 2.307 200 188 166
3.986 22.094 2.296 197 188 159
4.371 22.092 2.347 198 188 161
4.586 22.091 2.361 189 180 147
4.267 22.092 2.289 196 186 161
4.589 22.091 2.364 192 183 150
4.071 22.093 2.237 193 180 161
4.102 22.093 2.296 199 187 163
4.249 22.092 2.353 199 189 164
4.266 22.092 2.260 193 182 152
4.160 22.093 2.244 191 180 150
4.077 22.093 2.257 193 182 162
4.230 22.092 2.360 195 187 164
4.191 22.092 2.234 189 178 148
4.373 22.092 2.287 194 183 151
4.054 22.093 2.307 200 189 167
4.112 22.093 2.356 199 189 162
4.373 22.092 2.323 195 183 157
4.344 22.092 2.328 196 186 159
4.200 22.092 2.312 198 187 165
4.206 22.092 2.210 192 178 149
4.214 22.092 2.394 148 133 112
4.280 22.092 2.372 199 189 164
4.120 22.093 2.334 199 189 162
4.099 22.093 2.200 192 180 158
4.072 22.093 2.342 201 190 170
4.689 22.090 2.360 187 177 142
4.102 22.093 2.363 200 189 167
4.454 22.091 2.295 192 180 154
4.395 22.092 2.316 194 184 159
4.063 22.093 2.370 202 191 169
4.562 22.091 2.355 191 182 151
4.096 22.093 2.347 201 189 165
4.215 22.092 2.286 197 185 159
4.478 22.091 2.309 193 182 154
4.118 22.093 2.389 140 127 111
4.273 22.092 2.388 204 189 166
4.421 22.091 2.277 191 182 149
4.273 22.092 2.341 197 186 164
4.290 22.092 2.353 195 187 164
4.096 22.093 2.258 193 182 160
4.421 22.091 2.333 193 183 158
4.198 22.092 2.209 191 177 148
4.598 22.091 2.350 189 181 145
3.995 22.094 2.331 199 187 161
4.245 22.092 2.301 197 187 162
4.632 22.090 2.358 190 180 144
4.420 22.091 2.354 193 183 156
4.374 22.092 2.340 193 183 156
4.093 22.093 2.390 135 122 105
4.193 22.092 2.226 193 179 150
4.156 22.093 2.233 190 181 150
4.284 22.092 2.303 195 185 158
4.646 22.090 2.347 189 179 144
4.088 22.093 2.348 202 190 168
4.356 22.092 2.268 192 182 146
4.743 22.090 2.375 186 175 143
4.073 22.093 2.333 201 189 165
4.110 22.093 2.390 137 124 108
4.071 22.093 2.178 199 186 169
4.164 22.093 2.381 204 192 170
4.114 22.093 2.188 192 182 157
4.099 22.093 2.181 196 185 163
4.219 22.092 2.262 192 183 154
4.249 22.092 2.272 195 184 154
4.189 22.092 2.393 126 111 92
4.144 22.093 2.226 191 182 153
4.387 22.092 2.282 194 183 151
4.237 22.092 2.336 198 187 167
4.117 22.093 2.348 200 188 162
4.108 22.093 2.379 198 190 167
4.362 22.092 2.382 198 188 161
4.311 22.092 2.336 197 186 166
4.170 22.093 2.217 191 180 148
4.615 22.091 2.376 189 178 146
4.312 22.092 2.337 197 186 166
4.198 22.092 2.306 197 187 162
4.366 22.092 2.288 194 183 151
4.662 22.090 2.381 186 175 143
4.467 22.091 2.339 192 183 152
4.066 22.093 2.369 202 191 169
4.286 22.092 2.233 191 180 148
4.003 22.094 2.390 130 118 92
4.316 22.092 2.306 194 187 158
4.385 22.092 2.267 192 182 147
4.225 22.092 2.349 196 188 165
4.135 22.093 2.317 198 186 160
4.347 22.092 2.377 196 186 159
4.170 22.093 2.353 197 187 162
4.127 22.093 2.257 193 181 155
4.110 22.093 2.202 192 180 156
4.617 22.091 2.354 191 181 145
4.002 22.094 2.334 199 187 163
4.311 22.092 2.285 192 186 154
4.438 22.091 2.338 193 183 156
4.093 22.093 2.193 194 181 162
4.542 22.091 2.333 189 183 151
4.163 22.093 2.345 198 188 163
4.502 22.091 2.306 191 180 150
4.349 22.092 2.343 195 185 158
4.216 22.092 2.256 193 182 152
4.698 22.090 2.373 184 173 141
3.977 22.094 2.404 144 133 113
4.233 22.092 2.358 195 187 164
4.057 22.093 2.228 194 181 162
4.564 22.091 2.364 194 183 153
4.074 22.093 2.307 200 189 167
4.139 22.093 2.347 200 189 161
4.189 22.092 2.226 190 179 149
4.145 22.093 2.378 200 189 169
4.396 22.092 2.392 142 130 104
4.283 22.092 2.371 198 188 163
4.064 22.093 2.235 193 180 161
4.006 22.094 2.276 195 185 158
4.128 22.093 2.357 200 188 162
4.113 22.093 2.368 198 187 165
4.181 22.093 2.275 194 185 154
4.240 22.092 2.243 194 180 153
4.091 22.093 2.401 151 138 122
4.450 22.091 2.320 192 183 152
4.218 22.092 2.390 135 120 99
4.100 22.093 2.287 199 187 161
4.167 22.093 2.260 192 181 151
4.219 22.092 2.314 196 185 163
4.111 22.093 2.208 191 179 155
3.939 22.095 2.378 200 189 159
4.398 22.092 2.368 195 185 158
4.173 22.093 2.292 196 184 158
4.319 22.092 2.345 197 187 162
4.119 22.093 2.361 200 190 165
4.147 22.093 2.375 205 193 171
3.906 22.095 2.407 164 151 132
4.153 22.093 2.239 191 182 151
4.274 22.092 2.377 198 186 162
4.682 22.090 2.366 186 175 143
4.009 22.094 2.292 197 187 160
4.361 22.092 2.351 197 187 160
4.490 22.091 2.349 193 184 153
4.274 22.092 2.289 195 185 158
4.204 22.092 2.208 192 178 149
4.283 22.092 2.338 198 187 165
4.081 22.093 2.354 201 190 168
3.945 22.095 2.396 150 137 118
4.095 22.093 2.197 192 179 160
4.208 22.092 2.320 197 186 166
4.325 22.092 2.361 198 188 163
4.317 22.092 2.393 126 114 90
4.388 22.092 2.364 198 188 161
4.038 22.093 2.277 197 186 164
4.097 22.093 2.335 199 189 164
4.101 22.093 2.220 193 181 159
4.182 22.093 2.375 201 189 167
4.181 22.093 2.251 192 179 145
4.328 22.092 2.253 194 181 147
4.601 22.091 2.377 194 183 153
4.337 22.092 2.339 196 186 161
4.400 22.092 2.366 194 184 157
4.221 22.092 2.374 199 188 166
3.984 22.094 2.370 200 189 161
4.036 22.093 2.239 195 182 163
4.537 22.091 2.316 189 183 151
4.406 22.091 2.323 195 185 158
4.468 22.091 2.362 195 185 158
4.269 22.092 2.356 196 188 165
3.917 22.095 2.397 154 141 122
4.532 22.091 2.374 193 184 155
4.418 22.091 2.351 194 184 157
4.448 22.091 2.289 192 181 151
4.144 22.093 2.366 197 187 162
4.609 22.091 2.384 191 180 152
4.058 22.093 2.260 193 182 162
4.126 22.093 2.285 199 188 160
4.033 22.093 2.261 193 182 162
4.169 22.093 2.231 190 179 147
4.168 22.093 2.399 151 138 121
4.139 22.093 2.283 197 186 158
4.489 22.091 2.341 193 184 153
4.167 22.093 2.328 200 188 162
4.223 22.092 2.273 194 183 153
4.065 22.093 2.390 139 126 109
4.215 22.092 2.284 197 185 159
4.367 22.092 2.376 194 184 159
4.369 22.092 2.293 192 186 154
4.132 22.093 2.285 198 187 159
4.225 22.092 2.271 194 183 153
4.286 22.092 2.324 197 186 164
4.477 22.091 2.335 192 181 149
4.632 22.090 2.378 192 181 149
4.057 22.093 2.257 193 182 162
4.428 22.091 2.348 193 183 156
4.169 22.093 2.230 190 179 147
4.206 22.092 2.232 191 177 148
3.901 22.095 2.407 153 140 121
4.041 22.093 2.335 201 189 165
4.393 22.092 2.270 193 183 148
4.317 22.092 2.387 200 188 164
4.357 22.092 2.321 195 185 158
4.150 22.093 2.361 201 189 163
4.101 22.093 2.338 199 187 163
4.497 22.091 2.369 194 185 156
4.156 22.093 2.269 194 183 155
4.406 22.091 2.275 192 181 149
4.426 22.091 2.365 195 185 158
4.400 22.091 2.286 195 184 152
4.420 22.091 2.350 193 183 156
4.290 22.092 2.264 193 182 150
4.284 22.092 2.384 207 192 169
4.273 22.092 2.326 197 186 164
4.479 22.091 2.316 192 181 153
4.109 22.093 2.178 196 184 160
4.397 22.092 2.311 195 185 158
4.057 22.093 2.386 182 169 150
4.443 22.091 2.386 197 187 162
4.274 22.092 2.347 197 186 164
4.124 22.093 2.321 198 186 160
4.170 22.093 2.214 190 179 147
4.396 22.092 2.310 195 185 158
4.046 22.093 2.386 139 127 103
3.981 22.094 2.348 199 189 162
4.263 22.092 2.340 198 188 163
4.319 22.092 2.272 192 183 150
4.580 22.091 2.341 189 181 145
4.145 22.093 2.398 150 137 121
4.500 22.091 2.319 193 182 154
4.349 22.092 2.348 196 186 159
4.504 22.091 2.338 191 180 148
4.456 22.091 2.321 192 183 152
4.337 22.092 2.322 195 185 158
4.208 22.092 2.279 194 182 156
4.277 22.092 2.292 195 185 158
4.263 22.092 2.380 200 188 164
4.192 22.092 2.396 153 137 121
4.139 22.093 2.295 198 186 160
4.072 22.093 2.367 203 192 172
4.663 22.090 2.374 189 178 146
3.971 22.094 2.406 148 137 117
4.158 22.093 2.267 193 182 152
4.096 22.093 2.186 194 183 165
4.083 22.093 2.229 192 179 160
4.065 22.093 2.401 153 140 124
4.145 22.093 2.257 193 182 154
4.147 22.093 2.225 191 182 153
4.286 22.092 2.349 197 186 164
4.415 22.091 2.372 192 182 155
4.286 22.092 2.254 192 181 149
4.132 22.093 2.348 200 189 161
4.147 22.093 2.325 199 187 161
4.572 22.091 2.338 188 182 148
4.345 22.092 2.361 196 186 159
4.410 22.091 2.369 199 189 162
4.260 22.092 2.293 196 186 161
4.181 22.093 2.293 197 185 159
4.400 22.092 2.390 145 133 107
4.350 22.092 2.310 196 186 159
3.927 22.095 2.383 191 178 144
3.978 22.094 2.351 200 188 162
4.125 22.093 2.344 200 189 161
4.370 22.092 2.321 195 183 157
4.501 22.091 2.349 194 185 152
4.268 22.092 2.355 195 187 164
4.211 22.092 2.361 200 189 167
4.194 22.092 2.370 197 185 163
4.290 22.092 2.261 192 181 149
4.168 22.093 2.371 199 187 163
4.067 22.093 2.298 199 188 168
3.971 22.094 2.315 197 185 161
4.268 22.092 2.362 196 189 163
4.023 22.094 2.263 193 182 160
4.525 22.091 2.352 192 183 152
4.215 22.092 2.253 192 181 151
4.180 22.093 2.244 193 180 146
4.245 22.092 2.395 137 125 103
4.597 22.091 2.367 192 181 149
4.201 22.092 2.352 198 188 163
4.252 22.092 2.302 197 187 162
4.364 22.092 2.334 196 184 158
4.401 22.091 2.340 195 186 157
4.307 22.092 2.300 196 186 159
4.349 22.092 2.275 193 184 151
4.285 22.092 2.232 191 180 148
4.253 22.092 2.247 194 180 153
4.248 22.092 2.254 195 181 152
4.353 22.092 2.354 197 187 160
4.247 22.092 2.234 192 181 149
4.635 22.090 2.380 192 181 151
4.218 22.092 2.394 146 134 110
4.107 22.093 2.195 193 181 159
4.568 22.091 2.344 191 182 149
4.302 22.092 2.385 204 193 165
4.202 22.092 2.264 192 183 152
4.161 22.093 2.342 198 188 163
4.511 22.091 2.353 191 182 151
4.167 22.093 2.230 190 179 149
4.629 22.090 2.367 189 179 144
4.359 22.092 2.369 197 187 160
3.968 22.094 2.344 199 187 161
4.248 22.092 2.390 138 123 100
3.950 22.095 2.361 199 187 161
4.415 22.091 2.332 194 184 159
4.048 22.093 2.389 128 116 92
4.065 22.093 2.223 194 181 162
4.031 22.093 2.313 199 187 165
4.229 22.092 2.289 197 187 162
4.142 22.093 2.281 196 185 157
3.929 22.095 2.385 140 127 95
4.253 22.092 2.281 196 184 158
4.255 22.092 2.270 194 183 153
4.155 22.093 2.382 206 193 174
4.114 22.093 2.304 199 187 163
4.274 22.092 2.359 196 188 165
4.020 22.094 2.302 198 188 161
4.415 22.091 2.288 194 185 156
4.223 22.092 2.348 196 188 165
4.352 22.092 2.315 194 184 157
4.408 22.091 2.384 198 188 161
4.050 22.093 2.401 151 138 119
4.214 22.092 2.385 205 190 169
4.305 22.092 2.360 196 189 163
4.259 22.092 2.252 194 180 151
3.975 22.094 2.337 199 188 160
4.307 22.092 2.258 195 182 148
4.032 22.093 2.290 197 187 162
3.919 22.095 2.390 142 128 101
4.094 22.093 2.304 199 187 163
4.290 22.092 2.309 197 187 162
4.256 22.092 2.299 197 187 162
4.190 22.092 2.206 189 178 146
4.343 22.092 2.260 194 181 146
4.258 22.092 2.311 198 187 165
4.303 22.092 2.312 196 186 161
4.184 22.092 2.284 195 184 156
4.328 22.092 2.283 192 185 156
4.382 22.092 2.275 193 182 150
4.550 22.091 2.363 192 183 152
4.132 22.093 2.396 150 137 121
4.255 22.092 2.336 197 186 166
4.366 22.092 2.270 195 182 148
4.547 22.091 2.320 190 184 152
3.969 22.095 2.394 150 140 115
4.107 22.093 2.211 192 180 158
4.023 22.094 2.330 200 188 164
3.957 22.095 2.362 199 187 161
4.163 22.093 2.308 198 186 160
4.167 22.093 2.389 147 134 117
4.317 22.092 2.363 199 189 164
4.204 22.092 2.309 199 188 166
3.948 22.095 2.346 198 186 160
4.336 22.092 2.252 192 182 147
4.176 22.093 2.260 191 182 149
4.048 22.093 2.259 193 182 162
3.999 22.094 2.311 198 186 160
4.075 22.093 2.362 202 191 169
4.141 22.093 2.391 132 119 103
4.020 22.094 2.398 153 142 120
4.263 22.092 2.237 192 181 149
4.009 22.094 2.260 195 185 160
4.034 22.093 2.288 197 187 162
4.388 22.092 2.358 197 187 160
4.226 22.092 2.249 193 179 150
4.049 22.093 2.330 202 190 168
4.325 22.092 2.287 193 188 158
3.934 22.095 2.366 200 188 162
4.071 22.093 2.320 201 189 165
4.147 22.093 2.323 198 186 160
4.206 22.092 2.235 192 178 149
4.235 22.092 2.265 194 183 153
4.150 22.093 2.301 197 185 159
4.257 22.092 2.328 197 186 166
4.018 22.094 2.299 198 188 161
4.140 22.093 2.298 198 186 160
4.332 22.092 2.340 196 186 161
4.349 22.092 2.371 197 187 160
4.038 22.093 2.268 195 184 162
3.994 22.094 2.287 196 187 158
4.282 22.092 2.344 198 187 165
4.065 22.093 2.210 196 183 164
4.265 22.092 2.234 193 182 150
3.935 22.095 2.405 141 128 109
4.169 22.093 2.315 198 186 160
4.123 22.093 2.210 192 180 156
4.736 22.090 2.380 184 173 141
4.190 22.092 2.252 194 181 149
4.425 22.091 2.384 203 193 166
4.205 22.092 2.286 197 185 159
4.151 22.093 2.239 191 182 151
4.072 22.093 2.249 194 181 162
4.204 22.092 2.241 193 180 148
4.180 22.093 2.235 191 180 150
4.065 22.093 2.258 193 182 162
4.309 22.092 2.270 192 183 150
3.977 22.094 2.338 200 188 162
4.167 22.093 2.385 188 175 158
4.360 22.092 2.283 192 186 154
4.246 22.092 2.243 193 179 152
4.030 22.093 2.281 197 186 164
4.460 22.091 2.351 190 181 152
4.411 22.091 2.361 195 185 158
4.121 22.093 2.329 197 187 160
4.098 22.093 2.198 192 180 158
4.252 22.092 2.286 197 185 159
4.006 22.094 2.363 201 189 165
4.255 22.092 2.327 197 186 164
3.910 22.095 2.404 142 129 110
4.084 22.093 2.373 201 190 168
3.973 22.094 2.349 200 188 162
4.059 22.093 2.287 196 188 165
4.283 22.092 2.268 194 183 153
4.532 22.091 2.315 190 181 150
4.362 22.092 2.344 196 186 159
4.042 22.093 2.316 200 188 166
4.615 22.091 2.355 191 181 145
4.382 22.092 2.266 192 182 147
4.406 22.091 2.391 139 128 100
4.275 22.092 2.366 199 189 164
4.268 22.092 2.262 194 183 153
4.224 22.092 2.380 200 189 167
4.080 22.093 2.234 193 180 163
4.143 22.093 2.276 195 184 156
4.436 22.091 2.382 196 186 161
4.070 22.093 2.279 197 186 164
4.379 22.092 2.348 193 183 156
4.169 22.093 2.235 191 180 148
4.237 22.092 2.352 197 189 166
4.347 22.092 2.316 194 184 157
4.366 22.092 2.294 192 186 154
4.486 22.091 2.373 196 186 159
4.696 22.090 2.376 186 175 143
4.104 22.093 2.332 199 189 164
4.428 22.091 2.373 195 185 158
4.128 22.093 2.217 189 182 154
4.030 22.093 2.251 195 182 163
4.133 22.093 2.335 199 187 161
4.461 22.091 2.351 190 181 152
4.327 22.092 2.247 192 181 149
4.297 22.092 2.316 197 187 162
4.222 22.092 2.245 193 179 152
4.231 22.092 2.363 197 189 166
4.152 22.093 2.340 198 188 161
4.116 22.093 2.394 145 132 116
4.238 22.092 2.372 199 188 166
4.587 22.091 2.325 190 182 146
4.278 22.092 2.373 198 188 163
4.154 22.093 2.272 195 184 156
4.019 22.094 2.366 202 190 164
4.546 22.091 2.357 193 184 153
4.240 22.092 2.391 132 117 94
3.959 22.095 2.398 154 141 125
4.125 22.093 2.305 198 186 160
4.257 22.092 2.302 197 187 162
4.217 22.092 2.328 197 186 166
4.041 22.093 2.301 198 188 163
4.223 22.092 2.290 197 187 162
4.465 22.091 2.384 200 190 165
4.296 22.092 2.373 198 187 165
4.074 22.093 2.289 197 186 166
4.311 22.092 2.291 195 185 158
4.000 22.094 2.400 153 142 120
4.690 22.090 2.372 191 180 148
3.970 22.094 2.347 200 188 162
4.644 22.090 2.381 190 179 147
4.095 22.093 2.264 194 184 159
4.210 22.092 2.338 196 189 163
4.107 22.093 2.338 199 187 161
4.237 22.092 2.335 198 187 167
4.277 22.092 2.326 197 186 164
4.255 22.092 2.393 119 104 81
4.101 22.093 2.390 137 124 108
4.402 22.091 2.384 201 191 164
4.064 22.093 2.375 200 189 167
3.928 22.095 2.380 204 194 159
4.457 22.091 2.325 192 183 154
4.174 22.093 2.295 197 185 159
4.107 22.093 2.221 193 181 159
4.323 22.092 2.267 194 183 151
4.556 22.091 2.343 194 185 152
4.598 22.091 2.358 190 181 148
4.675 22.090 2.356 188 178 143
4.114 22.093 2.330 199 189 164
4.475 22.091 2.290 194 181 149
4.293 22.092 2.350 197 187 162
4.248 22.092 2.292 196 186 161
4.220 22.092 2.380 200 189 167
4.458 22.091 2.370 196 186 161
4.034 22.093 2.264 195 184 164
4.324 22.092 2.305 194 187 158
4.540 22.091 2.376 197 187 160
4.154 22.093 2.315 198 186 160
4.709 22.090 2.366 184 174 139
4.083 22.093 2.207 193 180 161
4.025 22.093 2.306 197 187 160
4.493 22.091 2.377 195 185 158
4.472 22.091 2.289 194 180 151
4.131 22.093 2.236 191 181 154
4.509 22.091 2.372 194 185 156
4.063 22.093 2.204 198 185 166
4.604 22.091 2.335 194 182 144
4.681 22.090 2.357 187 177 142
4.442 22.091 2.355 195 186 157
4.043 22.093 2.220 196 183 164
4.595 22.091 2.372 191 180 150
3.975 22.094 2.350 200 188 162
4.197 22.092 2.342 198 188 163
4.317 22.092 2.305 194 187 158
3.954 22.095 2.353 200 188 164
4.650 22.090 2.377 190 179 147
4.277 22.092 2.289 195 185 158
3.959 22.095 2.350 200 188 162
4.112 22.093 2.357 199 189 164
4.315 22.092 2.344 197 187 162
3.973 22.094 2.396 143 132 110
3.961 22.095 2.370 198 187 159
4.070 22.093 2.379 206 195 175
4.361 22.092 2.268 191 181 145
4.341 22.092 2.290 195 188 159
4.573 22.091 2.358 193 184 153
4.156 22.093 2.268 194 183 155
3.991 22.094 2.346 199 189 164
4.085 22.093 2.324 199 188 166
4.288 22.092 2.356 196 188 165
4.033 22.093 2.391 140 128 102
4.563 22.091 2.378 192 181 153
4.400 22.092 2.391 145 133 107
4.501 22.091 2.346 193 184 151
4.258 22.092 2.378 198 186 162
4.096 22.093 2.347 201 189 165
4.511 22.091 2.340 192 183 150
4.074 22.093 2.384 195 182 165
4.006 22.094 2.336 200 190 165
4.177 22.093 2.294 197 185 159
4.407 22.091 2.336 194 187 158
4.499 22.091 2.329 193 182 152
3.919 22.095 2.391 151 139 113
4.077 22.093 2.345 202 190 168
4.316 22.092 2.330 195 184 162
4.469 22.091 2.339 192 181 149
4.438 22.091 2.364 194 184 157
4.430 22.091 2.359 194 184 157
3.964 22.095 2.372 200 189 161
3.975 22.094 2.337 199 188 160
4.650 22.090 2.384 192 181 149
4.328 22.092 2.326 196 186 161
4.076 22.093 2.400 156 143 127
4.236 22.092 2.326 197 186 164
4.120 22.093 2.189 192 182 157
4.041 22.093 2.341 201 189 165
4.006 22.094 2.267 196 186 159
4.562 22.091 2.343 192 183 150
3.971 22.094 2.397 150 139 119
4.062 22.093 2.320 200 188 166
4.385 22.092 2.350 195 185 158
4.239 22.092 2.339 196 188 165
4.296 22.092 2.315 197 187 162
4.053 22.093 2.377 203 192 170
4.091 22.093 2.212 192 179 160
4.385 22.092 2.281 194 183 151
4.463 22.091 2.350 191 182 153
4.418 22.091 2.374 195 185 158
4.174 22.093 2.232 192 181 151
4.699 22.090 2.382 185 174 142
4.107 22.093 2.282 198 186 160
4.476 22.091 2.378 196 186 161
4.420 22.091 2.321 194 185 156
4.395 22.092 2.386 198 188 161
4.297 22.092 2.359 197 190 164
4.406 22.091 2.341 195 186 157
4.069 22.093 2.191 196 184 168
4.296 22.092 2.381 201 186 165
4.350 22.092 2.287 191 186 154
4.005 22.094 2.378 206 195 165
3.969 22.094 2.355 200 188 164
4.537 22.091 2.332 190 184 152
3.971 22.094 2.350 200 188 162
4.067 22.093 2.248 193 180 161
4.092 22.093 2.204 192 179 160
4.304 22.092 2.257 194 181 147
4.490 22.091 2.381 194 184 157
4.078 22.093 2.244 194 181 162
3.931 22.095 2.392 148 134 108
4.177 22.093 2.297 197 185 159
4.194 22.092 2.311 199 187 165
4.509 22.091 2.339 193 183 148
3.965 22.095 2.322 199 187 161
4.266 22.092 2.324 196 185 163
4.128 22.093 2.330 199 187 161
4.434 22.091 2.286 191 182 151
4.154 22.093 2.211 190 181 150
4.265 22.092 2.341 198 188 163
4.352 22.092 2.336 194 184 157
4.060 22.093 2.193 198 185 166
4.565 22.091 2.321 190 181 148
4.709 22.090 2.382 187 176 144
4.098 22.093 2.315 199 189 164
4.505 22.091 2.371 195 186 157
3.983 22.094 2.329 199 187 161
4.372 22.092 2.273 193 182 150
4.168 22.093 2.236 191 180 150
4.173 22.093 2.356 198 188 163
4.103 22.093 2.286 199 187 161
4.094 22.093 2.373 203 192 170
3.965 22.095 2.381 205 194 164
4.569 22.091 2.386 198 186 160
4.403 22.091 2.391 144 133 105
4.408 22.091 2.370 199 189 162
4.349 22.092 2.369 196 186 159
4.038 22.093 2.358 201 189 165
4.386 22.092 2.269 193 183 148
4.095 22.093 2.245 193 181 159
4.016 22.094 2.349 200 189 167
4.276 22.092 2.394 122 107 86
4.269 22.092 2.287 196 185 157
4.497 22.091 2.382 198 188 161
4.109 22.093 2.182 194 184 159
4.166 22.093 2.207 191 180 150
4.091 22.093 2.324 199 189 164
4.634 22.090 2.379 192 181 149
4.003 22.094 2.285 196 186 159
4.282 22.092 2.231 191 180 148
4.299 22.092 2.240 192 182 147
4.007 22.094 2.346 199 189 164
4.016 22.094 2.337 200 190 165
4.289 22.092 2.343 197 186 164
3.944 22.095 2.377 203 192 162
4.224 22.092 2.216 191 178 146
4.642 22.090 2.363 191 181 145
4.212 22.092 2.312 197 186 164
4.484 22.091 2.298 192 181 151
4.478 22.091 2.348 192 183 152
4.128 22.093 2.344 200 189 161
4.378 22.092 2.260 193 180 145
4.404 22.091 2.341 195 186 157
4.320 22.092 2.276 192 183 152
4.092 22.093 2.187 195 184 166
4.696 22.090 2.373 183 172 140
4.490 22.091 2.337 192 181 149
4.266 22.092 2.263 193 182 152
4.298 22.092 2.244 193 180 146
4.122 22.093 2.272 193 184 155
4.313 22.092 2.341 198 188 163
4.467 22.091 2.322 192 181 153
4.573 22.091 2.355 192 183 150
4.218 22.092 2.392 126 111 90
4.113 22.093 2.213 193 181 157
4.294 22.092 2.238 190 179 147
4.133 22.093 2.310 198 186 160
4.395 22.092 2.345 194 185 156
4.025 22.093 2.373 200 189 161
4.470 22.091 2.307 192 181 153
4.305 22.092 2.250 193 180 146
4.352 22.092 2.348 196 186 159
4.382 22.092 2.367 195 185 158
4.132 22.093 2.226 192 182 155
4.206 22.092 2.321 197 186 166
4.046 22.093 2.283 195 187 164
4.244 22.092 2.224 192 179 147
4.191 22.092 2.313 199 187 165
4.427 22.091 2.364 195 185 158
4.234 22.092 2.286 197 185 159
4.036 22.093 2.262 193 182 162
4.461 22.091 2.377 195 185 160
4.282 22.092 2.339 198 187 165
3.942 22.095 2.371 201 190 162
4.590 22.091 2.386 193 182 154
4.396 22.092 2.299 195 186 157
4.146 22.093 2.296 198 186 160
4.109 22.093 2.352 199 189 162
4.199 22.092 2.381 203 191 169
3.951 22.095 2.258 197 186 154
3.907 22.095 2.199 198 185 153
3.915 22.095 2.313 198 188 161
3.887 22.095 2.200 199 186 154
3.997 22.094 2.179 197 187 160
3.957 22.095 2.247 196 185 153
3.894 22.095 2.253 195 185 150
3.926 22.095 2.249 196 186 151
4.009 22.094 2.237 197 186 164
3.949 22.095 2.196 197 187 152
3.901 22.095 2.300 197 187 160
3.895 22.095 2.179 200 186 157
3.963 22.095 2.244 198 185 153
3.989 22.094 2.189 197 187 162
3.913 22.095 2.214 197 184 152
3.952 22.095 2.305 198 186 160
4.010 22.094 2.203 198 187 165
3.906 22.095 2.395 148 136 114
3.920 22.095 2.270 197 186 156
3.872 22.095 2.167 201 188 156
3.965 22.095 2.304 198 186 160
4.017 22.094 2.236 195 184 162
3.869 22.095 2.169 201 188 154
3.995 22.094 2.194 198 188 161
3.974 22.094 2.161 202 192 167
3.898 22.095 2.250 195 185 150
3.939 22.095 2.256 196 188 152
3.915 22.095 2.274 197 186 158
3.930 22.095 2.204 198 185 153
3.956 22.095 2.267 196 187 156
3.914 22.095 2.270 197 186 156
4.038 22.093 2.182 199 186 169
3.938 22.095 2.170 200 187 153
3.938 22.095 2.217 197 184 150
3.899 22.095 2.169 199 186 154
3.889 22.095 2.214 199 186 152
3.885 22.095 2.291 198 186 162
3.899 22.095 2.201 198 185 153
3.892 22.095 2.263 196 185 155
3.910 22.095 2.326 198 186 160
3.885 22.095 2.253 194 184 149
3.972 22.094 2.214 197 188 155
4.046 22.093 2.169 200 187 170
3.910 22.095 2.297 199 188 160
3.972 22.094 2.159 203 195 172
3.943 22.095 2.189 198 188 153
3.908 22.095 2.332 198 186 160
3.896 22.095 2.321 198 189 160
4.022 22.094 2.234 195 184 164
3.976 22.094 2.254 198 187 157
3.929 22.095 2.161 203 193 166
3.898 22.095 2.373 199 188 158
3.957 22.095 2.180 195 185 150
4.013 22.094 2.191 197 186 168
4.028 22.093 2.163 199 190 173
4.053 22.093 2.167 195 183 167
3.923 22.095 2.308 197 187 160
3.948 22.095 2.162 199 189 162
3.994 22.094 2.206 197 188 159
3.978 22.094 2.253 198 187 157
3.920 22.095 2.215 198 184 155
3.939 22.095 2.285 199 188 160
3.915 22.095 2.331 200 186 160
3.984 22.094 2.164 197 187 162
4.038 22.093 2.216 196 183 164
3.898 22.095 2.312 196 189 161
3.893 22.095 2.280 198 187 159
4.018 22.094 2.238 195 184 162
3.911 22.095 2.291 198 187 159
3.896 22.095 2.261 196 185 153
3.900 22.095 2.388 134 120 93
4.009 22.094 2.182 198 188 163
3.918 22.095 2.161 203 193 166
3.990 22.094 2.178 198 186 160
3.895 22.095 2.279 197 186 158
3.894 22.095 2.282 198 187 159
4.027 22.093 2.189 199 188 166
3.895 22.095 2.376 200 189 157
3.903 22.095 2.241 195 185 149
3.920 22.095 2.308 197 187 160
3.942 22.095 2.208 196 186 151
3.994 22.094 2.198 198 189 160
3.955 22.095 2.167 197 186 154
3.945 22.095 2.293 200 189 161
4.015 22.094 2.240 195 184 162
3.937 22.095 2.306 198 186 160
3.919 22.095 2.300 199 188 160
3.938 22.095 2.204 196 186 151
3.902 22.095 2.370 198 187 159
3.967 22.095 2.300 199 188 160
3.997 22.094 2.223 197 188 159
4.012 22.094 2.244 195 184 162
3.905 22.095 2.232 197 184 152
3.954 22.095 2.294 199 188 160
4.019 22.094 2.236 195 184 164
3.936 22.095 2.197 196 185 153
4.000 22.094 2.172 198 186 160
3.908 22.095 2.389 143 129 102
3.911 22.095 2.191 199 186 154
3.882 22.095 2.223 197 184 150
3.917 22.095 2.263 197 186 156
3.939 22.095 2.259 196 187 154
4.000 22.094 2.245 197 185 161
3.982 22.094 2.258 197 186 158
4.025 22.093 2.220 197 186 164
3.945 22.095 2.336 198 187 159
3.890 22.095 2.221 198 185 151
3.974 22.094 2.214 196 187 156
4.037 22.093 2.167 201 188 171
3.942 22.095 2.210 196 186 151
3.909 22.095 2.326 197 185 159
3.963 22.095 2.241 198 185 153
4.031 22.093 2.218 196 183 164
3.955 22.095 2.232 198 184 155
3.897 22.095 2.257 195 184 152
3.964 22.095 2.298 199 188 160
3.981 22.094 2.273 197 186 158
3.979 22.094 2.188 193 186 157
3.897 22.095 2.191 198 184 155
3.910 22.095 2.224 197 184 152
3.930 22.095 2.224 197 184 152
3.986 22.094 2.207 197 188 157
3.896 22.095 2.276 197 186 158
3.905 22.095 2.204 199 186 154
3.923 22.095 2.169 198 187 155
3.878 22.095 2.168 200 187 155
3.944 22.095 2.285 198 189 160
4.014 22.094 2.225 196 185 163
3.910 22.095 2.198 198 185 153
4.038 22.093 2.181 198 185 166
3.898 22.095 2.227 198 185 153
3.986 22.094 2.265 198 187 159
3.949 22.095 2.201 196 186 151
3.962 22.095 2.176 195 184 152
4.054 22.093 2.190 198 186 170
3.899 22.095 2.212 198 185 151
4.044 22.093 2.204 197 184 165
3.931 22.095 2.258 196 185 153
3.977 22.094 2.160 200 190 165
3.975 22.094 2.221 198 187 157
3.993 22.094 2.174 198 187 159
3.997 22.094 2.212 197 188 159
3.954 22.095 2.272 197 188 159
3.881 22.095 2.228 197 184 150
4.025 22.093 2.189 199 188 166
3.995 22.094 2.181 198 188 161
3.966 22.095 2.210 196 187 154
3.915 22.095 2.300 199 188 160
3.935 22.095 2.352 199 187 163
3.958 22.095 2.244 195 184 152
4.007 22.094 2.176 198 186 160
3.937 22.095 2.240 196 188 151
4.038 22.093 2.204 198 185 166
3.966 22.095 2.277 196 189 160
3.881 22.095 2.227 197 184 150
3.955 22.095 2.245 196 186 151
3.944 22.095 2.183 197 187 151
3.908 22.095 2.299 197 187 160
3.905 22.095 2.289 198 186 160
3.892 22.095 2.212 198 185 151
3.973 22.094 2.307 197 185 159
3.934 22.095 2.220 198 185 151
3.950 22.095 2.327 199 187 161
3.946 22.095 2.292 199 188 158
3.924 22.095 2.250 196 186 151
3.926 22.095 2.223 198 184 155
3.984 22.094 2.211 196 187 156
3.929 22.095 2.355 198 188 161
3.943 22.095 2.162 193 186 158
4.063 22.093 2.177 199 186 169
3.999 22.094 2.179 197 187 160
3.888 22.095 2.258 195 184 152
3.943 22.095 2.329 198 186 160
3.905 22.095 2.163 198 187 159
4.005 22.094 2.229 198 188 163
3.923 22.095 2.306 197 188 159
3.882 22.095 2.264 195 184 152
3.893 22.095 2.183 200 186 159
3.987 22.094 2.212 197 188 157
3.957 22.095 2.322 197 185 159
3.953 22.095 2.256 197 186 154
3.871 22.095 2.158 210 204 178
3.928 22.095 2.365 199 187 163
3.940 22.095 2.187 197 187 151
3.959 22.095 2.249 196 185 153
3.945 22.095 2.163 199 190 159
3.928 22.095 2.187 196 186 151
3.903 22.095 2.313 198 188 161
3.894 22.095 2.264 196 185 155
4.043 22.093 2.188 198 185 168
3.906 22.095 2.307 197 187 160
3.948 22.095 2.265 196 187 156
3.979 22.094 2.270 197 186 158
3.924 22.095 2.350 196 187 158
3.975 22.094 2.180 197 188 157
4.004 22.094 2.228 198 188 163
3.940 22.095 2.198 196 185 153
3.912 22.095 2.242 196 186 150
3.929 22.095 2.255 196 186 151
3.885 22.095 2.246 196 186 151
3.904 22.095 2.189 196 185 155
4.049 22.093 2.185 198 185 168
3.895 22.095 2.192 198 184 155
3.880 22.095 2.183 201 186 155
3.930 22.095 2.181 200 187 152
3.953 22.095 2.265 195 186 155
3.949 22.095 2.165 196 187 156
3.916 22.095 2.285 198 186 160
3.946 22.095 2.298 200 189 161
4.040 22.093 2.200 199 186 167
3.997 22.094 2.196 198 188 161
4.058 22.093 2.189 198 186 170
4.020 22.094 2.204 198 187 167
3.910 22.095 2.272 197 186 158
3.982 22.094 2.292 198 189 160
3.897 22.095 2.376 200 189 157
3.875 22.095 2.203 200 187 155
3.944 22.095 2.208 196 185 153
3.956 22.095 2.172 197 186 154
4.025 22.093 2.175 200 188 164
4.019 22.094 2.244 194 183 161
4.034 22.093 2.187 200 187 170
3.919 22.095 2.211 196 182 153
3.943 22.095 2.336 198 187 159
3.911 22.095 2.345 197 187 160
3.895 22.095 2.374 201 190 160
3.895 22.095 2.193 198 184 155
3.883 22.095 2.271 195 186 155
4.009 22.094 2.182 198 188 163
3.948 22.095 2.193 197 189 153
3.978 22.094 2.283 195 188 159
3.967 22.095 2.173 196 185 153
3.882 22.095 2.169 201 186 153
4.056 22.093 2.185 199 186 169
4.009 22.094 2.166 197 186 164
4.015 22.094 2.227 196 185 163
3.977 22.094 2.202 196 187 154
4.019 22.094 2.231 196 185 163
3.980 22.094 2.247 197 185 159
3.949 22.095 2.220 198 185 153
3.994 22.094 2.189 197 187 162
3.950 22.095 2.204 196 185 153
3.967 22.095 2.207 196 187 154
3.958 22.095 2.228 197 186 156
3.899 22.095 2.319 197 188 159
3.982 22.094 2.254 199 188 160
3.940 22.095 2.166 198 187 155
3.880 22.095 2.253 195 185 150
3.905 22.095 2.211 197 184 152
3.911 22.095 2.382 175 162 128
4.062 22.093 2.183 199 186 170
3.912 22.095 2.390 138 124 97
3.949 22.095 2.161 199 189 162
3.890 22.095 2.324 197 188 159
3.918 22.095 2.175 199 186 152
3.963 22.095 2.258 197 186 156
3.927 22.095 2.227 198 185 153
3.895 22.095 2.173 199 185 156
3.887 22.095 2.259 195 184 152
3.920 22.095 2.259 196 185 153
3.900 22.095 2.360 197 185 161
3.926 22.095 2.282 198 187 159
3.931 22.095 2.259 196 188 152
3.990 22.094 2.238 196 184 158
3.906 22.095 2.197 198 185 153
3.914 22.095 2.341 197 187 162
3.851 22.093 2.434 200 189 169
3.862 22.092 2.434 199 188 168
3.879 22.094 2.421 196 185 165
3.899 22.087 2.443 201 189 167
3.845 22.087 2.464 189 178 150
3.788 22.093 2.462 123 115 94
3.883 22.087 2.452 207 197 172
3.835 22.093 2.441 203 192 170
3.871 22.090 2.444 201 190 168
3.816 22.091 2.460 172 160 134
3.866 22.093 2.429 199 188 170
3.817 22.092 2.454 204 193 165
3.799 22.091 2.467 131 123 102
3.853 22.094 2.432 196 185 165
3.871 22.090 2.440 200 189 169
3.884 22.094 2.417 198 188 163
3.847 22.088 2.461 204 193 165
3.898 22.086 2.450 202 191 169
3.823 22.088 2.468 133 123 98
3.851 22.093 2.436 201 190 170
3.888 22.090 2.434 201 188 169
3.890 22.089 2.440 203 190 171
3.826 22.089 2.463 159 149 122
3.875 22.094 2.421 198 187 167
3.897 22.089 2.435 202 189 170
3.862 22.090 2.447 205 195 170
3.869 22.091 2.438 200 189 169
3.880 22.090 2.438 200 189 169
3.892 22.091 2.431 202 189 170
3.868 22.089 2.448 204 194 169
3.864 22.094 2.428 199 188 170
3.784 22.094 2.460 134 123 103
3.803 22.092 2.459 133 123 98
3.882 22.090 2.436 202 189 170
3.779 22.093 2.466 124 115 98
3.796 22.092 2.464 125 117 96
3.796 22.092 2.461 130 119 97
3.870 22.088 2.453 203 193 168
3.877 22.085 2.460 143 132 104
3.872 22.085 2.464 197 186 158
3.869 22.094 2.293 197 188 159
3.715 22.084 2.165 150 143 117
3.748 22.086 2.250 194 186 147
3.694 22.083 2.184 197 187 152
3.835 22.092 2.248 197 187 151
3.817 22.090 2.308 197 187 160
3.777 22.088 2.239 193 187 151
3.856 22.093 2.319 198 188 161
3.818 22.091 2.277 197 188 159
3.769 22.088 2.214 195 187 151
3.818 22.091 2.199 197 189 152
3.868 22.094 2.253 195 185 150
3.802 22.090 2.177 196 190 154
3.811 22.090 2.228 196 188 151
3.845 22.093 2.257 197 187 152
3.770 22.087 2.249 194 186 149
3.746 22.086 2.211 194 186 150
3.832 22.091 2.298 197 187 160
3.788 22.088 2.300 198 188 161
3.759 22.087 2.228 194 186 150
3.846 22.092 2.352 197 187 162
3.865 22.093 2.311 195 188 160
3.651 22.080 2.178 194 184 149
3.850 22.092 2.344 198 188 161
3.672 22.081 2.190 194 181 146
3.848 22.092 2.308 195 188 160
3.820 22.091 2.206 198 190 154
3.657 22.080 2.176 188 178 143
3.775 22.087 2.284 195 188 159
3.782 22.089 2.189 196 188 152
3.799 22.090 2.228 196 188 152
3.867 22.093 2.333 197 185 161
3.835 22.092 2.208 198 190 154
3.711 22.084 2.184 196 186 151
3.760 22.086 2.279 194 188 156
3.831 22.091 2.285 196 186 159
3.725 22.085 2.184 195 185 150
3.844 22.093 2.184 196 190 154
3.857 22.093 2.328 199 187 163
3.813 22.091 2.184 196 190 156
3.837 22.092 2.280 196 187 158
3.758 22.087 2.218 195 187 151
3.758 22.087 2.232 194 186 150
3.732 22.085 2.222 193 185 149
3.815 22.091 2.199 197 189 153
3.707 22.083 2.221 192 184 147
3.863 22.094 2.258 195 184 152
3.809 22.090 2.285 197 187 160
3.741 22.086 2.169 205 196 165
3.874 22.094 2.334 196 184 158
3.888 22.094 2.379 199 189 154
3.827 22.092 2.227 197 189 152
3.680 22.082 2.198 193 183 147
3.859 22.094 2.193 197 187 152
3.810 22.090 2.249 195 185 149
3.678 22.082 2.191 195 182 147
3.720 22.084 2.222 193 185 149
3.767 22.088 2.212 196 188 152
3.879 22.094 2.370 196 185 157
3.713 22.084 2.204 194 186 149
3.776 22.088 2.250 195 187 150
3.714 22.084 2.198 195 185 149
3.753 22.086 2.260 196 187 148
3.842 22.093 2.163 198 189 156
3.873 22.093 2.382 206 196 160
3.802 22.089 2.304 197 187 160
3.741 22.086 2.160 74 73 52
3.694 22.083 2.164 119 112 86
3.846 22.092 2.308 195 188 160
3.833 22.091 2.293 196 186 159
3.822 22.091 2.225 196 188 151
3.837 22.093 2.164 202 193 160
3.752 22.087 2.196 196 188 152
3.738 22.086 2.182 196 186 151
3.810 22.091 2.181 197 189 153
3.877 22.094 2.334 196 184 158
3.863 22.093 2.307 196 189 161
3.745 22.086 2.255 194 185 146
3.800 22.089 2.265 195 187 151
3.849 22.092 2.361 197 187 162
3.847 22.093 2.248 196 186 150
3.762 22.087 2.272 195 186 153
3.857 22.094 2.218 198 188 153
3.721 22.084 2.247 192 184 147
3.679 22.082 2.181 191 181 145
3.804 22.089 2.304 197 187 160
3.856 22.094 2.161 217 210 181
3.888 22.094 2.385 142 129 97
3.727 22.085 2.184 195 185 150
3.644 22.080 2.162 87 82 60
3.769 22.088 2.171 198 187 155
3.852 22.094 2.201 200 190 155
3.820 22.091 2.203 197 189 153
3.838 22.091 2.337 195 188 160
3.881 22.094 2.322 198 188 163
3.863 22.093 2.343 197 187 160
3.782 22.089 2.201 196 188 152
3.840 22.093 2.187 196 190 154
3.885 22.095 2.313 195 188 159
3.801 22.090 2.184 198 190 154
3.874 22.093 2.377 199 188 160
3.680 22.082 2.185 196 186 150
3.739 22.086 2.213 193 185 149
3.802 22.089 2.299 198 188 161
3.864 22.095 2.182 201 188 154
3.875 22.094 2.331 197 185 161
3.775 22.088 2.213 196 188 152
3.839 22.093 2.166 199 191 155
3.877 22.095 2.277 196 187 158
3.760 22.088 2.169 204 195 164
3.779 22.088 2.299 199 190 161
3.706 22.083 2.214 193 185 148
3.837 22.092 2.221 198 188 153
3.793 22.089 2.237 197 187 151
3.839 22.092 2.296 197 188 159
3.877 22.095 2.263 195 184 152
3.749 22.086 2.262 195 185 149
3.721 22.085 2.184 194 184 149
3.654 22.080 2.170 108 101 73
3.866 22.093 2.329 198 186 162
3.765 22.087 2.282 194 188 156
3.837 22.091 2.343 196 189 161
3.748 22.087 2.166 205 200 171
3.819 22.091 2.212 198 190 154
3.694 22.083 2.203 193 185 146
3.852 22.093 2.309 195 188 160
3.729 22.085 2.212 193 185 149
3.826 22.091 2.237 196 186 150
3.847 22.092 2.336 198 188 161
3.761 22.088 2.179 195 185 150
3.854 22.093 2.300 197 187 160
3.726 22.085 2.202 195 187 150
3.732 22.086 2.177 196 183 149
3.874 22.094 2.300 195 188 160
3.722 22.085 2.209 194 186 149
3.851 22.093 2.279 196 187 158
3.828 22.091 2.283 193 186 157
3.792 22.089 2.260 195 187 150
3.733 22.086 2.176 201 188 154
3.849 22.094 2.162 195 186 153
3.695 22.083 2.165 116 109 83
3.823 22.091 2.274 197 188 157
3.871 22.095 2.238 198 185 150
3.775 22.088 2.194 197 189 153
3.870 22.093 2.347 196 184 160
3.839 22.092 2.307 195 188 160
3.728 22.085 2.173 202 189 157
3.822 22.091 2.295 197 187 160
3.687 22.082 2.162 78 76 53
3.796 22.089 2.285 196 186 159
3.806 22.090 2.212 198 189 156
3.672 22.081 2.170 196 189 160
3.822 22.091 2.273 196 187 154
3.805 22.089 2.292 198 188 161
3.789 22.089 2.185 195 187 151
3.847 22.093 2.276 195 186 157
3.740 22.086 2.188 196 188 152
3.799 22.090 2.185 198 190 154
3.708 22.083 2.224 192 182 146
3.839 22.092 2.309 194 187 159
3.797 22.090 2.222 196 187 154
3.833 22.092 2.216 195 187 151
3.827 22.092 2.188 196 190 158
3.809 22.090 2.236 197 189 152
3.743 22.086 2.252 194 185 146
3.757 22.087 2.213 195 187 151
3.892 22.095 2.378 199 188 156
3.821 22.091 2.265 196 188 152
3.733 22.085 2.191 196 186 150
3.847 22.092 2.352 197 187 162
3.774 22.088 2.232 196 188 152
3.756 22.087 2.175 201 191 156
3.845 22.093 2.203 200 190 155
3.658 22.080 2.163 87 81 57
3.815 22.090 2.273 196 187 154
3.827 22.091 2.329 196 186 159
3.672 22.081 2.197 194 181 146
3.849 22.094 2.162 216 209 180
3.648 22.080 2.162 88 82 58
3.781 22.089 2.196 197 189 153
3.774 22.089 2.160 118 117 96
3.823 22.092 2.163 204 195 166
3.760 22.087 2.243 195 187 150
3.848 22.094 2.160 201 194 165
3.758 22.087 2.194 196 188 152
3.808 22.091 2.194 198 190 153
3.778 22.088 2.299 199 190 161
3.849 22.093 2.270 196 185 155
3.642 22.079 2.176 193 180 145
3.880 22.094 2.349 196 184 160
3.676 22.082 2.175 193 184 153
3.779 22.088 2.212 196 188 152
3.891 22.095 2.354 197 187 160
3.802 22.090 2.239 197 187 151
3.753 22.086 2.250 194 186 147
3.791 22.089 2.232 195 187 151
3.869 22.094 2.310 194 187 159
3.816 22.092 2.161 198 190 167
3.868 22.095 2.180 201 188 154
3.838 22.092 2.250 197 187 152
3.796 22.090 2.192 197 189 153
3.835 22.092 2.262 195 187 151
3.831 22.092 2.202 199 191 154
3.795 22.089 2.315 197 187 160
3.858 22.094 2.164 203 194 163
3.783 22.089 2.218 196 188 152
3.852 22.094 2.187 198 190 154
3.815 22.091 2.190 198 190 153
3.852 22.093 2.290 198 187 159
3.886 22.094 2.352 197 187 160
3.835 22.092 2.208 198 190 154
3.834 22.091 2.317 197 187 160
3.846 22.094 2.166 200 192 156
3.861 22.093 2.358 196 186 161
3.650 22.080 2.170 166 157 126
3.703 22.083 2.232 192 182 146
3.798 22.089 2.274 197 188 157
3.861 22.094 2.272 195 186 155
3.752 22.087 2.193 196 188 152
3.728 22.085 2.180 195 185 150
3.880 22.094 2.314 195 188 160
3.760 22.086 2.282 194 188 156
3.753 22.086 2.246 195 187 150
3.830 22.091 2.279 193 186 157
3.853 22.093 2.297 197 187 160
3.839 22.092 2.223 198 188 152
3.839 22.093 2.217 197 187 152
3.759 22.087 2.257 195 185 149
3.800 22.090 2.189 197 189 153
3.714 22.084 2.204 194 186 149
3.771 22.087 2.252 195 185 149
3.871 22.094 2.266 195 184 154
3.829 22.092 2.225 197 189 152
3.792 22.089 2.266 195 187 151
3.741 22.086 2.225 194 186 150
3.755 22.087 2.231 194 186 150
3.815 22.091 2.232 196 188 151
3.874 22.095 2.240 197 184 149
3.814 22.090 2.307 197 187 160
3.741 22.085 2.249 193 185 146
3.845 22.093 2.232 197 188 149
3.842 22.092 2.294 197 188 159
3.721 22.085 2.171 203 190 158
3.808 22.091 2.182 197 189 153
3.716 22.084 2.177 199 186 152
3.841 22.093 2.176 197 189 152
3.697 22.083 2.174 198 185 151
3.830 22.092 2.241 197 187 151
3.754 22.086 2.240 193 188 150
3.758 22.087 2.189 196 188 152
3.824 22.092 2.179 197 189 152
3.737 22.085 2.238 194 186 150
3.774 22.087 2.284 194 187 158
3.791 22.089 2.259 195 187 150
3.861 22.095 2.171 201 188 154
3.711 22.084 2.179 198 185 151
3.699 22.083 2.173 206 193 161
3.732 22.085 2.184 197 187 152
3.740 22.085 2.247 194 186 147
3.694 22.083 2.177 194 181 147
3.884 22.094 2.388 141 127 100
3.660 22.080 2.192 194 182 144
3.853 22.092 2.351 197 187 162
3.663 22.081 2.186 194 182 144
3.756 22.086 2.263 195 185 149
3.721 22.085 2.160 85 82 63
3.862 22.093 2.356 196 186 161
3.863 22.094 2.210 198 188 153
3.786 22.089 2.237 193 187 151
3.814 22.091 2.184 196 190 156
3.837 22.091 2.328 197 185 161
3.869 22.094 2.284 197 188 159
3.773 22.088 2.165 204 199 170
3.806 22.090 2.250 195 185 149
3.763 22.087 2.273 195 186 153
3.749 22.086 2.271 194 186 150
3.841 22.092 2.318 194 187 159
3.872 22.093 2.370 197 186 158
3.731 22.085 2.242 193 185 149
3.734 22.085 2.191 196 186 150
3.768 22.087 2.231 195 187 151
3.769 22.088 2.204 197 189 153
3.717 22.084 2.216 194 186 149
3.808 22.090 2.251 195 185 149
3.749 22.086 2.272 195 186 153
3.741 22.086 2.235 195 187 151
3.797 22.090 2.227 195 187 151
3.744 22.086 2.232 194 186 150
3.878 22.095 2.274 196 187 158
3.688 22.082 2.193 194 184 148
3.839 22.091 2.328 197 185 161
3.869 22.093 2.358 196 184 160
3.851 22.093 2.211 198 188 153
3.704 22.084 2.177 196 183 149
3.803 22.091 2.168 197 192 162
3.847 22.093 2.260 196 185 153
3.860 22.093 2.302 194 187 159
3.790 22.089 2.255 195 187 150
3.790 22.088 2.303 198 188 161
3.635 22.079 2.169 87 79 56
3.806 22.090 2.212 198 189 156
3.843 22.093 2.237 198 185 150
3.761 22.087 2.224 195 187 151
3.877 22.095 2.264 195 184 152
3.815 22.091 2.186 196 190 156
3.733 22.086 2.160 79 76 57
3.869 22.095 2.200 200 187 155
3.799 22.089 2.282 194 187 158
3.857 22.093 2.271 195 186 155
3.719 22.084 2.187 196 188 152
3.813 22.091 2.194 198 190 153
3.859 22.092 2.370 196 187 158
3.815 22.091 2.202 197 189 153
3.723 22.084 2.240 193 185 149
3.792 22.089 2.280 195 188 159
3.786 22.088 2.273 196 187 154
3.751 22.087 2.193 196 188 152
3.829 22.091 2.277 196 187 158
3.829 22.092 2.241 196 186 150
3.684 22.103 2.424 197 186 156
3.614 22.104 2.444 119 107 81
3.817 22.098 2.416 193 185 164
3.686 22.100 2.452 134 127 99
3.821 22.094 2.443 215 203 179
3.649 22.104 2.433 205 195 160
3.812 22.098 2.418 197 186 166
3.843 22.097 2.412 200 189 167
3.843 22.095 2.429 195 184 166
3.774 22.096 2.445 156 144 118
3.599 22.105 2.440 142 130 104
3.722 22.099 2.440 167 158 127
3.643 22.103 2.441 184 173 141
3.762 22.094 2.463 122 114 95
3.725 22.102 2.421 197 187 160
3.775 22.094 2.458 144 133 111
3.783 22.098 2.430 202 191 169
3.583 22.107 2.437 143 132 104
3.657 22.101 2.452 121 111 84
3.663 22.102 2.441 131 120 88
3.654 22.104 2.433 170 160 125
3.700 22.099 2.455 137 130 104
3.603 22.107 2.428 165 154 124
3.692 22.100 2.443 146 137 106
3.761 22.098 2.432 204 194 169
3.751 22.100 2.423 198 187 165
3.809 22.097 2.423 198 187 169
3.667 22.104 2.428 182 172 137
3.795 22.096 2.437 204 193 171
3.704 22.099 2.446 161 152 123
3.785 22.098 2.428 199 187 171
3.682 22.102 2.435 152 142 107
3.844 22.094 2.432 195 184 166
3.603 22.105 2.444 131 119 95
3.632 22.105 2.431 157 147 112
3.685 22.102 2.437 159 148 116
3.706 22.098 2.456 123 116 90
3.674 22.103 2.434 172 162 127
3.800 22.097 2.432 196 185 163
3.589 22.106 2.439 106 97 68
3.777 22.097 2.437 205 195 170
3.713 22.101 2.435 191 182 151
3.830 22.094 2.438 206 194 170
3.755 22.099 2.430 195 185 160
3.709 22.097 2.462 140 132 111
3.828 22.095 2.430 209 196 177
3.544 22.109 2.434 145 134 104
3.730 22.101 2.427 197 187 160
3.724 22.101 2.427 198 188 161
3.652 22.103 2.436 146 136 101
3.655 22.104 2.427 194 183 151
3.718 22.097 2.463 124 116 95
3.610 22.105 2.436 183 172 144
3.544 22.109 2.433 145 134 104
3.648 22.104 2.434 205 195 160
3.674 22.102 2.438 135 124 92
3.837 22.097 2.416 199 188 166
3.652 22.104 2.429 175 165 130
3.741 22.099 2.439 185 175 148
3.609 22.105 2.437 183 172 144
3.639 22.104 2.438 184 173 141
3.684 22.101 2.443 141 132 101
3.857 22.095 2.422 199 188 168
3.680 22.102 2.436 182 172 137
3.686 22.102 2.430 194 184 149
3.806 22.098 2.416 196 188 167
3.861 22.096 2.416 199 188 166
3.645 22.104 2.437 202 191 159
3.759 22.100 2.419 198 188 163
3.858 22.095 2.420 196 185 163
3.673 22.100 2.454 124 117 91
3.622 22.106 2.428 144 134 99
3.767 22.098 2.434 203 193 168
3.792 22.098 2.423 200 189 171
3.793 22.095 2.444 174 164 137
3.798 22.095 2.447 135 123 97
3.695 22.101 2.436 151 142 109
3.739 22.099 2.438 166 156 129
3.591 22.107 2.430 152 143 110
3.632 22.104 2.437 174 163 131
3.793 22.099 2.419 199 188 168
3.814 22.096 2.430 198 187 167
3.772 22.095 2.451 207 195 171
3.754 22.094 2.466 124 116 97
3.679 22.099 2.457 123 116 90
3.565 22.107 2.438 146 132 106
3.685 22.103 2.426 199 188 158
3.788 22.096 2.444 160 150 123
3.785 22.098 2.426 199 187 171
3.722 22.101 2.427 199 189 162
3.780 22.096 2.447 170 158 134
3.819 22.097 2.421 200 189 171
3.844 22.097 2.412 198 187 165
3.827 22.096 2.427 196 184 168
3.561 22.107 2.440 150 135 112
3.639 22.102 2.452 127 115 93
3.651 22.103 2.437 193 182 150
3.772 22.094 2.461 123 112 92
3.794 22.096 2.436 202 191 169
3.828 22.096 2.429 209 196 177
3.718 22.100 2.436 201 192 161
3.677 22.103 2.432 200 190 155
3.647 22.102 2.445 169 158 128
3.661 22.098 2.366 191 182 143
3.620 22.104 2.404 189 179 144
3.629 22.088 2.260 189 175 138
3.547 22.101 2.354 187 179 142
3.790 22.092 2.349 194 188 156
3.537 22.099 2.336 195 181 144
3.691 22.086 2.259 190 181 142
3.577 22.081 2.177 190 178 138
3.789 22.097 2.393 146 134 110
3.597 22.088 2.249 188 175 131
3.733 22.086 2.270 192 186 150
3.602 22.095 2.315 189 180 139
3.689 22.098 2.368 193 185 148
3.640 22.105 2.420 195 186 147
3.676 22.093 2.323 193 184 153
3.626 22.092 2.292 188 178 142
3.584 22.108 2.429 163 150 118
3.652 22.092 2.301 188 179 146
3.646 22.088 2.261 191 179 141
3.661 22.098 2.365 191 182 143
3.665 22.091 2.295 191 183 147
3.580 22.081 2.172 185 175 139
3.854 22.095 2.398 146 134 112
3.640 22.080 2.184 191 177 132
3.762 22.098 2.390 149 137 111
3.642 22.093 2.304 189 179 143
3.869 22.095 2.398 150 138 116
3.584 22.087 2.235 183 174 131
3.575 22.085 2.206 186 174 132
3.562 22.093 2.287 187 178 139
3.870 22.096 2.409 205 194 172
3.576 22.095 2.302 189 180 141
3.718 22.094 2.338 195 185 158
3.636 22.089 2.268 191 177 140
3.781 22.098 2.405 193 186 160
3.681 22.093 2.325 193 184 153
3.552 22.102 2.367 176 166 130
3.683 22.086 2.258 190 181 142
3.810 22.093 2.359 196 189 161
3.575 22.104 2.388 143 134 105
3.640 22.083 2.210 192 178 141
3.824 22.094 2.372 197 188 157
3.583 22.087 2.230 183 174 131
3.634 22.087 2.250 189 175 136
3.698 22.087 2.269 191 183 147
3.581 22.082 2.187 186 171 128
3.677 22.100 2.382 141 130 100
3.751 22.099 2.403 181 173 150
3.612 22.099 2.355 187 179 140
3.588 22.086 2.226 183 174 131
3.582 22.104 2.394 175 164 136
3.579 22.096 2.316 187 178 139
3.573 22.093 2.288 188 179 140
3.650 22.093 2.308 188 179 146
3.780 22.096 2.382 161 148 113
3.585 22.094 2.300 187 178 139
3.581 22.086 2.226 184 175 132
3.549 22.105 2.397 191 180 150
3.628 22.095 2.325 188 179 140
3.691 22.093 2.327 192 183 154
3.605 22.095 2.314 189 180 139
3.667 22.102 2.402 195 186 157
3.765 22.099 2.406 197 190 164
3.842 22.093 2.377 198 189 160
3.649 22.101 2.383 146 134 108
3.545 22.099 2.331 191 177 140
3.817 22.098 2.409 199 191 170
3.645 22.088 2.263 190 178 140
3.689 22.091 2.308 193 184 155
3.653 22.095 2.327 187 179 143
3.615 22.087 2.245 189 176 134
3.535 22.101 2.347 190 181 142
3.719 22.101 2.411 194 187 161
3.603 22.103 2.388 142 131 103
3.668 22.081 2.201 194 182 144
3.590 22.089 2.257 186 174 132
3.581 22.085 2.215 185 176 133
3.707 22.085 2.250 192 182 146
3.617 22.094 2.309 187 178 139
3.667 22.083 2.224 194 182 144
3.628 22.081 2.192 192 177 136
3.643 22.082 2.201 192 176 140
3.678 22.103 2.416 192 181 153
3.585 22.080 2.163 97 94 63
3.694 22.086 2.259 191 181 145
3.607 22.096 2.321 188 179 138
3.687 22.102 2.406 199 189 162
3.818 22.094 2.376 197 186 154
3.576 22.101 2.361 189 180 141
3.721 22.085 2.257 191 183 146
3.739 22.091 2.323 198 188 161
3.638 22.092 2.302 189 179 143
3.581 22.083 2.194 186 174 132
3.663 22.103 2.405 193 184 153
3.639 22.095 2.324 188 179 140
3.840 22.092 2.362 196 189 163
3.548 22.098 2.329 188 179 140
3.805 22.091 2.339 198 186 162
3.716 22.085 2.252 191 183 146
3.678 22.102 2.410 193 183 156
3.585 22.084 2.207 186 174 132
3.670 22.100 2.385 148 137 109
3.561 22.096 2.313 188 179 140
3.614 22.099 2.352 186 178 139
3.639 22.087 2.247 191 177 140
3.661 22.091 2.299 190 181 148
3.833 22.093 2.373 197 188 159
3.839 22.095 2.389 140 129 99
3.631 22.088 2.261 190 176 139
3.625 22.092 2.294 188 178 142
3.864 22.095 2.395 144 132 108
3.594 22.085 2.213 183 174 131
3.721 22.096 2.365 193 184 155
3.557 22.097 2.323 189 180 141
3.746 22.100 2.406 193 186 160
3.661 22.083 2.217 193 181 143
3.544 22.101 2.352 186 177 138
3.609 22.090 2.272 190 178 140
3.790 22.096 2.383 156 142 107
3.738 22.093 2.335 196 185 163
3.716 22.094 2.346 195 186 155
3.593 22.097 2.333 190 177 142
3.552 22.107 2.414 196 185 153
3.626 22.080 2.177 191 178 143
3.564 22.095 2.305 187 178 139
3.582 22.098 2.334 190 177 142
3.720 22.101 2.406 194 187 161
3.568 22.098 2.329 191 182 143
3.717 22.089 2.292 195 186 157
3.599 22.092 2.283 190 181 142
3.678 22.083 2.222 193 180 145
3.613 22.081 2.186 189 175 130
3.726 22.101 2.413 193 186 160
3.676 22.082 2.211 195 182 147
3.686 22.095 2.342 190 184 150
3.637 22.097 2.342 188 178 142
3.592 22.080 2.167 110 106 71
3.689 22.091 2.309 193 184 155
3.710 22.094 2.337 194 184 157
3.743 22.090 2.311 197 187 160
3.669 22.082 2.207 195 183 145
3.668 22.093 2.320 192 183 150
3.711 22.088 2.280 192 183 150
3.681 22.097 2.358 194 186 150
3.730 22.086 2.266 190 185 147
3.697 22.092 2.312 193 184 155
3.562 22.089 2.248 186 174 132
3.883 22.095 2.402 151 138 119
3.752 22.090 2.316 196 186 161
3.555 22.104 2.384 154 145 114
3.553 22.096 2.310 191 182 143
3.756 22.099 2.405 196 189 163
3.698 22.100 2.391 151 142 111
3.536 22.107 2.409 177 166 136
3.727 22.088 2.288 194 184 157
3.655 22.102 2.394 149 140 111
3.646 22.099 2.362 191 179 141
3.847 22.097 2.411 200 189 167
3.569 22.085 2.213 185 173 131
3.599 22.106 2.421 194 183 153
3.588 22.082 2.182 186 173 131
3.571 22.096 2.317 188 179 140
3.823 22.092 2.359 194 187 161
3.787 22.091 2.337 198 186 162
3.649 22.087 2.254 191 179 141
3.586 22.093 2.292 187 178 139
3.626 22.086 2.234 188 177 132
3.552 22.092 2.274 190 177 142
3.596 22.094 2.300 187 178 139
3.744 22.099 2.395 145 134 112
3.608 22.099 2.350 186 178 139
3.668 22.098 2.368 194 185 146
3.542 22.106 2.404 189 178 148
3.563 22.104 2.388 138 129 98
3.759 22.098 2.389 152 140 114
3.750 22.094 2.351 194 184 157
3.724 22.090 2.308 197 187 160
3.632 22.088 2.261 190 176 139
3.713 22.090 2.302 193 184 155
3.675 22.098 2.363 193 183 147
3.531 22.109 2.429 165 154 122
3.624 22.087 2.245 189 175 136
3.833 22.092 2.360 194 187 161
3.629 22.104 2.408 187 177 141
3.557 22.088 2.231 186 174 132
3.594 22.080 2.165 86 81 49
3.803 22.097 2.398 145 133 111
3.617 22.099 2.354 186 178 139
3.598 22.101 2.369 187 174 139
3.628 22.101 2.378 132 120 80
3.728 22.089 2.295 195 185 158
3.786 22.097 2.392 151 137 110
3.769 22.093 2.350 197 188 159
3.625 22.095 2.319 188 179 140
3.540 22.102 2.358 185 175 139
3.596 22.104 2.397 191 180 150
3.578 22.095 2.308 188 179 140
3.659 22.104 2.423 195 184 154
3.710 22.093 2.331 195 186 157
3.580 22.107 2.424 170 157 123
3.599 22.093 2.292 187 178 139
3.597 22.102 2.381 147 135 109
3.581 22.092 2.282 189 176 141
3.585 22.093 2.292 187 178 139
3.616 22.092 2.290 187 177 141
3.557 22.094 2.295 189 180 141
3.844 22.095 2.388 129 118 88
3.729 22.088 2.289 194 184 157
3.729 22.093 2.336 196 186 161
3.580 22.107 2.418 196 183 149
3.622 22.098 2.348 186 178 139
3.734 22.088 2.286 195 185 158
3.759 22.089 2.311 197 187 160
3.684 22.099 2.378 123 114 75
3.536 22.107 2.406 178 167 137
3.601 22.105 2.412 189 178 146
3.687 22.084 2.236 191 181 145
3.782 22.095 2.369 201 190 158
3.558 22.100 2.345 188 178 142
3.570 22.091 2.266 188 176 136
3.645 22.100 2.373 183 171 131
3.684 22.091 2.304 193 184 153
3.691 22.096 2.356 193 187 155
3.584 22.094 2.298 187 178 139
3.550 22.104 2.385 138 129 98
3.826 22.097 2.404 150 139 119
3.796 22.094 2.371 195 186 153
3.531 22.104 2.377 131 118 84
3.633 22.080 2.181 194 180 141
3.636 22.085 2.226 191 178 136
3.602 22.088 2.245 188 175 131
3.594 22.106 2.421 203 190 155
3.757 22.094 2.351 196 186 159
3.671 22.082 2.213 194 181 146
3.629 22.099 2.363 194 185 146
3.794 22.099 2.411 195 187 166
3.585 22.105 2.407 190 179 147
3.593 22.096 2.319 188 179 140
3.707 22.087 2.270 191 183 147
3.747 22.087 2.289 196 187 158
3.603 22.093 2.293 187 178 139
3.716 22.099 2.390 149 140 111
3.794 22.099 2.413 195 187 166
3.730 22.089 2.300 197 187 160
3.727 22.090 2.304 196 186 159
3.643 22.093 2.309 187 178 145
3.602 22.093 2.299 187 178 139
3.746 22.097 2.380 170 161 118
3.627 22.085 2.231 188 177 132
3.614 22.095 2.315 187 178 139
3.751 22.098 2.393 145 135 110
3.598 22.083 2.196 187 174 129
3.655 22.095 2.327 188 180 144
3.753 22.087 2.288 197 188 159
3.626 22.093 2.299 188 178 142
3.602 22.103 2.395 159 148 118
3.739 22.088 2.289 196 187 158
3.708 22.091 2.310 194 185 156
3.580 22.084 2.198 187 175 133
3.570 22.105 2.401 183 172 142
3.639 22.085 2.234 191 178 134
3.540 22.109 2.426 132 121 89
3.685 22.083 2.229 192 182 146
3.777 22.097 2.393 148 138 111
3.677 22.082 2.216 194 181 146
3.758 22.100 2.413 196 189 163
3.634 22.103 2.404 194 184 149
3.541 22.107 2.412 187 178 145
3.633 22.093 2.303 189 179 143
3.770 22.095 2.367 197 186 158
3.701 22.099 2.382 142 131 101
3.815 22.095 2.385 142 127 94
3.698 22.099 2.384 142 131 101
3.652 22.103 2.408 188 179 146
3.598 22.086 2.230 185 176 133
3.590 22.088 2.242 186 174 132
3.628 22.103 2.400 189 179 144
3.746 22.086 2.273 195 186 153
3.597 22.090 2.265 188 174 135
3.637 22.089 2.272 190 178 140
3.555 22.103 2.374 134 121 87
3.646 22.102 2.396 160 151 120
3.785 22.094 2.362 197 185 161
3.609 22.091 2.277 188 178 142
3.611 22.091 2.280 188 178 142
3.824 22.095 2.389 139 126 94
3.687 22.097 2.359 188 180 143
3.641 22.087 2.254 191 177 140
3.676 22.100 2.384 149 138 108
3.819 22.090 2.341 197 187 160
3.673 22.102 2.399 172 163 134
3.540 22.106 2.404 189 178 148
3.812 22.096 2.392 146 132 105
3.671 22.090 2.289 190 182 146
3.871 22.096 2.410 205 194 172
3.664 22.101 2.389 146 135 107
3.585 22.093 2.286 188 179 140
3.677 22.100 2.390 143 132 104
3.672 22.082 2.209 195 182 147
3.591 22.098 2.336 190 177 142
3.718 22.098 2.381 143 132 102
3.574 22.086 2.218 185 173 131
3.779 22.092 2.339 196 187 158
3.586 22.100 2.358 185 176 133
3.660 22.082 2.204 194 182 144
3.762 22.087 2.291 196 187 158
3.640 22.099 2.368 193 181 141
3.831 22.096 2.395 144 132 108
3.701 22.092 2.319 194 185 156
3.687 22.091 2.306 193 184 153
3.842 22.094 2.379 198 189 158
3.790 22.088 2.312 198 188 161
3.806 22.098 2.411 195 187 166
3.569 22.086 2.217 187 175 133
3.587 22.081 2.177 190 178 140
3.561 22.107 2.411 194 183 151
3.836 22.092 2.362 195 188 162
3.680 22.082 2.212 193 183 147
3.658 22.091 2.294 190 182 146
3.766 22.096 2.380 173 164 123
3.664 22.104 2.424 199 188 158
3.588 22.083 2.197 187 175 133
3.568 22.088 2.238 186 174 132
3.553 22.098 2.331 192 180 142
3.754 22.094 2.358 194 182 156
3.607 22.092 2.289 188 178 142
3.589 22.104 2.400 187 176 146
3.781 22.089 2.310 197 187 160
3.587 22.091 2.276 188 175 140
3.717 22.092 2.319 196 187 158
3.612 22.079 2.163 92 88 59
3.801 22.090 2.329 197 187 160
3.638 22.097 2.343 188 178 142
3.627 22.083 2.206 190 176 137
3.583 22.100 2.356 186 179 135
3.686 22.091 2.300 194 185 154
3.623 22.085 2.229 189 177 135
3.808 22.096 2.387 134 119 86
3.733 22.090 2.309 197 187 160
3.715 22.095 2.348 193 187 155
3.572 22.107 2.415 187 176 144
3.553 22.095 2.295 189 180 141
3.655 22.099 2.371 190 178 138
3.718 22.093 2.331 195 186 157
3.608 22.106 2.423 199 188 156
3.565 22.084 2.196 186 173 131
3.541 22.100 2.341 191 179 141
3.843 22.096 2.397 137 125 103
3.605 22.081 2.180 189 175 136
3.834 22.095 2.393 153 141 117
3.622 22.081 2.183 190 175 132
3.786 22.096 2.378 199 190 149
3.710 22.085 2.255 192 182 146
3.766 22.099 2.404 174 166 143
3.614 22.088 2.248 189 176 134
3.600 22.089 2.261 187 173 134
3.578 22.105 2.402 183 172 142
3.638 22.103 2.403 186 176 141
3.725 22.096 2.361 193 184 155
3.633 22.101 2.382 147 135 109
3.692 22.101 2.404 191 184 156
3.572 22.091 2.268 188 176 138
3.747 22.095 2.358 196 184 158
3.584 22.086 2.222 185 176 133
3.699 22.091 2.303 194 185 156
3.802 22.099 2.412 195 187 166
3.627 22.101 2.377 145 133 95
3.649 22.081 2.195 194 180 143
3.815 22.090 2.339 198 186 160
3.788 22.099 2.411 195 187 166
3.624 22.091 2.287 187 177 141
3.774 22.096 2.378 182 173 132
3.767 22.093 2.347 198 189 160
3.598 22.098 2.338 188 179 138
3.587 22.099 2.347 188 179 136
3.601 22.087 2.242 188 175 130
3.748 22.098 2.388 143 132 104
3.709 22.096 2.354 191 185 153
3.598 22.082 2.185 188 174 129
3.776 22.088 2.304 198 188 161
3.688 22.092 2.310 193 184 155
3.692 22.103 2.417 196 189 160
3.719 22.102 2.415 196 189 161
3.628 22.103 2.403 190 180 145
3.671 22.098 2.366 194 185 146
3.710 22.094 2.338 194 184 157
3.638 22.103 2.404 186 176 141
3.877 22.095 2.401 143 130 111
3.597 22.088 2.242 188 175 130
3.691 22.093 2.325 193 184 155
3.727 22.085 2.259 192 184 147
3.666 22.101 2.394 148 139 110
3.577 22.084 2.202 186 174 132
3.558 22.100 2.348 188 178 142
3.716 22.092 2.321 196 187 158
3.713 22.101 2.407 194 187 159
3.655 22.094 2.321 188 179 146
3.866 22.093 2.382 196 186 150
3.570 22.088 2.236 186 174 132
3.576 22.096 2.318 187 178 139
3.649 22.103 2.402 193 184 151
3.638 22.103 2.402 191 181 146
3.693 22.102 2.408 191 184 156
3.597 22.087 2.236 187 176 130
3.859 22.096 2.406 185 174 154
3.783 22.091 2.336 197 187 160
3.640 22.104 2.417 194 185 146
3.589 22.088 2.240 187 175 133
3.614 22.094 2.308 187 178 139
3.602 22.094 2.300 187 178 139
3.621 22.087 2.244 189 176 134
3.766 22.095 2.369 200 189 157
3.629 22.102 2.392 145 134 106
3.795 22.093 2.360 195 188 159
3.659 22.086 2.249 192 180 142
3.735 22.088 2.294 196 186 159
3.667 22.094 2.327 191 182 149
3.586 22.100 2.359 185 176 133
3.644 22.085 2.232 193 179 142
3.670 22.098 2.365 194 185 146
3.680 22.089 2.281 190 182 145
3.818 22.097 2.402 151 140 120
3.564 22.104 2.390 141 132 101
3.742 22.088 2.291 196 187 158
3.644 22.104 2.413 189 181 145
3.653 22.082 2.206 194 180 143
3.707 22.101 2.408 195 188 160
3.866 22.095 2.402 157 144 125
3.573 22.080 2.162 102 97 65
3.678 22.099 2.375 176 167 128
3.682 22.100 2.389 147 136 108
3.748 22.099 2.395 145 134 112
3.765 22.096 2.372 198 188 152
3.737 22.088 2.291 196 186 159
3.587 22.083 2.196 187 175 133
3.702 22.087 2.272 191 183 147
3.623 22.090 2.270 190 178 140
3.713 22.099 2.386 147 136 106
3.655 22.087 2.257 193 181 143
3.837 22.092 2.361 195 188 162
3.671 22.092 2.304 189 180 149
3.608 22.080 2.171 176 167 136
3.689 22.084 2.242 192 182 146
3.754 22.100 2.410 196 189 163
3.621 22.101 2.374 151 139 101
3.629 22.105 2.421 195 185 149
3.549 22.108 2.421 189 176 144
3.599 22.095 2.314 188 179 138
3.596 22.091 2.274 189 177 139
3.689 22.103 2.421 198 187 159
3.855 22.095 2.395 151 139 115
3.688 22.099 2.382 144 133 103
3.543 22.098 2.321 191 178 143
3.636 22.090 2.275 189 180 141
3.831 22.093 2.366 198 188 163
3.655 22.087 2.257 193 181 143
3.678 22.089 2.281 190 182 145
3.608 22.102 2.381 142 130 104
3.630 22.086 2.236 189 177 137
3.657 22.081 2.198 194 182 144
3.713 22.094 2.342 196 187 156
3.698 22.090 2.299 194 185 156
3.529 22.104 2.375 121 108 73
3.774 22.099 2.408 196 189 163
3.839 22.096 2.402 152 139 120
3.628 22.089 2.265 189 175 138
3.678 22.084 2.233 193 180 145
3.665 22.104 2.422 199 188 158
3.716 22.088 2.280 192 186 152
3.649 22.080 2.189 194 180 143
3.546 22.095 2.298 190 182 143
3.630 22.083 2.212 191 177 138
3.666 22.102 2.401 188 179 148
3.557 22.100 2.348 188 178 142
3.566 22.096 2.308 188 179 140
3.829 22.093 2.367 198 188 163
3.611 22.092 2.287 187 177 141
3.786 22.096 2.379 199 190 149
3.557 22.090 2.252 186 174 132
3.688 22.095 2.338 190 184 150
3.724 22.099 2.394 147 137 110
3.745 22.094 2.346 196 186 159
3.856 22.095 2.399 148 135 116
3.632 22.084 2.221 190 177 135
3.740 22.086 2.276 195 186 153
3.663 22.099 2.371 190 181 142
3.656 22.102 2.400 173 164 133
3.675 22.098 2.364 193 183 147
3.574 22.093 2.284 188 179 140
3.772 22.100 2.415 196 186 161
3.605 22.106 2.421 189 178 146
3.557 22.106 2.404 191 180 150
3.809 22.098 2.408 196 188 167
3.746 22.088 2.295 197 188 159
3.791 22.089 2.318 198 188 161
3.609 22.082 2.191 186 173 128
3.633 22.102 2.394 161 150 120
3.610 22.092 2.284 188 178 142
3.695 22.091 2.304 194 185 156
3.643 22.092 2.299 189 179 143
3.653 22.086 2.249 190 178 140
3.571 22.083 2.193 186 173 131
3.793 22.098 2.403 177 166 146
3.778 22.089 2.314 197 187 160
3.723 22.087 2.279 191 185 151
3.685 22.089 2.283 190 182 145
3.840 22.096 2.402 150 137 118
3.698 22.089 2.288 192 183 154
3.668 22.093 2.315 191 182 151
3.784 22.092 2.346 195 186 157
3.654 22.094 2.322 188 179 146
3.584 22.094 2.303 188 179 140
3.620 22.105 2.415 189 179 144
3.684 22.101 2.396 152 142 115
3.555 22.090 2.249 186 174 132
3.570 22.093 2.282 188 175 140
3.835 22.093 2.374 196 189 160
3.587 22.095 2.306 188 179 140
3.672 22.101 2.396 149 140 111
3.606 22.086 2.226 187 175 133
3.645 22.095 2.330 188 180 144
3.727 22.099 2.395 144 134 107
3.657 22.083 2.220 193 181 143
3.577 22.098 2.335 190 177 142
3.571 22.092 2.278 191 178 143
3.558 22.101 2.360 184 174 138
3.575 22.100 2.353 187 180 138
3.831 22.092 2.359 195 188 162
3.647 22.096 2.335 188 180 144
3.583 22.082 2.189 185 173 131
3.636 22.086 2.243 190 176 137
3.661 22.089 2.278 190 180 144
3.590 22.090 2.259 187 175 133
3.721 22.089 2.299 195 186 157
3.692 22.086 2.254 191 181 145
3.859 22.093 2.376 197 188 159
3.587 22.082 2.186 188 173 132
3.874 22.094 2.392 139 128 100
3.610 22.103 2.395 174 163 133
3.613 22.089 2.264 188 174 137
3.633 22.086 2.243 190 176 137
3.736 22.101 2.415 195 188 162
3.765 22.094 2.359 197 185 159
3.801 22.095 2.375 201 191 155
3.631 22.092 2.297 188 178 142
3.598 22.103 2.387 142 130 104
3.611 22.103 2.395 174 163 133
3.790 22.094 2.363 195 188 159
3.586 22.106 2.411 187 176 144
3.665 22.102 2.398 180 171 142
3.745 22.097 2.383 138 124 95
3.555 22.096 2.312 191 182 143
3.839 22.097 2.412 200 189 167
3.711 22.087 2.276 192 183 150
3.725 22.089 2.300 196 186 159
3.670 22.090 2.291 190 182 146
3.654 22.081 2.196 194 180 143
3.709 22.086 2.265 191 183 146
3.564 22.105 2.400 191 180 150
3.809 22.090 2.337 198 186 162
3.583 22.080 2.161 98 95 64
3.599 22.083 2.202 187 174 130
3.816 22.093 2.367 197 187 160
3.706 22.100 2.391 144 135 106
3.750 22.095 2.358 193 181 155
3.765 22.095 2.369 196 185 153
3.671 22.094 2.323 192 183 150
3.710 22.091 2.315 195 186 157
3.593 22.092 2.279 190 177 142
3.612 22.099 2.359 185 177 138
3.689 22.094 2.334 189 183 149
3.636 22.091 2.285 188 178 143
3.702 22.102 2.410 193 186 158
3.843 22.095 2.397 137 125 103
3.700 22.099 2.381 142 131 101
3.579 22.094 2.299 188 179 140
3.637 22.086 2.236 189 177 137
3.669 22.096 2.347 191 183 147
3.601 22.081 2.178 185 171 132
3.534 22.110 2.431 165 154 122
3.641 22.099 2.364 190 181 140
3.589 22.084 2.207 186 174 132
4.744 22.086 2.163 141 129 91
4.759 22.085 2.162 130 120 85
4.764 22.086 2.163 136 122 93
4.718 22.082 2.160 136 126 91
4.735 22.083 2.161 138 128 93
4.725 22.084 2.162 141 131 96
4.755 22.091 2.167 194 180 151
4.758 22.082 2.161 141 126 95
4.756 22.084 2.162 139 129 94
4.751 22.092 2.168 197 183 154
4.736 22.086 2.163 142 130 92
4.750 22.082 2.160 141 126 95
4.711 22.088 2.160 135 122 88
4.725 22.092 2.163 198 184 155
3.546 22.101 2.207 186 172 135
3.552 22.094 2.216 185 173 131
3.541 22.111 2.166 187 175 137
3.535 22.103 2.308 195 183 145
3.547 22.101 2.194 188 174 135
3.555 22.091 2.212 188 175 133
3.539 22.105 2.251 186 177 138
3.547 22.101 2.199 188 174 135
3.555 22.096 2.167 189 175 140
3.550 22.092 2.258 186 177 134
3.538 22.112 2.194 188 174 135
3.547 22.094 2.268 187 180 138
3.543 22.106 2.197 190 176 137
3.541 22.108 2.192 189 175 136
3.545 22.098 2.249 188 176 134
3.539 22.104 2.255 189 177 137
3.538 22.115 2.165 185 173 135
3.549 22.101 2.174 191 177 140
3.542 22.109 2.183 189 175 136
3.552 22.097 2.181 190 176 139
3.546 22.106 2.168 189 175 138
3.531 22.105 2.337 186 174 136
3.539 22.104 2.254 189 177 137
3.538 22.107 2.236 187 175 137
3.539 22.098 2.313 191 182 143
3.547 22.095 2.262 188 179 136
3.537 22.112 2.202 184 170 135
3.553 22.097 2.173 185 171 134
3.544 22.097 2.262 188 179 136
3.550 22.092 2.254 184 175 132
3.543 22.110 2.161 189 177 139
3.531 22.105 2.324 190 178 140
3.533 22.105 2.312 194 182 144
3.533 22.111 2.257 176 166 130
3.536 22.109 2.238 182 170 132
3.560 22.087 2.207 186 173 131
3.533 22.105 2.312 194 182 144
3.529 22.104 2.357 178 165 131
3.554 22.092 2.220 188 175 133
3.541 22.098 2.298 190 181 142
3.543 22.095 2.296 186 181 141
3.547 22.096 2.248 187 174 132
3.540 22.102 2.268 189 180 141
3.541 22.110 2.176 187 175 137
3.563 22.087 2.164 186 177 138
3.545 22.103 2.203 190 176 139
3.548 22.103 2.160 186 172 135
3.537 22.102 2.295 189 184 144
3.565 22.084 2.172 190 178 138
3.561 22.090 2.162 157 149 112
3.539 22.106 2.230 187 175 137
3.544 22.103 2.218 189 175 138
3.538 22.103 2.276 188 180 141
3.552 22.099 2.172 191 177 140
3.546 22.102 2.197 189 175 136
3.544 22.103 2.204 190 176 139
3.548 22.103 2.171 187 173 136
3.539 22.098 2.317 189 180 141
3.554 22.092 2.215 187 174 132
3.539 22.103 2.272 186 178 139
3.539 22.113 2.171 189 177 139
3.562 22.085 2.202 184 175 134
3.549 22.093 2.262 187 178 135
