-20.363 22.138 1.550 94 110 109
-20.315 22.139 1.549 96 109 102
-20.292 22.140 1.546 146 143 126
-20.292 22.138 1.307 148 152 137
-20.326 22.138 1.382 159 139 106
-20.344 22.137 1.283 88 97 94
-20.311 22.137 1.275 106 114 101
-20.370 22.135 1.203 88 99 91
-20.427 22.135 1.247 102 109 101
-20.440 22.135 1.274 88 98 87
-20.447 22.135 1.254 140 148 133
-20.305 22.137 1.246 121 133 119
-20.326 22.137 1.310 68 69 64
-20.384 22.136 1.276 81 87 83
-20.309 22.137 1.277 80 86 74
-20.351 22.136 1.275 84 89 83
-20.467 22.134 1.241 93 101 90
-20.400 22.136 1.274 83 91 78
-20.460 22.134 1.243 95 103 92
-20.309 22.136 1.232 85 100 95
-20.461 22.134 1.224 79 94 87
-20.372 22.137 1.345 155 141 114
-20.334 22.136 1.202 87 98 90
-20.347 22.135 1.207 87 101 88
-20.342 22.136 1.239 109 116 109
-20.362 22.137 1.343 159 142 114
-20.445 22.134 1.213 129 142 133
-20.337 22.137 1.280 54 67 58
-20.390 22.135 1.209 101 115 102
-20.348 22.138 1.368 162 137 107
-20.306 22.138 1.313 88 91 82
-20.319 22.139 1.402 159 141 103
-20.348 22.136 1.243 103 110 102
-20.366 22.136 1.244 95 106 92
-20.381 22.136 1.245 97 109 97
-20.309 22.137 1.287 96 98 87
-20.306 22.136 1.226 84 100 97
-20.357 22.136 1.252 132 141 124
-20.294 22.138 1.300 141 143 130
-20.431 22.134 1.217 117 128 120
-20.380 22.135 1.218 102 115 106
-20.357 22.137 1.330 159 141 105
-20.332 22.138 1.366 162 139 108
-20.299 22.137 1.280 147 150 139
-20.329 22.137 1.293 72 77 71
-20.452 22.134 1.201 91 101 90
-20.381 22.135 1.225 82 97 90
-20.362 22.136 1.241 101 112 98
-20.364 22.137 1.305 108 114 114
-20.384 22.136 1.247 99 111 99
-20.395 22.136 1.265 94 106 92
-20.352 22.136 1.214 119 132 122
-20.343 22.137 1.313 70 71 66
-20.426 22.135 1.265 90 102 92
-20.376 22.137 1.341 155 140 107
-20.468 22.134 1.226 80 93 86
-20.354 22.138 1.364 163 138 108
-20.351 22.137 1.284 83 92 89
-20.405 22.135 1.226 86 97 91
-20.367 22.137 1.350 161 142 109
-20.302 22.137 1.244 138 147 130
-20.323 22.138 1.338 165 139 104
-20.326 22.138 1.340 165 139 106
-20.356 22.138 1.355 161 136 106
-20.463 22.134 1.211 83 94 86
-20.322 22.137 1.301 68 68 58
-20.302 22.138 1.317 99 102 95
-20.372 22.135 1.205 90 104 89
-20.419 22.136 1.292 93 101 103
-20.354 22.137 1.334 162 142 109
-20.407 22.135 1.264 99 113 96
-20.443 22.135 1.263 95 106 90
-20.386 22.135 1.220 98 113 106
-20.390 22.137 1.327 156 141 112
-20.361 22.136 1.228 82 95 86
-20.293 22.137 1.220 137 145 132
-20.365 22.137 1.310 49 48 43
-20.317 22.137 1.280 70 76 64
-20.302 22.138 1.308 141 143 129
-20.385 22.136 1.288 101 107 107
-20.337 22.137 1.293 107 118 114
-20.370 22.136 1.268 101 109 96
-20.359 22.136 1.228 84 97 88
-20.345 22.135 1.202 90 101 93
-20.332 22.138 1.365 162 139 108
-20.329 22.137 1.307 73 74 69
-20.422 22.135 1.268 100 112 102
-20.300 22.138 1.328 146 141 122
-20.326 22.136 1.235 110 117 109
-20.434 22.135 1.253 135 143 130
-20.351 22.136 1.223 85 98 91
-20.297 22.138 1.298 149 151 138
-20.300 22.139 1.367 149 140 123
-20.354 22.136 1.247 107 113 101
-20.316 22.138 1.332 160 140 107
-20.450 22.134 1.243 101 107 97
-20.304 22.136 1.209 89 97 86
-20.382 22.137 1.330 159 142 112
-20.446 22.134 1.226 83 94 86
-20.340 22.136 1.231 85 96 92
-20.376 22.137 1.325 157 142 111
-20.316 22.138 1.327 162 150 126
-20.436 22.135 1.275 85 95 84
-20.352 22.138 1.361 163 138 108
-20.297 22.138 1.302 153 155 134
-20.408 22.135 1.219 123 133 125
-20.410 22.136 1.303 93 103 105
-20.298 22.138 1.332 149 142 123
-20.300 22.139 1.427 147 139 118
-20.297 22.137 1.262 149 152 131
-20.493 22.133 1.217 81 90 89
-20.303 22.139 1.421 153 138 117
-20.301 22.138 1.340 149 138 120
-20.320 22.138 1.363 160 140 107
-20.323 22.137 1.251 93 104 96
-20.365 22.136 1.282 49 55 51
-20.341 22.136 1.243 105 110 103
-20.459 22.134 1.245 93 101 90
-20.304 22.137 1.235 113 125 115
-20.440 22.135 1.269 99 110 96
-20.396 22.135 1.244 92 105 95
-20.310 22.139 1.396 154 137 109
-20.307 22.137 1.245 86 99 89
-20.309 22.138 1.325 161 153 134
-20.319 22.137 1.306 73 73 63
-20.328 22.137 1.283 82 92 83
-20.327 22.137 1.255 90 103 94
-20.304 22.137 1.245 102 114 100
-20.309 22.139 1.415 158 138 111
-20.366 22.135 1.212 113 127 114
-20.388 22.136 1.301 92 103 105
-20.339 22.136 1.227 85 97 95
-20.342 22.138 1.347 162 139 107
-20.396 22.136 1.302 91 102 104
-20.333 22.136 1.243 98 105 97
-20.330 22.136 1.227 86 97 93
-20.356 22.137 1.293 97 107 108
-20.330 22.137 1.280 32 44 34
-20.409 22.136 1.287 98 102 101
-20.345 22.136 1.250 126 129 118
-20.360 22.136 1.278 94 101 94
-20.318 22.139 1.391 159 138 107
-20.353 22.137 1.290 96 106 105
-20.319 22.136 1.212 85 97 93
-20.408 22.135 1.267 92 106 89
-20.417 22.135 1.235 107 118 112
-20.441 22.134 1.237 106 112 102
-20.359 22.137 1.326 158 142 109
-20.335 22.138 1.365 162 139 108
-20.304 22.139 1.378 151 139 117
-20.427 22.135 1.270 100 110 99
-20.454 22.134 1.221 85 101 91
-20.409 22.135 1.223 93 104 98
-20.439 22.134 1.208 96 103 95
-20.352 22.137 1.313 34 31 24
-20.325 22.136 1.206 87 97 89
-20.412 22.134 1.206 92 103 89
-20.311 22.139 1.386 158 141 113
-20.309 22.138 1.333 157 143 116
-20.344 22.136 1.212 99 112 102
-20.385 22.136 1.258 114 124 113
-20.311 22.138 1.337 159 138 109
-20.390 22.135 1.241 94 105 97
-20.303 22.138 1.353 147 139 118
-20.361 22.137 1.302 100 108 110
-20.292 22.137 1.235 151 154 133
-20.305 22.138 1.304 75 76 60
-20.339 22.136 1.242 99 109 101
-20.372 22.135 1.209 104 118 105
-20.311 22.139 1.416 160 139 110
-20.384 22.136 1.308 89 102 95
-20.376 22.136 1.292 87 95 97
-20.293 22.137 1.256 137 139 117
-20.303 22.139 1.423 153 138 117
-20.315 22.139 1.381 160 139 108
-20.360 22.137 1.339 159 140 107
-20.347 22.137 1.313 34 35 29
-20.374 22.136 1.258 111 122 106
-20.294 22.139 1.403 152 145 129
-20.384 22.135 1.221 91 106 99
-20.417 22.134 1.206 90 101 87
-20.378 22.136 1.288 88 97 96
-20.324 22.136 1.221 84 98 98
-20.303 22.138 1.340 149 138 120
-20.385 22.135 1.215 102 115 106
-20.395 22.136 1.283 80 80 82
-20.361 22.136 1.224 88 101 92
-20.308 22.137 1.239 101 114 105
-20.401 22.135 1.231 84 95 91
-20.336 22.136 1.214 83 99 96
-20.300 22.137 1.257 148 153 131
-20.389 22.135 1.210 101 115 102
-20.436 22.135 1.249 106 114 101
-20.416 22.135 1.258 117 129 119
-20.443 22.134 1.232 106 113 105
-20.343 22.136 1.215 97 110 101
-20.341 22.137 1.289 102 112 111
-20.379 22.136 1.281 55 61 59
-20.316 22.137 1.253 92 108 97
-20.340 22.136 1.217 87 100 93
-20.329 22.138 1.330 162 145 115
-20.451 22.134 1.233 96 103 95
-20.331 22.137 1.301 72 71 66
-20.361 22.136 1.234 85 97 87
-20.392 22.136 1.283 80 79 84
-20.323 22.139 1.388 158 138 105
-20.300 22.137 1.245 142 150 129
-20.401 22.135 1.252 119 132 122
-20.391 22.136 1.264 98 108 97
-20.363 22.136 1.233 85 97 87
-20.378 22.136 1.297 91 99 101
-20.317 22.137 1.273 118 128 117
-20.326 22.138 1.375 160 140 107
-20.473 22.134 1.213 79 94 87
-20.429 22.135 1.256 121 129 118
-20.392 22.135 1.202 88 99 91
-20.321 22.139 1.398 158 140 102
-20.409 22.135 1.266 90 104 89
-20.399 22.135 1.215 118 130 120
-20.299 22.138 1.355 145 138 120
-20.383 22.136 1.270 75 82 75
-20.381 22.135 1.206 85 99 86
-20.330 22.137 1.281 32 44 34
-20.318 22.137 1.277 83 91 80
-20.428 22.134 1.217 122 133 125
-20.378 22.135 1.220 93 108 101
-20.423 22.135 1.263 98 110 100
-20.301 22.138 1.303 132 133 117
-20.331 22.136 1.240 106 113 105
-20.334 22.137 1.269 101 113 103
-20.311 22.137 1.274 106 114 101
-20.410 22.135 1.239 102 115 108
-20.358 22.135 1.206 89 103 88
-20.340 22.137 1.320 53 44 35
-20.351 22.137 1.328 160 143 115
-20.412 22.135 1.253 133 143 132
-20.321 22.139 1.400 158 140 102
-20.379 22.135 1.233 92 105 98
-20.438 22.135 1.276 83 93 82
-20.361 22.136 1.268 108 116 103
-20.311 22.138 1.360 157 140 112
-20.344 22.137 1.277 101 107 103
-20.442 22.134 1.228 82 93 85
-20.383 22.135 1.207 85 98 88
-20.394 22.136 1.314 30 30 20
-20.335 22.138 1.388 159 140 108
-20.371 22.136 1.234 95 108 99
-20.327 22.137 1.255 92 105 96
-20.313 22.136 1.204 91 95 81
-20.369 22.136 1.265 97 105 90
-20.424 22.135 1.230 80 89 86
-20.380 22.135 1.213 97 110 100
-20.357 22.138 1.364 163 138 108
-20.322 22.136 1.203 90 98 87
-20.295 22.137 1.227 89 100 86
-20.419 22.134 1.201 86 97 89
-20.460 22.134 1.234 99 106 98
-20.489 22.134 1.353 153 134 102
-20.420 22.136 1.331 156 138 100
-20.494 22.134 1.451 153 135 99
-20.487 22.135 1.521 121 118 83
-20.311 22.139 1.486 151 135 102
-20.527 22.132 1.202 135 137 113
-20.314 22.139 1.520 152 129 98
-20.390 22.137 1.475 155 136 103
-20.470 22.135 1.413 153 133 98
-20.511 22.134 1.509 139 129 102
-20.428 22.136 1.375 157 137 102
-20.364 22.138 1.507 157 135 98
-20.506 22.134 1.528 110 115 93
-20.499 22.134 1.342 152 137 98
-20.338 22.138 1.388 159 140 110
-20.315 22.139 1.502 156 137 97
-20.335 22.138 1.420 161 138 106
-20.332 22.139 1.484 158 136 99
-20.432 22.136 1.343 154 138 104
-20.538 22.132 1.279 159 158 140
-20.532 22.133 1.449 149 147 124
-20.419 22.136 1.439 156 136 101
-20.520 22.133 1.228 81 82 51
-20.483 22.134 1.239 105 112 104
-20.433 22.136 1.395 155 135 100
-20.515 22.133 1.369 133 129 104
-20.499 22.133 1.223 85 92 85
-20.423 22.136 1.474 154 138 104
-20.405 22.137 1.457 153 137 101
-20.321 22.139 1.465 162 136 103
-20.384 22.137 1.450 157 139 103
-20.393 22.137 1.333 159 143 110
-20.521 22.133 1.385 86 84 63
-20.422 22.137 1.525 105 110 90
-20.529 22.134 1.539 144 131 112
-20.344 22.139 1.542 98 109 101
-20.466 22.135 1.371 157 137 102
-20.337 22.139 1.455 154 133 102
-20.476 22.134 1.320 154 144 119
-20.314 22.139 1.483 157 137 102
-20.345 22.138 1.484 157 133 97
-20.423 22.136 1.326 154 138 104
-20.533 22.132 1.230 153 152 131
-20.504 22.134 1.334 149 135 98
-20.470 22.135 1.436 155 135 100
-20.398 22.137 1.358 156 140 106
-20.527 22.133 1.328 128 127 106
-20.500 22.134 1.544 97 111 94
-20.482 22.135 1.438 156 136 101
-20.523 22.133 1.323 104 103 82
-20.310 22.139 1.449 161 135 108
-20.312 22.139 1.470 154 133 102
-20.499 22.134 1.293 31 33 28
-20.531 22.133 1.394 143 138 118
-20.359 22.138 1.435 157 137 104
-20.476 22.135 1.445 153 135 99
-20.352 22.138 1.486 158 134 98
-20.318 22.139 1.449 162 133 103
-20.376 22.138 1.510 154 134 99
-20.532 22.132 1.246 151 150 130
-20.322 22.139 1.426 159 139 104
-20.487 22.134 1.399 153 133 98
-20.427 22.136 1.302 94 104 106
-20.482 22.134 1.327 152 138 99
-20.424 22.136 1.318 141 135 113
-20.484 22.135 1.472 151 136 97
-20.394 22.137 1.392 157 138 105
-20.505 22.134 1.350 152 139 107
-20.383 22.138 1.514 148 129 97
-20.396 22.137 1.392 157 138 105
-20.515 22.134 1.452 133 132 104
-20.408 22.136 1.375 157 138 105
-20.309 22.140 1.537 99 109 100
-20.538 22.133 1.549 157 154 135
-20.393 22.137 1.362 157 141 107
-20.507 22.133 1.303 59 64 58
-20.326 22.139 1.461 160 133 103
-20.303 22.140 1.481 150 138 112
-20.381 22.137 1.409 154 138 104
-20.352 22.138 1.531 100 97 80
-20.456 22.135 1.304 113 121 110
-20.489 22.134 1.429 155 135 100
-20.499 22.134 1.424 154 134 101
-20.313 22.139 1.460 159 134 103
-20.486 22.134 1.408 157 137 102
-20.536 22.133 1.362 157 151 135
-20.478 22.134 1.316 152 144 131
-20.462 22.135 1.369 157 137 102
-20.499 22.134 1.295 26 28 25
-20.376 22.138 1.541 97 110 101
-20.502 22.134 1.491 149 134 101
-20.453 22.135 1.447 156 136 99
-20.359 22.138 1.541 95 110 107
-20.479 22.134 1.394 153 135 97
-20.512 22.134 1.415 138 133 103
-20.520 22.133 1.231 81 82 51
-20.403 22.137 1.524 107 109 88
-20.482 22.134 1.249 92 102 91
-20.511 22.133 1.312 140 145 122
-20.538 22.133 1.480 158 156 135
-20.509 22.134 1.534 122 131 114
-20.501 22.134 1.337 154 136 98
-20.478 22.135 1.524 111 115 90
-20.357 22.138 1.407 156 137 104
-20.397 22.137 1.442 157 137 102
-20.477 22.135 1.541 129 137 124
-20.531 22.133 1.461 137 134 117
-20.377 22.138 1.523 145 135 108
-20.531 22.132 1.224 148 145 126
-20.503 22.134 1.339 150 136 99
-20.498 22.133 1.239 106 113 106
-20.358 22.138 1.400 157 138 105
-20.484 22.134 1.253 88 100 88
-20.474 22.134 1.259 91 103 89
-20.520 22.133 1.354 89 87 66
-20.304 22.140 1.510 153 139 104
-20.500 22.134 1.307 35 34 32
-20.523 22.133 1.210 102 106 81
-20.485 22.134 1.430 154 136 100
-20.514 22.133 1.270 126 130 105
-20.331 22.139 1.527 116 111 79
-20.530 22.133 1.280 143 146 119
-20.357 22.138 1.407 156 137 104
-20.367 22.138 1.419 155 136 103
-20.405 22.137 1.481 155 135 102
-20.532 22.133 1.435 151 146 126
-20.506 22.134 1.387 147 133 106
-20.524 22.133 1.423 88 85 66
-20.462 22.135 1.327 153 139 100
-20.532 22.133 1.371 152 147 128
-20.510 22.134 1.472 140 133 104
-20.422 22.136 1.471 155 139 105
-20.412 22.136 1.377 158 139 106
-20.465 22.135 1.499 149 131 95
-20.455 22.135 1.336 153 134 102
-20.382 22.137 1.387 154 138 104
-20.464 22.135 1.470 158 136 99
-20.386 22.137 1.483 151 137 102
-20.371 22.138 1.528 127 121 97
-20.325 22.139 1.402 158 140 102
-20.346 22.138 1.412 159 139 106
-20.435 22.136 1.472 156 137 104
-20.474 22.135 1.487 151 131 96
-20.446 22.135 1.274 78 89 75
-20.503 22.133 1.221 91 97 85
-20.361 22.138 1.382 160 137 106
-20.402 22.137 1.504 158 134 98
-20.524 22.133 1.223 107 107 81
-20.415 22.136 1.433 158 138 103
-20.531 22.133 1.439 150 148 127
-20.307 22.139 1.436 160 139 112
-20.369 22.138 1.429 156 137 104
-20.487 22.134 1.263 89 99 88
-20.424 22.136 1.295 92 101 100
-20.381 22.138 1.495 155 135 100
-20.431 22.136 1.540 95 109 92
-20.414 22.136 1.411 156 138 102
-20.463 22.135 1.341 156 137 105
-20.494 22.134 1.514 148 130 94
-20.389 22.137 1.482 156 136 103
-20.434 22.135 1.344 154 138 104
-20.415 22.136 1.303 95 105 107
-20.411 22.136 1.437 157 137 102
-20.472 22.135 1.507 150 135 94
-20.437 22.136 1.550 93 107 92
-20.355 22.138 1.401 156 137 104
-20.292 22.140 1.480 147 139 120
-20.395 22.137 1.439 158 140 104
-20.434 22.136 1.425 155 137 101
-20.322 22.139 1.406 158 140 102
-20.533 22.133 1.305 150 149 129
-20.540 22.132 1.301 160 159 139
-20.328 22.139 1.449 159 135 101
-20.531 22.133 1.414 141 135 121
-20.325 22.139 1.408 159 141 103
-20.417 22.137 1.508 155 133 96
-20.437 22.136 1.448 154 135 102
-20.354 22.138 1.460 156 133 99
-20.299 22.140 1.477 149 139 114
-20.392 22.137 1.384 158 139 106
-20.414 22.136 1.353 155 139 105
-20.470 22.135 1.476 156 136 99
-20.411 22.136 1.365 150 131 98
-20.384 22.137 1.367 156 140 106
-20.460 22.135 1.403 155 135 100
-20.437 22.135 1.329 154 139 100
-20.477 22.134 1.302 99 110 96
-20.432 22.136 1.478 154 135 102
-20.441 22.135 1.319 152 142 117
-20.475 22.134 1.254 92 104 92
-20.458 22.135 1.396 157 135 98
-20.310 22.139 1.468 154 133 102
-20.442 22.136 1.506 150 135 96
-20.475 22.134 1.297 105 107 96
-20.435 22.136 1.442 155 135 100
-20.457 22.135 1.310 36 37 32
-20.376 22.137 1.440 157 137 104
-20.461 22.135 1.398 154 134 99
-20.421 22.136 1.358 157 139 103
-20.462 22.135 1.375 157 137 102
-20.425 22.136 1.507 157 135 98
-20.507 22.133 1.320 147 141 117
-20.463 22.135 1.472 156 134 97
-20.399 22.137 1.474 155 136 103
-20.454 22.135 1.313 44 41 34
-20.481 22.134 1.364 154 134 99
-20.494 22.134 1.265 93 101 90
-20.509 22.133 1.284 135 137 124
-20.468 22.135 1.501 150 132 96
-20.382 22.137 1.358 155 142 107
-20.395 22.137 1.492 157 134 100
-20.455 22.135 1.464 157 135 98
-20.335 22.139 1.538 97 109 109
-20.394 22.137 1.533 98 112 99
-20.366 22.138 1.441 156 136 103
-20.357 22.138 1.427 157 137 104
-20.433 22.136 1.409 156 136 101
-20.484 22.135 1.536 120 140 128
-20.400 22.137 1.508 158 134 98
-20.311 22.140 1.541 99 107 96
-20.309 22.139 1.442 157 136 109
-20.437 22.136 1.449 154 135 102
-20.500 22.133 1.212 84 94 86
-20.521 22.134 1.451 96 95 74
-20.347 22.138 1.381 162 137 107
-20.359 22.138 1.511 155 131 93
-20.479 22.134 1.303 106 114 103
-20.381 22.137 1.377 157 141 107
-20.525 22.133 1.282 102 105 78
-20.510 22.133 1.357 144 135 104
-20.439 22.136 1.514 153 130 99
-20.436 22.135 1.325 152 138 99
-20.526 22.133 1.468 121 118 101
-20.500 22.134 1.327 150 134 100
-20.370 22.138 1.510 154 132 95
-20.450 22.135 1.394 158 136 99
-20.383 22.137 1.439 155 136 103
-20.513 22.133 1.227 131 136 106
-20.357 22.138 1.506 156 134 95
-20.305 22.140 1.480 151 137 110
-20.498 22.134 1.475 152 133 100
-20.451 22.135 1.472 154 134 97
-20.390 22.137 1.458 153 137 101
-20.511 22.133 1.266 133 137 112
-20.297 22.140 1.512 148 145 110
-20.501 22.134 1.487 150 134 100
-20.423 22.136 1.510 154 134 99
-20.516 22.134 1.526 125 133 110
-20.330 22.139 1.485 158 136 99
-20.507 22.133 1.331 143 132 100
-20.448 22.135 1.384 157 134 100
-20.487 22.134 1.244 90 103 86
-20.505 22.134 1.544 105 116 100
-20.374 22.138 1.527 127 122 100
-20.479 22.135 1.491 149 131 95
-20.400 22.136 1.330 156 139 109
-20.470 22.135 1.383 155 135 100
-20.361 22.138 1.380 161 136 106
-20.440 22.135 1.285 83 90 82
-20.454 22.136 1.500 150 132 96
-20.459 22.135 1.432 157 137 102
-20.386 22.137 1.431 156 137 104
-20.531 22.133 1.285 142 145 118
-20.538 22.132 1.285 159 158 140
-20.304 22.139 1.451 152 134 110
-20.348 22.138 1.453 157 136 105
-20.405 22.136 1.323 153 141 115
-20.495 22.134 1.385 155 135 100
-20.509 22.133 1.200 127 132 110
-20.465 22.135 1.472 156 134 97
-20.424 22.136 1.340 155 139 103
-20.421 22.136 1.386 157 137 102
-20.355 22.138 1.547 94 110 107
-20.528 22.133 1.279 128 130 106
-20.381 22.137 1.467 156 138 102
-20.332 22.139 1.411 162 139 105
-20.481 22.134 1.375 156 136 101
-20.384 22.138 1.529 98 107 90
-20.346 22.139 1.526 117 109 86
-20.451 22.135 1.297 117 120 111
-20.350 22.138 1.443 158 135 103
-20.472 22.135 1.514 152 129 97
-20.509 22.133 1.290 120 122 109
-20.496 22.134 1.271 82 88 78
-20.503 22.134 1.397 150 137 103
-20.476 22.134 1.345 155 137 101
-20.506 22.134 1.346 148 137 105
-20.524 22.133 1.211 104 106 82
-20.511 22.133 1.210 125 134 103
-20.357 22.138 1.366 163 136 107
-20.501 22.134 1.307 35 34 32
-20.495 22.133 1.238 103 113 104
-20.383 22.137 1.350 156 143 108
-20.332 22.139 1.477 156 133 101
-20.499 22.133 1.222 86 93 86
-20.430 22.136 1.445 154 136 98
-20.407 22.137 1.491 157 134 100
-20.410 22.137 1.507 157 133 97
-20.521 22.133 1.267 89 92 65
-20.508 22.134 1.404 140 135 103
-20.460 22.135 1.359 155 136 103
-20.370 22.137 1.382 158 138 105
-20.499 22.133 1.261 93 101 88
-20.399 22.137 1.457 152 136 100
-20.336 22.138 1.399 161 138 104
-20.535 22.133 1.428 155 150 130
-20.526 22.134 1.515 114 111 92
-20.489 22.134 1.408 155 135 100
-20.489 22.134 1.242 93 105 91
-20.530 22.133 1.251 146 144 129
-20.536 22.133 1.529 153 151 130
-20.510 22.134 1.532 122 131 114
-20.474 22.134 1.267 91 103 89
-20.523 22.133 1.261 111 113 89
-20.340 22.139 1.508 155 131 95
-20.299 22.140 1.451 148 137 117
-20.515 22.133 1.242 131 134 105
-20.489 22.134 1.468 154 136 100
-20.458 22.136 1.534 124 136 122
-20.344 22.138 1.417 158 138 105
-20.384 22.137 1.464 156 137 104
-20.439 22.135 1.322 151 138 104
-20.518 22.133 1.283 104 106 82
-20.537 22.133 1.335 155 154 134
-20.415 22.137 1.512 151 131 96
-20.424 22.136 1.374 158 138 103
-20.364 22.138 1.526 128 121 95
-20.435 22.136 1.496 151 135 101
-20.540 22.133 1.391 161 156 134
-20.405 22.137 1.496 154 134 101
-20.425 22.136 1.529 96 105 88
-20.481 22.134 1.389 154 136 98
-20.394 22.137 1.339 155 141 106
-20.535 22.133 1.337 155 154 134
-20.513 22.134 1.541 122 126 109
-20.419 22.136 1.456 154 136 100
-20.451 22.135 1.359 156 137 104
-20.524 22.134 1.509 89 86 67
-20.505 22.134 1.538 104 112 101
-20.499 22.133 1.213 84 94 86
-20.326 22.139 1.434 160 140 105
-20.486 22.134 1.256 90 102 90
-20.482 22.135 1.479 149 130 97
-20.418 22.136 1.331 156 138 100
-20.366 22.138 1.489 156 134 97
-20.416 22.136 1.473 153 137 103
-20.535 22.132 1.240 158 157 137
-20.496 22.134 1.320 157 145 121
-20.500 22.133 1.221 86 93 86
-20.427 22.136 1.363 155 137 101
-20.482 22.134 1.250 92 102 91
-20.530 22.132 1.243 151 150 132
-20.430 22.136 1.326 153 137 101
-20.414 22.137 1.474 153 137 103
-20.470 22.135 1.390 153 133 96
-20.377 22.138 1.464 155 137 101
-20.498 22.134 1.494 151 132 99
-20.430 22.136 1.381 157 137 102
-20.501 22.134 1.455 150 134 100
-20.510 22.133 1.234 124 128 105
-20.391 22.137 1.469 152 136 102
-20.312 22.139 1.508 157 133 95
-20.482 22.135 1.538 155 163 150
-20.445 22.136 1.507 150 135 96
-20.403 22.137 1.453 151 133 95
-20.470 22.135 1.379 154 134 99
-20.458 22.135 1.268 102 113 97
-20.359 22.138 1.542 95 110 107
-20.393 22.137 1.539 96 112 101
-20.519 22.133 1.376 131 129 108
-20.456 22.136 1.524 122 124 103
-20.530 22.133 1.431 138 136 121
-20.542 22.132 1.332 159 158 138
-20.387 22.137 1.393 155 141 106
-20.483 22.134 1.346 153 135 97
-20.449 22.135 1.363 156 138 102
-20.440 22.136 1.439 155 135 100
-20.320 22.139 1.483 158 136 99
-20.374 22.137 1.392 158 139 106
-20.528 22.133 1.252 134 133 112
-20.402 22.137 1.445 153 135 97
-20.314 22.140 1.543 101 111 102
-20.506 22.134 1.401 145 136 103
-20.410 22.137 1.451 156 138 100
-20.515 22.133 1.344 126 125 105
-20.379 22.137 1.456 156 138 102
-20.514 22.134 1.416 134 133 105
-20.430 22.136 1.512 154 134 99
-20.409 22.136 1.334 157 139 103
-20.471 22.134 1.304 107 115 104
-20.408 22.137 1.502 157 135 98
-20.506 22.133 1.220 109 116 98
-20.484 22.134 1.425 156 136 101
-20.409 22.137 1.466 146 130 96
-20.336 22.139 1.524 151 144 102
-20.536 22.133 1.535 152 152 128
-20.333 22.139 1.522 152 139 95
-20.399 22.137 1.423 154 138 102
-20.384 22.137 1.437 156 137 104
-20.412 22.137 1.461 150 134 100
-20.508 22.134 1.510 149 135 106
-20.524 22.133 1.399 89 88 68
-20.388 22.137 1.333 159 142 112
-20.516 22.133 1.391 137 133 108
-20.511 22.133 1.354 137 132 102
-20.529 22.133 1.307 138 137 116
-20.351 22.138 1.513 156 132 94
-20.447 22.136 1.449 155 135 100
-20.449 22.135 1.428 157 137 102
-20.306 22.140 1.541 104 106 93
-20.408 22.137 1.422 153 137 101
-20.538 22.132 1.219 161 160 140
-20.417 22.136 1.407 156 136 101
-20.345 22.139 1.539 94 109 106
-20.471 22.135 1.374 156 136 101
-20.455 22.135 1.371 157 137 102
-20.452 22.135 1.269 102 113 97
-20.316 22.139 1.503 157 135 94
-20.337 22.139 1.491 156 134 97
-20.462 22.135 1.405 155 135 100
-20.523 22.133 1.446 94 93 73
-20.440 22.136 1.404 155 135 100
-20.491 22.134 1.403 153 133 98
-20.408 22.137 1.547 95 109 92
-20.542 22.133 1.369 159 156 139
-20.501 22.133 1.270 80 86 76
-20.516 22.133 1.298 127 130 111
-20.415 22.136 1.370 157 138 105
-20.405 22.137 1.481 155 135 102
-20.451 22.135 1.305 112 120 109
-20.428 22.136 1.531 98 107 88
-20.463 22.135 1.373 157 137 102
-20.401 22.136 1.362 156 140 106
-20.375 22.138 1.487 154 136 100
-20.395 22.137 1.379 158 139 106
-20.520 22.133 1.221 81 84 53
-20.342 22.138 1.441 158 135 103
-20.472 22.135 1.391 153 133 96
-20.517 22.133 1.419 128 126 103
-20.476 22.135 1.499 150 134 100
-20.419 22.136 1.327 154 138 105
-20.516 22.133 1.319 128 131 104
-20.506 22.134 1.482 145 134 102
-20.512 22.133 1.343 134 129 107
-20.528 22.133 1.363 126 123 108
-20.443 22.135 1.294 106 109 102
-20.508 22.134 1.455 143 136 107
-20.496 22.133 1.218 82 91 88
-20.475 22.135 1.510 155 136 96
-20.383 22.138 1.532 93 109 96
-20.528 22.133 1.371 123 120 105
-20.408 22.137 1.437 157 137 102
-20.520 22.134 1.520 99 103 80
-20.542 22.132 1.291 160 159 141
-20.361 22.138 1.489 157 133 95
-20.386 22.137 1.421 155 136 103
-20.536 22.133 1.310 155 154 134
-20.427 22.136 1.460 151 135 101
-20.389 22.137 1.499 156 133 99
-20.314 22.139 1.492 152 134 94
-20.487 22.134 1.420 155 135 100
-20.520 22.134 1.481 94 93 72
-20.524 22.133 1.234 106 104 79
-20.487 22.135 1.540 120 140 129
-20.488 22.134 1.246 90 103 86
-20.312 22.139 1.461 158 135 104
-20.516 22.134 1.481 134 133 105
-20.433 22.136 1.377 158 138 103
-20.541 22.132 1.236 162 160 145
-20.502 22.134 1.444 149 133 100
-20.464 22.135 1.377 155 135 100
-20.479 22.135 1.429 155 135 100
-20.533 22.133 1.394 153 147 125
-20.306 22.139 1.471 152 135 105
-20.514 22.133 1.396 140 136 111
-20.529 22.133 1.289 127 130 103
-20.364 22.138 1.404 155 136 103
-20.357 22.138 1.482 157 133 95
-20.308 22.139 1.446 159 137 113
-20.542 22.132 1.323 159 158 138
-20.432 22.136 1.474 154 135 102
-20.323 22.139 1.430 159 139 104
-20.536 22.132 1.253 158 156 141
-20.492 22.134 1.269 100 108 97
-20.401 22.137 1.537 94 110 99
-20.360 22.138 1.471 156 132 96
-20.470 22.135 1.548 133 141 126
-20.380 22.138 1.549 98 110 100
-20.469 22.135 1.495 158 133 103
-20.454 22.135 1.344 156 138 102
-20.441 22.136 1.410 157 137 102
-20.512 22.133 1.220 131 136 106
-20.511 22.134 1.444 139 134 104
-20.308 22.140 1.499 149 135 100
-20.531 22.133 1.323 140 138 117
-20.428 22.136 1.452 154 136 98
-20.416 22.137 1.506 158 134 98
-20.432 22.136 1.339 156 138 102
-20.500 22.133 1.272 80 86 76
-20.440 22.136 1.423 156 136 101
-20.353 22.138 1.506 156 134 97
-20.350 22.138 1.468 156 133 99
-20.438 22.135 1.367 154 136 100
-20.537 22.132 1.224 158 157 136
-20.429 22.136 1.484 156 136 103
-20.404 22.137 1.431 156 138 102
-20.526 22.133 1.374 128 125 110
-20.488 22.135 1.504 156 133 92
-20.366 22.138 1.396 157 138 105
-20.477 22.134 1.323 152 139 105
-20.485 22.134 1.291 111 118 102
-20.416 22.137 1.520 113 107 83
-20.309 22.140 1.523 152 136 111
-20.330 22.139 1.432 160 140 107
-20.429 22.136 1.510 158 136 99
-20.311 22.139 1.482 154 135 103
-20.538 22.132 1.234 162 161 143
-20.433 22.135 1.307 93 98 94
-20.364 22.138 1.480 157 135 98
-20.330 22.139 1.420 159 139 104
-20.478 22.135 1.493 153 130 99
-20.379 22.138 1.537 88 111 103
-20.524 22.133 1.346 95 96 78
-20.514 22.134 1.410 135 134 106
-20.439 22.135 1.286 102 107 100
-20.534 22.132 1.203 151 150 130
-20.526 22.134 1.537 127 116 98
-20.424 22.136 1.457 151 135 99
-20.402 22.136 1.334 157 141 107
-20.526 22.133 1.346 130 129 109
-20.529 22.132 1.214 143 144 126
-20.459 22.135 1.294 127 130 119
-20.441 22.136 1.498 153 133 100
-20.456 22.136 1.532 130 142 130
-20.419 22.136 1.351 156 138 102
-20.314 22.139 1.452 160 133 104
-20.536 22.132 1.269 157 156 138
-20.491 22.135 1.530 95 107 87
-20.528 22.133 1.287 131 134 107
-20.437 22.135 1.289 101 106 99
-20.540 22.133 1.425 160 155 135
-20.515 22.134 1.482 134 133 105
-20.359 22.138 1.368 162 137 107
-20.388 22.137 1.535 93 109 98
-20.315 22.139 1.443 161 136 105
-20.380 22.137 1.389 154 138 104
-20.511 22.134 1.445 134 130 101
-20.410 22.136 1.360 154 138 104
-20.375 22.138 1.499 155 135 98
-20.471 22.135 1.517 143 123 96
-20.530 22.133 1.325 142 140 119
-20.462 22.134 1.274 83 94 78
-20.321 22.139 1.439 162 139 105
-20.406 22.136 1.366 150 134 100
-20.490 22.134 1.268 100 108 97
-20.442 22.136 1.529 91 105 90
-20.377 22.138 1.499 157 137 102
-20.418 22.136 1.299 91 103 103
-20.507 22.133 1.233 108 112 95
-20.481 22.135 1.428 156 136 101
-20.455 22.135 1.297 124 127 116
-20.345 22.138 1.384 159 138 107
-20.352 22.138 1.412 158 139 106
-20.528 22.133 1.398 128 125 108
-20.418 22.136 1.366 151 133 97
-20.326 22.139 1.491 158 136 97
-20.503 22.134 1.325 147 134 102
-20.509 22.133 1.272 134 139 119
-20.456 22.135 1.496 153 130 98
-20.385 22.137 1.364 155 141 106
-20.407 22.137 1.474 155 136 103
-20.482 22.134 1.409 156 136 101
-20.542 22.133 1.480 159 157 136
-20.321 22.139 1.445 165 136 104
-20.464 22.135 1.469 158 136 99
-20.487 22.135 1.466 154 136 100
-20.386 22.137 1.347 154 144 109
-20.500 22.134 1.535 95 105 96
-20.465 22.135 1.440 155 135 100
-20.483 22.134 1.248 90 100 89
-20.491 22.134 1.307 94 97 90
-20.499 22.133 1.211 84 94 86
-20.315 22.139 1.510 157 133 95
-20.310 22.140 1.531 89 87 72
-20.523 22.133 1.242 105 105 81
-20.470 22.134 1.292 109 111 100
-20.408 22.136 1.379 156 137 104
-20.346 22.138 1.421 157 137 104
-20.517 22.133 1.222 99 103 70
-20.430 22.136 1.477 154 135 102
-20.373 22.138 1.456 155 135 100
-20.411 22.137 1.469 155 139 105
-20.537 22.132 1.205 157 157 133
-20.354 22.138 1.419 158 138 105
-20.399 22.137 1.462 152 136 102
-20.345 22.139 1.524 151 137 108
-20.452 22.135 1.450 154 134 97
-20.520 22.134 1.471 105 104 83
-20.400 22.137 1.507 158 134 98
-20.515 22.134 1.460 133 132 104
-20.347 22.138 1.415 158 138 105
-20.314 22.139 1.492 154 136 100
-20.388 22.137 1.520 130 125 103
-20.474 22.134 1.289 112 115 104
