4.483 22.729 2.552 173 167 143
4.482 22.879 2.659 157 153 116
4.483 22.789 2.573 151 204 176
4.484 22.775 2.502 157 180 152
4.482 22.963 2.633 201 194 178
4.482 22.799 2.620 187 192 170
4.482 22.810 2.609 159 189 161
4.483 22.881 2.599 164 220 191
4.482 22.734 2.595 167 234 199
4.482 22.780 2.652 167 168 128
4.482 22.815 2.614 179 191 167
4.482 22.743 2.620 180 185 163
4.484 22.695 2.479 170 164 138
4.484 22.778 2.541 158 183 154
4.483 22.764 2.567 141 198 166
4.482 22.695 2.620 184 176 153
4.482 22.801 2.652 168 169 125
4.481 22.717 2.648 105 100 78
4.482 22.719 2.619 184 180 153
4.482 22.699 2.598 176 175 147
4.483 22.790 2.554 141 207 171
4.482 22.813 2.627 193 186 168
4.482 22.721 2.599 160 189 161
4.484 22.708 2.517 178 166 140
4.484 22.784 2.512 147 192 159
4.483 22.707 2.578 176 174 149
4.483 22.803 2.574 142 215 185
4.482 22.826 2.647 192 181 149
4.482 22.776 2.620 175 185 161
4.482 22.698 2.629 186 178 157
4.482 22.714 2.611 180 180 152
4.483 22.743 2.588 145 220 187
4.485 22.735 2.482 156 172 145
4.482 22.890 2.622 190 191 177
4.482 22.903 2.656 158 152 126
4.482 22.822 2.624 191 188 169
4.483 22.806 2.593 145 214 185
4.483 22.709 2.570 176 174 149
4.482 22.923 2.643 197 191 177
4.483 22.781 2.559 152 186 159
4.482 22.839 2.654 117 114 71
4.483 22.815 2.570 140 188 162
4.482 22.842 2.633 190 187 168
4.482 22.931 2.660 202 193 178
4.483 22.938 2.619 188 192 177
4.483 22.839 2.601 151 206 177
4.484 22.734 2.527 148 179 147
4.482 22.931 2.644 207 201 187
4.483 22.842 2.601 147 200 172
4.483 22.696 2.541 178 167 147
4.483 22.716 2.590 165 175 150
4.482 22.771 2.635 194 190 165
4.484 22.706 2.529 179 169 142
4.482 22.754 2.643 157 153 124
4.483 22.941 2.617 180 193 175
4.483 22.816 2.570 145 191 165
4.481 22.713 2.656 112 104 81
4.484 22.730 2.531 157 176 146
4.484 22.696 2.520 176 165 143
4.482 22.728 2.628 193 186 160
4.482 22.732 2.618 180 180 156
4.482 22.733 2.638 196 192 167
4.483 22.766 2.560 141 181 154
4.484 22.745 2.527 146 203 168
4.483 22.868 2.588 142 226 192
4.482 22.768 2.620 173 189 163
4.484 22.814 2.528 160 186 159
4.484 22.699 2.520 175 168 140
4.482 22.881 2.651 163 160 125
4.484 22.796 2.549 141 204 173
4.483 22.842 2.559 130 214 181
4.483 22.709 2.550 184 170 143
4.483 22.794 2.595 153 218 188
4.482 22.804 2.634 193 188 169
4.484 22.806 2.546 142 197 166
4.483 22.930 2.620 186 192 178
4.482 22.823 2.638 193 188 166
4.483 22.818 2.588 131 198 167
4.484 22.761 2.503 128 183 143
4.482 22.907 2.659 164 158 136
4.485 22.719 2.464 171 166 137
4.484 22.755 2.499 127 187 151
4.482 22.956 2.656 191 188 173
4.484 22.764 2.510 138 183 152
4.482 22.954 2.636 201 194 178
4.482 22.815 2.629 194 187 169
4.483 22.778 2.556 158 184 159
4.482 22.843 2.621 190 187 170
4.481 22.788 2.661 168 163 133
4.482 22.970 2.644 188 182 166
4.483 22.829 2.590 158 227 196
4.482 22.926 2.636 195 187 174
4.482 22.960 2.652 186 183 168
4.484 22.723 2.512 166 166 138
4.482 22.967 2.655 189 183 167
4.482 22.721 2.626 184 177 151
4.483 22.953 2.625 199 193 179
4.482 22.943 2.640 202 195 179
4.483 22.923 2.604 146 211 177
4.483 22.700 2.555 176 171 141
4.482 22.846 2.649 168 162 130
4.481 22.741 2.658 112 106 80
4.482 22.977 2.661 181 174 156
4.482 22.757 2.617 177 186 165
4.483 22.818 2.604 161 206 175
4.482 22.920 2.659 170 162 143
4.483 22.750 2.594 134 236 199
4.482 22.729 2.627 193 186 160
4.483 22.869 2.616 178 191 173
4.483 22.723 2.568 178 172 148
4.483 22.806 2.588 145 214 185
4.482 22.716 2.637 195 187 164
4.485 22.732 2.479 164 168 143
4.482 22.809 2.616 178 188 164
4.482 22.784 2.619 178 183 161
4.482 22.883 2.637 194 188 166
4.482 22.861 2.655 124 122 81
4.482 22.877 2.656 159 157 119
4.483 22.782 2.590 143 196 170
4.483 22.789 2.556 140 200 164
4.483 22.705 2.577 177 175 150
4.483 22.895 2.589 169 205 177
4.482 22.787 2.645 202 196 164
4.482 22.776 2.631 191 184 165
4.484 22.698 2.527 179 172 144
4.483 22.818 2.599 144 207 178
4.483 22.901 2.618 189 190 176
4.482 22.808 2.623 193 188 169
4.483 22.708 2.561 179 175 146
4.482 22.771 2.652 164 165 125
4.482 22.973 2.650 187 181 165
4.482 22.851 2.654 124 121 76
4.482 22.706 2.624 189 182 154
4.482 22.876 2.623 184 187 170
4.483 22.835 2.592 148 217 186
4.484 22.707 2.506 181 163 139
4.481 22.692 2.651 114 110 98
4.484 22.769 2.519 148 177 147
4.482 22.768 2.614 166 192 165
4.482 22.854 2.653 124 121 76
4.483 22.757 2.553 130 208 168
4.482 22.754 2.634 191 189 164
4.483 22.746 2.582 153 224 192
4.484 22.706 2.486 176 161 142
4.482 22.795 2.641 196 190 166
4.483 22.807 2.606 177 218 186
4.483 22.779 2.598 131 200 169
4.483 22.848 2.610 162 190 165
4.481 22.737 2.653 107 103 76
4.484 22.834 2.547 144 201 169
4.482 22.844 2.653 122 118 80
4.484 22.822 2.537 160 178 156
4.484 22.789 2.514 136 198 161
4.482 22.961 2.651 186 183 168
4.483 22.939 2.616 180 193 175
4.483 22.789 2.577 149 199 172
4.482 22.854 2.620 187 186 168
4.484 22.794 2.544 142 205 174
4.483 22.757 2.557 136 206 172
4.483 22.778 2.569 156 181 159
4.482 22.761 2.619 168 186 160
4.482 22.801 2.629 191 185 169
4.484 22.711 2.494 169 167 142
4.483 22.695 2.565 180 173 145
4.482 22.762 2.643 187 183 154
4.482 22.937 2.644 208 200 187
4.483 22.802 2.605 174 215 185
4.481 22.694 2.657 120 113 97
4.482 22.823 2.655 157 154 113
4.484 22.793 2.542 142 205 174
4.482 22.802 2.616 177 191 166
4.484 22.733 2.518 144 173 142
4.482 22.777 2.650 164 165 125
4.481 22.774 2.657 160 156 127
4.482 22.821 2.661 166 159 130
4.484 22.715 2.521 173 163 136
4.483 22.857 2.610 173 195 174
4.482 22.770 2.613 149 190 160
4.482 22.955 2.646 192 187 168
4.483 22.867 2.571 138 215 183
4.482 22.727 2.624 187 179 156
4.485 22.728 2.471 172 166 142
4.484 22.762 2.496 131 183 144
4.482 22.961 2.659 185 179 163
4.481 22.728 2.655 107 101 77
4.484 22.771 2.514 151 180 150
4.481 22.714 2.654 112 104 81
4.483 22.812 2.589 127 196 165
4.484 22.721 2.485 167 170 141
4.482 22.848 2.653 121 117 79
4.482 22.856 2.618 189 186 169
4.483 22.730 2.555 162 170 146
4.482 22.886 2.642 201 194 168
4.482 22.694 2.611 184 178 152
4.484 22.817 2.532 163 183 158
4.482 22.820 2.635 194 189 167
4.483 22.773 2.594 136 209 179
4.483 22.774 2.549 164 184 156
4.482 22.892 2.637 194 187 168
4.482 22.891 2.643 200 193 167
4.484 22.720 2.511 167 166 136
4.484 22.754 2.523 139 196 163
4.483 22.761 2.545 140 194 160
4.482 22.803 2.638 193 188 168
4.482 22.787 2.628 191 184 166
4.482 22.818 2.616 179 191 167
4.484 22.827 2.552 163 188 166
4.483 22.837 2.560 142 208 180
4.482 22.983 2.653 184 178 162
4.482 22.986 2.648 185 177 164
4.483 22.736 2.585 127 180 150
4.483 22.849 2.599 151 197 171
4.482 22.748 2.643 154 150 123
4.482 22.854 2.650 119 116 75
4.484 22.783 2.539 152 182 154
4.482 22.774 2.654 162 159 124
4.483 22.778 2.560 158 184 159
4.482 22.934 2.653 218 211 193
4.483 22.743 2.578 146 205 175
4.482 22.968 2.659 186 180 164
4.482 22.779 2.648 195 189 157
4.485 22.705 2.455 174 162 136
4.483 22.828 2.567 148 193 170
4.483 22.706 2.557 179 175 146
4.482 22.947 2.642 197 188 173
4.485 22.723 2.479 173 166 140
4.482 22.749 2.611 142 185 157
4.482 22.813 2.623 191 186 167
4.482 22.939 2.649 212 200 188
4.484 22.748 2.504 137 194 161
4.484 22.726 2.517 161 166 136
4.484 22.705 2.532 177 168 137
4.483 22.894 2.615 177 188 171
4.482 22.719 2.644 148 142 120
4.483 22.757 2.544 132 204 166
4.482 22.904 2.643 198 189 172
4.482 22.960 2.651 189 186 171
4.483 22.878 2.575 158 201 174
4.484 22.731 2.532 157 176 146
4.482 22.948 2.659 199 189 177
4.483 22.905 2.606 170 204 177
4.482 22.743 2.612 151 185 158
4.481 22.700 2.658 125 113 97
4.483 22.746 2.569 152 215 184
4.483 22.845 2.605 153 192 165
4.482 22.761 2.641 187 183 154
4.483 22.892 2.606 176 209 182
4.482 22.823 2.629 193 187 171
4.483 22.770 2.597 128 215 181
4.482 22.702 2.603 183 179 152
4.482 22.929 2.642 203 197 183
4.484 22.698 2.485 174 164 137
4.482 22.791 2.610 163 197 170
4.484 22.719 2.493 164 169 139
4.484 22.743 2.488 140 187 153
4.483 22.757 2.591 134 236 199
4.482 22.778 2.650 195 189 157
4.482 22.698 2.638 188 177 157
4.482 22.842 2.650 173 164 133
4.484 22.766 2.534 144 183 152
4.483 22.865 2.594 157 230 200
4.482 22.750 2.618 177 185 164
4.484 22.707 2.508 181 163 139
4.483 22.788 2.574 151 204 176
4.481 22.695 2.645 131 120 100
4.482 22.715 2.629 187 177 152
4.483 22.866 2.600 174 239 209
4.483 22.803 2.556 145 198 168
4.484 22.770 2.517 150 179 149
4.483 22.901 2.605 179 208 180
4.483 22.837 2.572 142 218 188
4.482 22.730 2.640 181 175 151
4.482 22.904 2.658 161 155 133
4.483 22.876 2.579 149 212 181
4.482 22.815 2.626 194 187 169
4.484 22.704 2.519 177 171 139
4.484 22.770 2.507 149 178 148
4.483 22.834 2.562 146 205 177
4.482 22.799 2.639 194 188 164
4.481 22.766 2.661 166 160 134
4.482 22.758 2.653 134 134 110
4.483 22.869 2.600 171 240 209
4.484 22.843 2.555 128 212 179
4.482 22.828 2.652 141 137 100
4.484 22.791 2.543 143 202 170
4.484 22.727 2.514 156 167 137
4.483 22.829 2.576 160 223 196
4.484 22.790 2.539 146 205 173
4.482 22.836 2.618 182 187 165
4.484 22.756 2.493 125 187 150
4.483 22.721 2.556 182 170 148
4.482 22.917 2.651 165 160 131
4.481 22.702 2.658 125 113 97
4.483 22.861 2.582 138 232 196
4.484 22.734 2.487 153 173 145
4.482 22.971 2.651 187 184 167
4.483 22.733 2.591 164 225 192
4.483 22.828 2.575 147 201 175
4.482 22.899 2.635 196 189 173
4.485 22.714 2.464 174 160 133
4.482 22.765 2.653 164 161 128
4.482 22.963 2.658 185 179 163
4.484 22.798 2.536 141 200 168
4.482 22.789 2.615 173 187 162
4.483 22.778 2.561 158 184 159
4.483 22.841 2.559 130 214 181
4.482 22.773 2.630 191 184 165
4.484 22.799 2.525 136 196 162
4.484 22.751 2.538 139 203 168
4.482 22.696 2.632 193 182 162
4.483 22.763 2.579 133 202 173
4.482 22.867 2.640 198 192 166
4.482 22.972 2.652 187 181 165
4.482 22.734 2.647 119 113 89
4.484 22.703 2.482 175 165 140
4.482 22.875 2.658 162 158 120
4.483 22.712 2.546 186 170 145
4.483 22.753 2.592 134 234 198
4.482 22.737 2.603 167 221 185
4.482 22.833 2.630 186 183 166
4.482 22.731 2.612 167 183 156
4.484 22.712 2.536 181 165 140
4.482 22.775 2.631 191 184 165
4.485 22.709 2.478 171 168 137
4.483 22.755 2.558 135 206 172
4.483 22.855 2.607 170 199 177
4.484 22.696 2.516 179 167 145
4.484 22.779 2.524 154 181 150
4.483 22.910 2.603 159 204 173
4.483 22.808 2.568 148 197 168
4.483 22.765 2.587 132 216 183
4.484 22.746 2.489 136 190 154
4.482 22.800 2.639 194 188 164
4.482 22.780 2.632 190 185 165
4.482 22.696 2.624 186 178 155
4.482 22.801 2.619 186 191 169
4.481 22.750 2.657 105 101 74
4.483 22.852 2.590 148 204 177
4.493 22.955 2.511 168 194 165
4.492 23.007 2.559 209 206 189
4.493 23.012 2.549 189 188 170
4.492 22.994 2.550 181 198 179
4.491 22.863 2.481 130 190 152
4.494 22.917 2.479 121 192 158
4.492 22.860 2.471 143 190 158
4.487 22.972 2.589 197 190 180
4.490 23.013 2.576 189 179 169
4.486 22.720 2.446 169 160 131
4.485 22.774 2.495 153 176 148
4.491 23.010 2.565 201 193 180
4.484 23.000 2.634 203 194 185
4.494 22.972 2.513 170 189 169
4.498 23.009 2.492 194 185 170
4.491 23.012 2.564 184 178 162
4.484 22.973 2.623 201 191 181
4.486 22.810 2.503 144 185 153
4.486 22.954 2.590 178 192 175
4.499 22.999 2.478 191 182 167
4.483 22.997 2.643 186 178 165
4.496 23.010 2.512 205 195 183
4.493 22.848 2.447 175 170 150
4.492 22.904 2.500 180 181 167
4.486 22.992 2.609 200 190 181
4.492 22.932 2.516 129 195 159
4.496 22.946 2.481 148 186 163
4.483 22.889 2.580 173 188 167
4.488 22.804 2.483 123 184 150
4.495 22.975 2.501 194 187 177
4.482 22.995 2.652 184 177 159
4.496 22.959 2.482 176 187 171
4.494 22.893 2.462 154 188 163
4.495 22.898 2.461 133 190 158
4.500 23.009 2.471 197 185 169
4.484 23.003 2.635 207 198 189
4.488 22.880 2.528 184 181 164
4.488 22.919 2.549 147 201 169
4.494 22.956 2.503 181 185 162
4.486 22.810 2.499 143 183 149
4.486 22.835 2.523 141 195 161
4.489 22.912 2.530 146 201 169
4.484 22.863 2.562 133 208 177
4.487 22.907 2.546 170 193 167
4.486 22.726 2.453 169 165 136
4.496 22.929 2.468 137 192 163
4.496 22.995 2.504 195 182 173
4.496 22.898 2.444 179 174 155
4.493 22.968 2.525 161 202 172
4.494 22.871 2.456 167 175 154
4.492 22.917 2.498 159 187 165
4.486 23.011 2.625 202 194 183
4.490 22.881 2.508 169 176 160
4.492 22.911 2.494 170 184 161
4.488 22.868 2.519 154 184 158
4.493 23.012 2.552 189 188 170
4.485 22.907 2.571 188 189 175
4.497 22.936 2.460 163 182 160
4.482 22.971 2.636 200 193 177
4.495 22.977 2.509 176 187 171
4.494 22.978 2.518 161 186 164
4.497 22.953 2.470 180 184 167
4.492 22.833 2.453 171 173 151
4.492 22.867 2.477 129 189 151
4.485 22.782 2.495 147 180 151
4.492 22.975 2.542 157 192 168
4.490 22.802 2.456 161 171 144
4.493 22.990 2.534 157 185 160
4.489 23.003 2.583 198 192 180
4.490 22.983 2.561 182 188 174
4.483 22.930 2.605 146 213 180
4.495 22.935 2.478 111 186 153
4.484 22.920 2.590 144 211 180
4.491 22.971 2.544 155 189 165
4.483 22.943 2.613 174 196 175
4.486 22.818 2.504 158 180 157
4.492 22.878 2.478 140 184 149
4.498 22.938 2.453 181 178 161
4.494 22.886 2.464 163 178 157
4.490 22.796 2.449 173 168 146
4.486 22.879 2.540 181 182 166
4.482 22.991 2.649 185 177 164
4.493 23.006 2.549 202 205 186
4.487 22.936 2.568 146 201 172
4.491 22.889 2.496 184 177 161
4.492 22.934 2.510 125 190 156
4.489 22.762 2.447 175 164 142
4.489 22.888 2.513 181 184 167
4.486 22.982 2.609 200 190 181
4.491 22.882 2.496 172 180 159
4.492 22.884 2.487 166 178 154
4.489 22.926 2.537 116 207 164
4.494 22.975 2.511 170 187 168
4.487 22.906 2.550 185 188 169
4.491 22.971 2.542 159 198 171
4.494 22.917 2.479 121 192 158
4.490 22.907 2.519 167 185 161
4.486 22.853 2.529 125 195 158
4.491 22.815 2.457 160 173 147
4.491 22.936 2.527 126 198 160
4.490 22.787 2.453 165 168 147
4.487 22.916 2.551 156 196 169
4.484 22.986 2.633 202 194 181
4.484 22.962 2.611 190 192 178
4.486 22.874 2.542 175 182 164
4.489 22.948 2.554 147 197 170
4.488 22.852 2.503 111 200 156
4.490 22.822 2.464 144 191 159
4.493 22.941 2.504 131 182 151
4.487 22.895 2.538 169 197 172
4.491 22.995 2.558 193 189 178
4.488 22.751 2.447 171 166 137
4.491 22.852 2.480 137 191 155
4.493 22.849 2.451 171 170 149
4.488 22.950 2.561 163 196 175
4.488 22.893 2.530 168 192 168
4.483 22.934 2.605 153 214 183
4.486 22.762 2.473 142 178 140
4.485 22.842 2.533 140 206 168
4.483 22.883 2.575 168 190 167
4.488 22.969 2.579 192 188 179
4.497 22.956 2.476 172 185 167
4.487 22.900 2.549 188 185 168
4.487 22.875 2.528 178 179 161
4.487 22.780 2.478 156 180 156
4.486 22.979 2.601 199 192 182
4.486 22.988 2.612 201 191 182
4.494 22.953 2.498 180 185 162
4.494 22.892 2.470 157 193 167
4.492 23.010 2.557 202 201 183
4.498 22.929 2.446 185 173 157
4.487 22.914 2.559 170 188 166
4.495 22.917 2.472 103 195 154
4.488 22.979 2.578 190 190 180
4.483 22.874 2.570 158 196 171
4.491 22.978 2.554 166 191 172
4.489 22.864 2.504 122 189 154
4.486 22.830 2.517 154 187 160
4.498 22.952 2.454 191 179 165
4.492 23.011 2.555 202 201 183
4.495 22.964 2.499 190 187 172
4.497 22.991 2.495 196 182 173
4.484 22.885 2.566 181 182 166
4.495 22.948 2.494 165 189 163
4.490 22.788 2.445 176 165 145
4.493 22.887 2.473 158 184 157
4.489 22.814 2.473 135 189 157
4.484 22.930 2.601 137 221 187
4.494 22.903 2.473 105 200 156
4.485 22.915 2.572 172 195 175
4.489 22.893 2.525 170 188 166
4.482 22.996 2.652 185 178 160
4.488 22.806 2.481 124 181 148
4.484 22.898 2.576 184 189 169
4.491 22.891 2.500 185 177 164
4.490 23.008 2.576 212 202 192
4.489 22.953 2.560 178 195 176
4.494 22.917 2.476 106 194 154
4.498 23.001 2.488 196 187 172
4.487 22.864 2.521 143 186 156
4.492 22.895 2.491 184 178 162
4.494 22.874 2.452 172 174 153
4.489 22.959 2.563 179 192 174
4.499 22.974 2.456 189 177 163
4.494 22.898 2.470 138 193 161
4.498 22.991 2.483 194 180 169
4.487 23.013 2.614 195 187 176
4.495 22.882 2.449 179 174 155
4.489 22.901 2.520 169 183 160
4.483 23.005 2.647 184 175 166
4.486 22.794 2.494 133 197 162
4.483 22.932 2.608 148 207 177
4.486 22.745 2.470 147 189 153
4.488 22.812 2.482 138 185 153
4.496 22.889 2.444 179 172 153
4.496 22.914 2.462 142 188 160
4.484 22.939 2.601 154 218 191
4.486 22.799 2.500 130 190 156
4.500 22.969 2.443 190 177 161
4.489 22.942 2.551 140 196 167
4.493 22.946 2.504 154 190 162
4.485 22.962 2.607 188 192 177
4.488 22.981 2.587 194 190 181
4.486 22.989 2.611 201 191 182
4.492 22.866 2.472 136 192 155
4.488 22.925 2.545 129 209 170
4.493 22.880 2.469 149 178 150
4.491 23.003 2.559 204 201 184
4.487 22.889 2.539 172 187 166
4.499 22.999 2.474 188 179 164
4.483 22.981 2.635 202 194 181
4.488 22.794 2.468 137 191 157
4.485 22.728 2.469 169 167 142
4.489 22.953 2.553 172 195 175
4.488 22.829 2.496 147 192 161
4.487 22.902 2.553 191 182 167
4.495 22.970 2.499 192 185 175
4.498 22.963 2.463 190 178 164
4.494 22.921 2.480 134 195 162
4.486 22.933 2.576 153 218 188
4.496 22.905 2.454 168 177 158
4.495 23.004 2.522 204 196 183
4.489 22.953 2.552 165 193 170
4.499 23.008 2.482 205 196 181
4.483 22.955 2.616 192 194 180
4.490 22.800 2.453 165 171 145
4.487 22.974 2.592 197 188 179
4.486 23.008 2.621 204 196 185
4.497 22.977 2.481 199 182 175
4.494 22.982 2.519 167 186 166
4.485 22.974 2.607 199 190 181
4.485 23.008 2.635 209 201 190
4.494 22.917 2.476 106 194 154
4.492 22.911 2.499 172 181 164
4.492 22.927 2.513 141 198 165
4.501 22.983 2.449 190 178 162
4.490 22.956 2.546 166 198 174
4.492 22.964 2.527 166 203 172
4.486 22.793 2.492 133 197 162
4.498 23.010 2.498 189 179 167
4.490 22.986 2.562 190 194 180
4.496 22.907 2.449 174 173 153
4.494 23.001 2.532 191 189 174
4.497 23.002 2.498 204 192 180
4.486 22.801 2.496 130 190 156
4.489 22.795 2.465 144 191 159
4.495 22.987 2.507 189 185 174
4.487 22.783 2.481 146 180 155
4.489 22.989 2.575 190 190 182
4.501 22.972 2.442 190 177 161
4.487 22.799 2.482 127 191 156
4.487 22.904 2.544 159 193 166
4.493 22.938 2.509 123 187 153
4.495 22.988 2.509 183 183 171
4.483 22.942 2.614 174 196 175
4.485 22.956 2.598 176 195 175
4.496 22.987 2.496 197 184 175
4.495 22.888 2.451 173 174 156
4.483 23.012 2.650 185 177 166
4.483 23.009 2.657 179 173 157
4.491 23.009 2.563 201 198 181
4.487 22.747 2.458 144 180 144
4.492 22.914 2.499 165 182 164
4.486 22.994 2.607 200 189 183
4.484 22.787 2.507 137 193 158
4.485 22.758 2.479 123 190 147
4.485 22.724 2.460 167 168 137
4.496 23.006 2.515 207 197 185
4.491 22.889 2.498 184 177 161
4.483 22.980 2.640 192 184 171
4.489 22.904 2.525 152 193 163
4.485 22.776 2.495 156 176 149
4.485 22.759 2.483 124 192 151
4.489 22.909 2.534 134 202 165
4.495 22.997 2.516 197 187 177
4.485 22.933 2.585 148 219 187
4.488 22.941 2.561 147 197 170
4.495 22.991 2.512 187 183 172
4.485 22.795 2.504 133 194 160
4.483 22.912 2.594 146 213 182
4.498 23.001 2.487 196 187 172
4.487 22.886 2.534 173 182 163
4.496 22.988 2.500 192 184 173
4.489 22.973 2.570 189 189 179
4.489 23.011 2.591 198 192 180
4.496 22.897 2.445 178 173 154
4.489 22.809 2.472 134 179 150
4.488 22.983 2.585 192 189 180
4.499 22.974 2.460 188 179 164
4.496 22.933 2.473 118 195 161
4.487 22.876 2.527 178 179 161
4.486 22.985 2.605 201 191 182
4.492 22.918 2.508 166 190 166
4.490 22.915 2.519 163 187 163
4.499 22.999 2.478 191 182 167
4.484 22.963 2.612 193 194 180
4.484 23.000 2.637 198 189 180
4.492 22.852 2.461 159 175 148
4.488 22.963 2.570 188 190 177
4.490 22.863 2.497 130 190 156
4.491 22.982 2.549 161 182 163
4.487 22.990 2.602 199 197 185
4.498 22.996 2.488 197 180 170
4.499 22.969 2.459 190 178 164
4.490 22.806 2.461 149 174 144
4.487 22.793 2.487 128 196 159
4.488 22.814 2.483 142 186 153
4.491 22.862 2.479 134 192 154
4.483 23.008 2.650 183 175 164
4.485 22.822 2.523 167 181 156
4.485 22.957 2.601 176 195 175
4.500 22.988 2.455 193 181 165
4.498 22.967 2.464 190 178 164
4.485 22.904 2.574 188 189 175
4.499 22.977 2.464 187 180 164
4.489 22.763 2.447 175 164 142
4.487 22.951 2.576 179 190 176
4.484 22.892 2.577 183 188 168
4.485 22.794 2.510 134 198 163
4.483 22.922 2.599 137 218 185
4.487 22.796 2.487 127 195 158
4.489 22.777 2.453 168 167 147
4.491 22.883 2.491 173 178 156
4.492 22.955 2.526 171 197 168
4.497 22.941 2.468 148 173 151
4.488 22.903 2.540 168 197 169
4.492 22.829 2.456 172 176 153
4.491 22.834 2.463 149 179 153
4.485 22.913 2.572 179 192 174
4.492 22.945 2.520 143 190 158
4.485 22.761 2.487 134 182 144
4.494 22.881 2.462 156 174 152
4.491 22.902 2.503 184 181 166
4.493 23.002 2.545 193 196 177
4.490 22.872 2.496 146 182 154
4.494 22.904 2.478 132 189 156
4.496 22.983 2.500 191 184 174
4.490 22.922 2.532 119 204 163
4.494 23.008 2.535 195 192 175
4.486 22.890 2.552 189 181 168
4.492 22.915 2.499 165 182 164
4.497 23.002 2.496 204 192 180
4.487 22.908 2.548 170 193 167
4.489 22.984 2.572 189 191 180
4.493 22.917 2.487 159 189 163
4.489 22.944 2.547 141 194 164
4.494 22.865 2.452 171 173 152
4.487 22.957 2.577 182 190 177
4.488 22.919 2.548 142 203 169
4.486 22.876 2.538 179 182 165
4.489 22.839 2.492 118 197 152
4.485 22.939 2.585 150 215 185
4.501 22.987 2.443 193 180 163
4.489 22.944 2.547 141 194 164
4.486 22.785 2.494 144 187 157
4.486 22.942 2.579 154 207 181
4.491 22.917 2.512 171 186 163
4.490 23.007 2.573 214 201 192
4.488 22.794 2.476 130 194 159
4.491 23.000 2.566 204 194 182
4.499 22.997 2.472 188 179 164
4.486 22.751 2.467 145 189 153
4.490 22.962 2.550 162 190 168
4.483 22.924 2.600 136 220 186
4.493 22.864 2.457 165 174 153
4.483 22.967 2.632 203 193 181
4.486 22.911 2.562 178 185 167
4.489 22.845 2.496 112 198 151
4.490 22.973 2.560 179 187 172
4.492 22.839 2.451 173 171 150
4.486 22.873 2.540 175 182 164
4.483 22.993 2.641 193 185 172
4.494 22.872 2.449 177 172 152
4.493 23.001 2.543 196 199 180
4.494 22.940 2.497 137 182 151
4.498 22.977 2.474 192 182 170
4.490 23.002 2.576 208 198 188
4.502 23.001 2.449 201 186 167
4.491 22.844 2.466 150 173 147
4.496 23.012 2.517 177 169 156
4.487 22.972 2.590 197 190 180
4.488 22.755 2.455 165 168 137
4.484 22.852 2.545 127 207 170
4.519 22.958 2.495 176 184 169
4.520 22.936 2.490 113 187 154
4.523 22.928 2.504 132 202 165
4.510 22.950 2.452 188 177 159
4.529 22.762 2.472 168 166 143
4.527 22.944 2.528 129 183 151
4.514 22.974 2.476 190 180 168
4.521 22.946 2.500 138 181 154
4.508 22.966 2.446 190 178 164
4.520 22.904 2.478 120 196 158
4.524 22.801 2.462 173 168 146
4.510 22.955 2.452 188 174 161
4.525 22.815 2.472 163 171 148
4.530 22.811 2.493 131 177 148
4.520 22.960 2.501 177 185 170
4.523 22.840 2.471 167 172 150
4.516 22.904 2.464 164 177 157
4.525 22.824 2.473 168 173 151
4.515 22.909 2.460 179 173 157
4.531 22.920 2.534 165 189 167
4.528 22.924 2.525 158 193 171
4.529 22.787 2.477 157 175 149
4.527 22.876 2.502 142 183 151
4.528 22.904 2.517 183 180 165
4.520 22.939 2.491 120 183 154
4.525 22.868 2.488 135 191 152
4.516 22.907 2.465 168 175 159
4.524 22.905 2.500 177 182 160
4.530 22.800 2.490 131 186 154
4.522 22.827 2.462 174 172 151
4.513 22.965 2.469 188 178 166
4.527 22.952 2.528 158 204 168
4.521 22.967 2.509 189 183 171
4.524 22.941 2.511 139 182 154
4.515 22.954 2.477 182 180 165
4.527 22.816 2.481 145 186 154
4.524 22.815 2.466 168 170 149
4.527 22.889 2.509 178 179 165
4.522 22.949 2.505 153 185 162
4.530 22.801 2.487 138 185 153
4.528 22.785 2.474 161 171 147
4.520 22.929 2.490 114 196 160
4.518 22.957 2.489 173 184 167
4.531 22.799 2.493 128 188 154
4.530 22.752 2.471 173 166 140
4.511 22.963 2.458 189 177 163
4.532 22.747 2.477 155 168 138
4.527 22.859 2.494 136 194 153
4.525 22.877 2.492 134 184 147
4.523 22.903 2.493 154 189 157
4.505 22.989 2.442 196 180 165
4.515 22.893 2.453 183 172 154
4.524 22.902 2.499 171 181 157
4.525 22.873 2.494 129 187 146
4.507 22.978 2.447 190 178 162
4.512 22.987 2.474 193 181 167
4.525 22.848 2.481 153 176 150
4.508 22.966 2.449 188 176 162
4.529 22.752 2.467 174 162 138
4.513 22.912 2.451 182 174 155
4.527 22.856 2.497 144 191 155
4.522 22.939 2.504 126 185 153
4.509 22.972 2.455 191 179 165
4.509 22.982 2.458 192 180 164
4.528 22.898 2.516 184 178 166
4.523 22.900 2.494 166 184 158
4.507 22.994 2.451 192 179 163
4.517 22.955 2.483 165 187 166
4.518 22.865 2.456 181 168 151
4.524 22.865 2.485 143 188 155
4.511 22.975 2.466 190 178 164
4.526 22.897 2.506 184 176 163
4.528 22.807 2.481 143 174 143
4.512 22.932 2.452 180 173 154
4.531 22.815 2.497 141 192 161
4.528 22.889 2.512 181 177 165
4.522 22.915 2.494 147 188 158
4.530 22.785 2.481 158 188 160
4.517 22.909 2.469 143 186 159
4.517 22.935 2.478 131 184 154
4.515 22.914 2.461 177 175 160
4.524 22.880 2.491 141 182 148
4.518 22.963 2.494 182 180 168
4.526 22.800 2.471 168 170 146
4.529 22.831 2.494 125 197 159
4.523 22.914 2.495 147 188 158
4.530 22.942 2.540 134 191 156
4.514 22.965 2.475 188 182 168
4.526 22.802 2.473 168 170 146
4.531 22.803 2.493 128 182 150
4.526 22.844 2.487 141 177 149
4.521 22.857 2.467 170 175 153
4.522 22.885 2.484 157 181 157
4.513 22.924 2.454 181 174 155
4.524 22.954 2.518 171 185 162
4.530 22.930 2.533 140 199 167
4.526 22.895 2.504 184 178 162
4.530 22.767 2.479 164 168 143
4.513 22.956 2.467 186 178 165
4.529 22.855 2.504 136 191 152
4.530 22.852 2.509 130 190 152
4.521 22.873 2.474 151 174 148
4.521 22.837 2.460 176 169 150
4.512 22.961 2.463 187 178 163
4.524 22.821 2.471 167 170 149
4.526 22.843 2.486 141 177 149
4.526 22.864 2.493 130 193 150
4.524 22.901 2.496 166 184 158
4.529 22.782 2.476 160 168 145
4.522 22.926 2.499 133 200 165
4.521 22.846 2.463 171 170 149
4.521 22.951 2.502 160 189 167
4.518 22.974 2.496 199 180 173
4.513 22.920 2.455 180 175 156
4.524 22.918 2.503 155 190 160
4.508 22.955 2.446 190 176 163
4.524 22.850 2.481 153 176 150
4.517 22.906 2.469 156 179 159
4.530 22.796 2.487 139 188 156
4.521 22.867 2.472 158 178 153
4.523 22.852 2.473 162 174 150
4.516 22.974 2.488 197 180 172
4.520 22.954 2.496 175 186 170
4.527 22.789 2.469 170 168 145
4.512 22.929 2.452 186 175 157
4.529 22.813 2.489 137 186 154
4.516 22.943 2.477 134 177 150
4.523 22.898 2.494 170 184 159
4.509 22.964 2.452 187 175 161
4.512 22.927 2.453 181 174 155
4.522 22.863 2.476 154 184 158
4.523 22.926 2.503 139 203 168
4.522 22.950 2.505 163 191 168
4.531 22.794 2.489 136 191 159
4.531 22.784 2.488 147 181 154
4.513 22.929 2.457 179 176 157
4.522 22.856 2.473 160 172 148
4.524 22.847 2.477 156 171 148
4.528 22.816 2.486 137 191 157
4.511 22.947 2.455 185 176 159
4.530 22.871 2.514 135 181 153
4.513 22.949 2.466 187 175 163
4.527 22.792 2.470 170 170 146
4.531 22.850 2.511 123 194 152
4.508 22.769 2.454 176 164 142
4.507 22.776 2.453 176 164 142
4.507 22.844 2.450 178 170 147
4.505 22.759 2.453 176 164 142
4.498 22.779 2.448 175 164 142
4.488 22.721 2.445 171 160 130
4.503 22.913 2.444 189 172 154
4.507 22.764 2.454 178 163 142
4.513 22.873 2.452 183 170 151
4.507 22.779 2.453 175 163 141
4.504 22.816 2.449 176 168 145
4.515 22.832 2.455 180 169 147
4.520 22.742 2.462 175 164 136
4.497 22.754 2.449 174 162 138
4.505 22.894 2.446 181 173 154
4.528 22.733 2.467 175 164 134
4.517 22.831 2.456 180 169 149
4.506 22.947 2.444 195 178 162
4.514 22.833 2.454 180 169 147
4.517 22.778 2.459 178 163 144
4.510 22.910 2.448 187 172 153
4.527 22.742 2.466 175 164 136
4.527 22.756 2.466 174 162 138
4.498 22.822 2.446 176 168 145
4.508 22.718 2.456 172 161 133
4.501 22.718 2.453 172 161 133
4.514 22.810 2.456 179 168 148
4.499 22.901 2.442 184 173 155
4.515 22.890 2.452 182 171 153
4.516 22.867 2.454 180 167 148
4.504 22.990 2.441 193 177 161
4.496 22.816 2.445 178 167 145
4.503 22.819 2.449 176 168 145
4.493 22.707 2.448 178 164 135
4.498 22.750 2.449 174 162 138
4.518 22.793 2.459 176 165 145
4.507 22.901 2.447 182 174 153
4.525 22.734 2.466 175 164 134
4.506 22.957 2.444 189 175 162
4.516 22.727 2.461 176 165 135
4.513 22.845 2.453 181 170 148
4.523 22.732 2.464 175 164 134
4.503 22.991 2.440 197 180 164
4.508 22.856 2.450 181 170 148
4.511 22.742 2.457 175 164 136
4.504 22.992 2.441 193 177 161
4.494 22.822 2.443 179 168 146
4.494 22.828 2.443 179 168 146
4.527 22.769 2.465 175 164 144
4.501 22.834 2.447 177 171 147
4.512 22.832 2.453 180 172 149
4.504 22.941 2.443 195 176 161
4.506 22.788 2.452 175 164 142
4.503 22.763 2.452 176 164 142
4.506 22.964 2.443 192 180 166
4.489 22.723 2.445 175 164 134
4.528 22.733 2.468 175 164 134
4.495 22.739 2.448 174 163 135
4.520 22.721 2.463 172 161 131
4.510 22.896 2.449 181 173 154
4.506 22.835 2.450 177 171 147
4.502 22.849 2.447 180 169 147
4.515 22.794 2.457 177 165 143
4.510 22.711 2.458 175 163 137
4.502 22.984 2.440 197 184 168
4.508 22.818 2.452 176 168 145
4.495 22.860 2.442 185 170 149
4.507 22.767 2.454 178 163 142
4.509 22.745 2.456 175 164 136
4.512 22.899 2.450 182 174 155
4.511 22.801 2.454 178 167 145
4.492 22.724 2.447 174 163 133
4.506 22.878 2.448 179 172 153
4.507 22.855 2.449 181 170 148
4.503 22.774 2.451 175 164 142
4.496 22.796 2.446 174 166 143
4.514 22.790 2.456 177 165 143
4.511 22.923 2.448 187 171 155
4.501 22.913 2.443 185 174 154
4.516 22.853 2.455 181 170 148
4.502 22.830 2.448 177 171 147
4.513 22.892 2.451 183 172 154
4.591 22.926 2.657 136 215 184
4.593 22.910 2.656 150 211 178
4.596 22.891 2.655 145 194 164
4.591 22.923 2.654 137 216 185
4.589 22.937 2.655 148 218 190
4.594 22.908 2.642 164 194 170
4.595 22.902 2.644 168 200 177
4.591 22.926 2.653 138 217 186
4.597 22.882 2.656 152 216 182
4.590 22.938 2.652 148 218 190
4.594 22.907 2.644 164 194 170
4.587 22.950 2.660 165 205 179
4.555 22.941 2.584 134 199 165
4.560 22.946 2.595 147 197 170
4.585 22.968 2.655 188 192 177
4.584 22.963 2.650 179 193 176
4.578 22.987 2.653 197 190 180
4.565 22.931 2.596 148 207 175
4.570 22.990 2.642 198 194 185
4.577 22.964 2.638 182 190 175
4.572 22.936 2.612 153 212 184
4.572 22.969 2.632 194 191 182
4.578 22.930 2.618 160 208 182
4.588 22.940 2.643 148 217 188
4.550 22.950 2.580 157 200 173
4.574 22.940 2.617 144 209 179
4.556 22.939 2.584 134 199 165
4.565 22.952 2.609 158 196 173
4.585 22.941 2.638 148 217 186
4.578 22.943 2.626 146 211 181
4.567 22.986 2.633 193 186 178
4.571 22.954 2.621 171 196 177
4.576 22.943 2.623 148 208 180
4.555 22.957 2.594 172 196 174
4.577 22.987 2.654 197 190 180
4.578 22.937 2.623 151 218 187
4.577 22.927 2.615 159 203 178
4.580 22.958 2.639 172 195 175
4.583 22.952 2.641 153 203 176
4.570 22.967 2.627 194 191 182
4.579 22.979 2.652 198 192 180
4.580 22.979 2.652 198 192 180
4.582 22.980 2.656 198 192 180
4.556 22.971 2.605 192 190 178
4.581 22.932 2.626 157 216 188
4.549 22.940 2.572 111 197 150
4.568 22.952 2.614 159 197 176
4.577 22.956 2.632 168 195 176
4.568 22.944 2.610 143 199 172
4.584 22.920 2.624 179 190 173
4.539 22.954 2.563 151 196 165
4.553 22.969 2.597 183 187 173
4.555 22.950 2.590 151 194 167
4.556 22.935 2.582 123 211 161
4.561 22.947 2.599 148 196 170
4.582 22.932 2.627 153 220 189
4.558 22.954 2.597 163 197 173
4.587 22.919 2.627 173 190 172
4.590 22.918 2.632 168 193 172
4.582 22.961 2.645 176 193 175
4.585 22.943 2.639 150 215 185
4.569 22.986 2.637 194 190 181
4.550 22.946 2.578 148 197 168
4.563 22.965 2.614 183 189 175
4.575 22.967 2.636 190 190 178
4.563 22.953 2.605 163 196 175
4.543 22.958 2.573 166 200 176
4.518 22.997 2.488 192 189 172
4.514 22.994 2.476 192 187 168
4.532 22.990 2.532 185 188 171
4.571 22.994 2.645 198 194 185
4.540 22.997 2.553 172 191 169
4.544 22.965 2.576 163 191 169
4.505 23.005 2.448 205 182 174
4.534 23.000 2.534 192 189 174
4.521 22.975 2.506 185 181 169
4.535 22.980 2.543 146 186 159
4.520 22.994 2.495 197 181 165
4.567 22.994 2.631 195 188 180
4.563 22.985 2.623 196 189 181
4.544 22.997 2.564 163 185 164
4.529 22.964 2.534 163 195 172
4.535 22.990 2.541 175 194 174
4.574 22.997 2.652 201 197 188
4.552 22.978 2.596 186 194 181
4.547 22.983 2.579 160 187 168
4.521 22.993 2.499 193 179 170
4.563 22.984 2.623 196 189 181
4.545 22.992 2.570 171 184 167
4.523 22.966 2.516 185 194 165
4.527 22.975 2.523 179 196 162
4.521 23.002 2.495 196 183 174
4.527 22.985 2.520 190 184 172
4.510 23.002 2.463 197 189 168
4.545 22.969 2.577 161 186 165
4.543 22.962 2.574 167 196 174
4.552 22.992 2.589 188 190 176
4.569 23.001 2.636 199 192 184
4.544 22.981 2.570 146 178 154
4.541 22.964 2.567 164 203 176
4.532 22.950 2.546 145 196 155
4.549 22.985 2.582 170 191 174
4.531 22.956 2.542 165 193 171
4.523 22.984 2.508 192 186 170
4.545 22.967 2.578 161 186 165
4.519 23.000 2.489 195 187 174
4.551 22.993 2.586 187 196 179
4.534 22.961 2.548 171 200 170
4.523 23.000 2.501 202 188 179
4.534 22.987 2.540 165 187 166
4.539 22.986 2.554 145 192 160
4.538 23.003 2.544 194 188 174
4.539 22.960 2.563 158 194 166
4.538 22.996 2.547 184 193 174
4.526 22.958 2.526 156 202 163
4.528 22.966 2.530 158 193 171
4.516 22.992 2.485 196 179 169
4.564 22.988 2.625 195 188 180
4.514 23.004 2.472 198 181 171
4.558 22.983 2.611 192 194 183
4.514 22.995 2.476 192 185 167
4.520 22.987 2.497 196 178 176
4.510 23.002 2.463 197 189 168
4.521 22.974 2.505 186 183 164
4.540 22.985 2.557 149 194 163
4.538 23.002 2.543 194 188 174
4.559 22.986 2.611 191 193 182
4.562 22.991 2.619 193 190 181
4.526 22.998 2.511 197 183 174
4.516 22.998 2.483 192 178 169
4.540 23.004 2.551 198 190 177
4.525 22.966 2.521 172 196 164
4.534 22.978 2.543 146 186 159
4.509 23.007 2.456 200 189 169
4.513 23.002 2.470 201 183 171
4.521 22.976 2.506 185 181 169
4.540 22.894 2.518 186 177 162
4.545 22.769 2.475 179 162 146
4.563 22.829 2.478 183 167 151
4.565 22.792 2.464 180 164 139
4.536 22.880 2.518 167 180 162
4.539 22.860 2.509 131 193 154
4.549 22.785 2.476 173 164 147
4.535 22.741 2.474 160 171 137
4.563 22.814 2.473 181 166 145
4.538 22.921 2.529 170 187 168
4.531 22.912 2.531 173 187 161
4.532 22.797 2.495 130 192 153
4.551 22.881 2.505 141 184 154
4.543 22.863 2.506 126 194 153
4.541 22.909 2.522 180 177 162
4.576 22.798 2.457 105 92 73
4.550 22.865 2.501 134 192 154
4.535 22.926 2.533 158 193 171
4.538 22.835 2.502 125 191 155
4.552 22.857 2.496 148 189 157
4.555 22.871 2.498 141 185 152
4.556 22.839 2.487 162 174 150
4.537 22.808 2.494 130 175 144
4.558 22.789 2.470 178 166 144
4.546 22.902 2.516 177 182 160
4.565 22.797 2.466 180 166 140
4.532 22.817 2.501 139 190 157
4.571 22.788 2.458 132 117 94
4.567 22.790 2.462 176 160 135
4.552 22.860 2.497 143 190 156
4.535 22.754 2.478 157 172 139
4.544 22.832 2.496 121 198 162
4.548 22.832 2.492 141 191 156
4.576 22.815 2.462 152 141 119
4.538 22.923 2.529 170 187 168
4.548 22.786 2.478 173 164 147
4.543 22.909 2.521 179 180 166
4.555 22.795 2.474 174 168 144
4.570 22.785 2.458 150 135 112
4.546 22.881 2.509 162 180 158
4.559 22.781 2.466 179 164 141
4.532 22.786 2.491 140 198 158
4.542 22.799 2.487 148 181 152
4.546 22.832 2.494 123 199 163
4.557 22.814 2.478 174 169 147
4.555 22.808 2.479 170 168 145
4.549 22.847 2.496 147 177 149
4.561 22.856 2.488 165 175 151
4.574 22.816 2.464 152 141 119
4.542 22.903 2.520 185 177 164
4.558 22.792 2.470 173 166 140
4.532 22.876 2.520 143 186 156
4.547 22.749 2.466 181 161 137
4.545 22.758 2.471 180 162 140
4.544 22.775 2.477 168 167 147
4.545 22.774 2.476 176 163 147
4.543 22.847 2.501 138 185 153
4.561 22.841 2.483 173 171 150
4.535 22.854 2.510 135 191 154
4.533 22.758 2.481 159 172 142
4.553 22.851 2.493 149 175 148
4.533 22.724 2.470 174 165 136
4.556 22.793 2.472 173 166 140
4.545 22.781 2.479 164 167 148
4.537 22.815 2.496 145 188 160
4.547 22.851 2.499 148 183 153
4.553 22.826 2.486 154 180 153
4.539 22.888 2.517 181 179 164
4.535 22.889 2.521 174 178 161
4.534 22.868 2.515 132 186 152
4.541 22.908 2.522 180 177 162
4.542 22.769 2.477 171 166 146
4.548 22.853 2.499 146 187 155
4.566 22.815 2.471 177 165 141
4.548 22.762 2.470 174 164 137
4.557 22.785 2.469 177 165 143
4.567 22.832 2.475 176 168 145
4.563 22.705 2.602 180 174 148
4.558 22.711 2.617 169 175 149
4.567 22.721 2.624 166 180 155
4.543 22.723 2.652 178 181 154
4.559 22.725 2.637 166 211 178
4.517 22.699 2.643 185 178 152
4.550 22.715 2.633 160 181 150
4.591 22.761 2.660 136 220 184
4.543 22.721 2.648 178 181 154
4.574 22.747 2.655 151 236 197
4.576 22.728 2.623 160 178 154
4.530 22.719 2.659 184 178 152
4.571 22.721 2.619 169 177 153
4.560 22.703 2.603 179 173 147
4.535 22.716 2.649 184 180 153
4.569 22.723 2.623 167 181 156
4.578 22.739 2.639 140 224 188
4.572 22.741 2.649 149 234 195
4.534 22.712 2.645 183 179 152
4.581 22.738 2.634 140 201 170
4.502 22.697 2.655 125 119 97
4.543 22.702 2.620 178 178 154
4.563 22.733 2.646 168 225 190
4.558 22.730 2.646 174 209 177
4.565 22.725 2.631 148 193 164
4.560 22.729 2.641 162 219 184
4.531 22.709 2.642 185 181 154
4.524 22.698 2.634 182 175 149
4.573 22.724 2.620 167 179 155
4.560 22.718 2.625 162 176 150
4.561 22.722 2.631 153 190 159
4.519 22.707 2.652 191 183 160
4.563 22.711 2.611 174 177 150
4.558 22.727 2.641 165 212 178
4.533 22.715 2.650 184 180 153
4.583 22.742 2.638 147 218 186
4.530 22.718 2.658 185 179 153
4.569 22.742 2.654 154 199 170
4.557 22.728 2.643 162 206 173
4.577 22.736 2.635 126 189 158
4.511 22.707 2.661 129 121 100
4.571 22.744 2.654 154 213 181
4.521 22.708 2.652 191 183 160
4.565 22.717 2.619 164 177 151
4.556 22.731 2.650 167 192 163
4.521 22.700 2.640 185 178 152
4.554 22.706 2.566 180 166 139
4.514 22.699 2.493 172 161 133
4.543 22.700 2.559 180 166 140
4.533 22.701 2.531 178 168 141
4.514 22.704 2.479 170 165 135
4.536 22.702 2.538 181 166 143
4.501 22.700 2.460 171 165 131
4.545 22.705 2.550 181 167 141
4.528 22.712 2.490 175 163 137
4.546 22.709 2.539 174 162 138
4.527 22.700 2.523 177 167 140
4.519 22.705 2.489 173 161 135
4.545 22.703 2.555 181 167 141
4.539 22.707 2.529 172 165 139
4.513 22.709 2.463 171 162 133
4.532 22.703 2.525 173 166 138
4.519 22.713 2.466 167 160 131
4.515 22.701 2.490 172 160 134
4.547 22.707 2.547 178 164 138
4.545 22.703 2.556 182 168 142
4.542 22.715 2.514 171 167 140
4.544 22.705 2.546 180 165 142
4.503 22.699 2.468 174 168 134
4.535 22.712 2.503 177 165 139
4.551 22.705 2.563 178 166 140
4.546 22.708 2.544 178 163 140
4.541 22.710 2.524 171 165 139
4.529 22.717 2.476 168 163 133
4.523 22.699 2.515 172 167 138
4.549 22.701 2.569 179 168 140
4.492 22.697 2.450 175 162 145
4.520 22.703 2.497 176 162 136
4.521 22.703 2.499 177 163 137
4.511 22.701 2.482 171 164 135
4.536 22.699 2.581 175 169 143
4.506 22.695 2.524 185 163 139
4.483 22.692 2.624 181 177 142
4.527 22.697 2.605 179 175 148
4.496 22.694 2.572 179 174 142
4.488 22.693 2.549 180 167 150
4.489 22.693 2.582 180 175 155
4.493 22.693 2.605 184 176 153
4.535 22.699 2.556 176 164 138
4.498 22.694 2.563 176 171 141
4.502 22.695 2.518 179 165 139
4.510 22.696 2.576 182 172 147
4.516 22.696 2.589 174 173 145
4.529 22.698 2.606 178 174 147
4.531 22.698 2.579 175 170 141
4.492 22.693 2.619 186 175 153
4.495 22.693 2.646 189 181 162
4.486 22.693 2.489 170 166 131
4.506 22.695 2.617 184 179 150
4.509 22.696 2.541 179 168 140
4.490 22.693 2.554 187 174 157
4.500 22.694 2.607 180 176 151
4.506 22.695 2.533 178 167 139
4.499 22.695 2.502 175 166 133
4.490 22.694 2.531 179 166 147
4.493 22.694 2.551 179 166 149
4.538 22.699 2.597 179 173 147
4.515 22.697 2.543 178 166 140
4.511 22.696 2.533 179 168 140
4.482 22.692 2.636 196 187 158
4.487 22.692 2.657 117 110 91
4.487 22.692 2.660 120 113 95
4.528 22.698 2.580 176 170 144
4.495 22.694 2.562 179 172 144
4.485 22.693 2.525 173 164 131
4.500 22.694 2.652 149 138 118
4.501 22.695 2.568 173 169 140
4.501 22.695 2.542 178 168 143
4.506 22.695 2.616 184 179 150
4.502 22.695 2.561 180 174 148
4.494 22.693 2.636 186 180 158
4.484 22.692 2.583 176 176 140
4.532 22.699 2.548 180 166 140
4.487 22.693 2.580 180 177 146
4.488 22.692 2.655 119 111 92
4.498 22.694 2.578 173 172 142
4.500 22.695 2.561 180 174 148
4.493 22.694 2.494 175 163 141
4.488 22.694 2.471 169 163 129
4.485 22.693 2.547 182 170 144
4.524 22.697 2.589 176 172 145
4.524 22.698 2.541 181 167 141
4.497 22.694 2.557 183 173 146
4.488 22.693 2.521 176 165 137
4.487 22.692 2.654 119 111 92
4.487 22.693 2.607 185 177 156
4.506 22.695 2.610 179 175 146
4.546 22.700 2.599 179 173 149
4.485 22.693 2.579 180 177 146
4.508 22.695 2.617 181 176 147
4.530 22.698 2.559 177 167 140
4.505 22.695 2.598 178 177 149
4.553 22.701 2.592 182 172 147
4.537 22.699 2.550 180 166 140
4.497 22.694 2.649 172 164 143
4.529 22.698 2.557 175 165 138
4.500 22.695 2.528 178 162 136
4.519 22.697 2.599 180 176 149
4.518 22.697 2.518 175 165 138
4.500 22.694 2.554 181 171 144
4.502 22.695 2.494 174 164 137
4.507 22.695 2.583 173 172 144
4.514 22.696 2.585 173 172 144
4.490 22.693 2.539 179 166 147
4.520 22.697 2.590 176 172 145
4.498 22.695 2.471 173 166 140
4.528 22.698 2.555 175 165 138
4.487 22.692 2.627 183 175 152
4.482 22.692 2.646 134 120 94
4.546 22.700 2.569 179 168 140
4.526 22.698 2.549 181 167 141
4.516 22.697 2.511 172 165 136
4.516 22.696 2.604 182 178 151
4.543 22.700 2.590 180 173 147
4.519 22.696 2.613 179 175 146
4.511 22.696 2.500 176 165 137
4.516 22.697 2.513 172 165 136
4.492 22.693 2.614 189 181 158
4.512 22.696 2.563 177 170 142
4.502 23.012 2.574 190 184 170
4.558 23.005 2.640 195 188 178
4.493 23.016 2.629 182 174 163
4.534 23.008 2.610 212 206 194
4.507 23.012 2.573 198 192 178
4.507 23.012 2.583 199 189 179
4.502 23.015 2.649 196 186 176
4.561 23.005 2.657 202 192 182
4.520 23.009 2.560 202 203 185
4.526 23.010 2.621 203 199 187
4.559 23.005 2.646 196 187 178
4.546 23.006 2.616 201 197 186
4.540 23.007 2.612 200 194 182
4.527 23.009 2.599 207 193 184
4.514 23.011 2.599 215 205 193
4.509 23.009 2.487 201 192 177
4.516 23.008 2.496 206 196 184
4.502 23.010 2.481 201 189 175
4.550 23.006 2.608 198 189 180
4.517 23.010 2.585 207 197 187
4.537 23.006 2.554 193 194 176
4.517 23.008 2.498 206 198 185
4.526 23.010 2.625 206 202 190
4.507 23.009 2.501 194 186 173
4.548 23.007 2.636 198 191 181
4.537 23.007 2.588 206 198 187
4.508 23.012 2.587 203 193 181
4.494 23.016 2.650 186 176 166
4.545 23.006 2.601 213 199 190
4.523 23.008 2.531 211 197 186
4.566 23.004 2.658 200 190 181
4.534 23.008 2.600 211 197 188
4.502 23.012 2.555 197 199 178
4.504 23.011 2.546 194 191 174
4.549 23.006 2.618 196 192 181
4.557 23.004 2.609 200 191 182
4.534 23.006 2.542 203 195 182
4.512 23.010 2.538 209 201 188
4.511 23.013 2.639 200 190 180
4.505 23.013 2.603 184 174 164
4.521 23.011 2.627 207 203 191
4.505 23.008 2.450 201 185 169
4.513 23.011 2.583 201 191 181
4.510 23.012 2.613 195 185 175
4.549 23.006 2.612 195 188 178
4.540 23.009 2.653 204 196 185
4.490 23.015 2.588 182 172 160
4.524 23.010 2.616 202 196 184
4.506 23.013 2.619 201 195 183
4.522 23.011 2.651 212 204 193
4.550 23.006 2.608 200 191 182
4.562 23.004 2.635 196 192 181
4.549 23.006 2.624 202 200 188
4.515 23.012 2.625 204 200 188
4.536 23.009 2.644 208 195 186
4.510 23.013 2.622 201 195 183
4.507 23.013 2.612 195 185 175
4.495 23.013 2.545 185 182 165
4.532 23.010 2.643 207 197 187
4.495 23.015 2.624 187 179 168
4.517 23.009 2.558 200 203 182
4.539 23.008 2.644 205 195 185
4.569 23.003 2.638 196 192 181
4.525 23.010 2.604 209 199 189
4.526 23.007 2.533 210 196 185
4.510 23.010 2.544 202 196 182
4.525 23.010 2.617 200 196 184
4.540 23.007 2.590 204 194 184
4.548 23.005 2.589 201 193 182
4.538 23.006 2.565 194 197 180
4.516 23.012 2.637 205 197 186
4.507 23.011 2.561 200 201 183
4.498 23.015 2.647 194 184 174
4.531 23.008 2.571 196 197 181
4.522 23.007 2.512 205 191 180
4.516 23.010 2.581 202 194 183
4.511 23.010 2.540 205 199 185
4.491 23.015 2.590 188 178 166
4.531 23.007 2.540 207 195 183
4.521 23.007 2.505 206 198 185
4.489 23.016 2.603 186 178 167
4.526 23.008 2.553 205 203 188
4.510 23.012 2.599 214 204 192
4.506 23.011 2.555 201 203 182
4.513 23.009 2.524 207 197 185
4.527 23.008 2.563 202 200 185
4.523 23.007 2.498 205 195 183
4.503 23.009 2.454 199 185 172
4.531 23.010 2.645 209 196 187
4.516 23.010 2.583 202 194 183
4.543 23.008 2.638 203 195 184
4.512 23.009 2.518 203 193 181
4.533 23.008 2.601 211 197 188
4.502 23.012 2.548 194 191 174
4.517 23.010 2.576 209 203 191
4.558 23.005 2.619 192 188 177
4.566 23.003 2.631 194 192 180
4.551 23.007 2.660 202 192 180
4.564 23.004 2.643 194 187 177
4.541 23.007 2.616 201 195 183
4.501 23.013 2.578 193 185 174
4.506 23.013 2.626 199 193 181
4.534 23.010 2.658 211 201 189
4.511 23.014 2.657 191 181 169
4.520 23.011 2.634 205 199 187
4.562 23.005 2.659 201 191 181
4.503 23.011 2.528 199 190 175
