-26.549 22.161 1.491 162 160 145
-26.457 22.160 1.442 164 160 149
-26.485 22.160 1.431 141 130 108
-26.487 22.160 1.382 146 114 65
-26.446 22.160 1.523 95 99 82
-26.528 22.161 1.500 172 169 160
-26.538 22.161 1.508 170 164 150
-26.480 22.160 1.518 111 109 96
-26.400 22.159 1.373 141 117 69
-26.415 22.159 1.264 98 105 97
-26.454 22.160 1.409 144 116 68
-26.462 22.160 1.453 147 146 141
-26.489 22.160 1.523 99 103 86
-26.439 22.160 1.492 142 143 127
-26.536 22.161 1.492 181 177 168
-26.413 22.160 1.546 84 93 76
-26.405 22.159 1.267 44 49 43
-26.465 22.160 1.452 142 141 136
-26.442 22.160 1.490 148 145 138
-26.453 22.160 1.535 95 102 84
-26.405 22.159 1.458 159 154 151
-26.415 22.159 1.350 149 117 68
-26.516 22.160 1.526 89 94 74
-26.498 22.160 1.461 164 164 156
-26.468 22.160 1.473 161 158 151
-26.409 22.159 1.265 99 106 98
-26.450 22.160 1.458 149 149 137
-26.457 22.160 1.418 145 109 61
-26.447 22.160 1.478 161 158 149
-26.435 22.160 1.492 151 151 139
-26.511 22.160 1.486 140 136 125
-26.408 22.159 1.209 103 103 95
-26.447 22.160 1.455 118 119 105
-26.405 22.159 1.415 144 117 64
-26.414 22.159 1.395 144 114 60
-26.538 22.161 1.495 106 108 95
-26.402 22.159 1.398 139 117 67
-26.430 22.159 1.423 132 109 55
-26.444 22.160 1.478 170 167 158
-26.412 22.159 1.520 129 133 119
-26.450 22.160 1.374 146 117 61
-26.445 22.160 1.451 155 156 140
-26.406 22.159 1.511 155 149 137
-26.443 22.160 1.404 143 114 72
-26.402 22.159 1.337 144 118 67
-26.461 22.160 1.483 161 158 149
-26.409 22.159 1.332 142 116 67
-26.430 22.160 1.468 163 158 162
-26.491 22.160 1.527 93 100 82
-26.401 22.159 1.385 141 119 70
-26.435 22.160 1.468 160 159 154
-26.456 22.160 1.391 148 116 65
-26.404 22.159 1.524 101 105 90
-26.497 22.160 1.415 137 110 55
-26.521 22.161 1.543 95 99 82
-26.491 22.160 1.480 156 152 143
-26.433 22.160 1.515 173 170 155
-26.427 22.159 1.375 147 116 62
-26.436 22.159 1.319 137 116 59
-26.425 22.159 1.320 141 120 65
-26.439 22.159 1.290 119 131 119
-26.461 22.160 1.354 147 117 65
-26.430 22.159 1.385 146 114 63
-26.486 22.160 1.389 145 113 62
-26.493 22.160 1.429 152 137 114
-26.467 22.160 1.440 160 161 147
-26.437 22.159 1.325 145 115 65
-26.490 22.160 1.489 148 144 133
-26.430 22.159 1.257 82 94 82
-26.437 22.159 1.309 42 41 36
-26.442 22.159 1.353 140 113 60
-26.456 22.160 1.319 143 121 61
-26.423 22.160 1.507 168 160 147
-26.525 22.160 1.469 163 161 148
-26.541 22.161 1.503 87 85 72
-26.479 22.160 1.532 94 101 83
-26.525 22.160 1.441 151 149 136
-26.453 22.160 1.378 145 114 59
-26.509 22.160 1.538 92 99 81
-26.429 22.159 1.254 84 94 85
-26.523 22.161 1.539 96 100 83
-26.434 22.160 1.459 161 160 155
-26.507 22.160 1.428 99 75 41
-26.507 22.160 1.508 173 164 157
-26.555 22.161 1.509 175 169 153
-26.543 22.161 1.457 101 101 89
-26.499 22.160 1.485 163 159 150
-26.431 22.159 1.293 88 98 87
-26.438 22.159 1.287 87 99 87
-26.424 22.160 1.512 163 155 142
-26.509 22.160 1.412 137 111 60
-26.409 22.159 1.465 150 149 145
-26.468 22.160 1.532 94 102 81
-26.445 22.160 1.465 160 160 148
-26.531 22.160 1.428 111 87 53
-26.511 22.160 1.382 150 118 67
-26.494 22.160 1.397 144 111 60
-26.468 22.160 1.485 160 157 148
-26.503 22.160 1.537 94 103 84
-26.520 22.161 1.544 89 101 81
-26.445 22.159 1.316 131 117 70
-26.470 22.160 1.495 158 158 148
-26.417 22.159 1.318 136 116 63
-26.430 22.160 1.519 104 105 89
-26.423 22.159 1.378 145 114 60
-26.441 22.159 1.350 144 112 55
-26.482 22.160 1.541 96 100 85
-26.410 22.159 1.360 142 115 62
-26.445 22.160 1.533 92 99 83
-26.438 22.160 1.407 138 103 49
-26.440 22.160 1.461 146 147 133
-26.519 22.160 1.493 38 34 23
-26.505 22.160 1.505 173 164 155
-26.403 22.159 1.268 44 49 43
-26.535 22.161 1.488 161 157 146
-26.416 22.159 1.463 119 121 110
-26.409 22.159 1.275 116 123 115
-26.507 22.160 1.547 90 102 82
-26.462 22.160 1.459 159 158 153
-26.404 22.159 1.383 142 119 69
-26.475 22.160 1.456 126 126 118
-26.496 22.160 1.497 151 148 133
-26.553 22.161 1.462 167 168 152
-26.410 22.159 1.282 83 95 85
-26.437 22.160 1.409 141 105 53
-26.407 22.159 1.479 157 156 151
-26.451 22.160 1.360 149 119 65
-26.452 22.160 1.382 146 115 60
-26.404 22.159 1.312 124 116 105
-26.481 22.160 1.342 149 119 65
-26.501 22.160 1.481 168 164 155
-26.405 22.159 1.535 90 101 87
-26.424 22.159 1.277 88 95 87
-26.480 22.160 1.335 146 115 61
-26.527 22.160 1.446 159 156 141
-26.479 22.160 1.326 152 118 72
-26.406 22.159 1.415 144 117 64
-26.479 22.160 1.530 95 102 84
-26.447 22.159 1.308 93 103 94
-26.497 22.160 1.404 146 112 64
-26.544 22.161 1.477 169 169 157
-26.418 22.159 1.423 137 116 63
-26.502 22.160 1.397 144 112 61
-26.457 22.160 1.347 148 115 61
-26.516 22.160 1.529 94 102 81
-26.466 22.160 1.472 162 159 152
-26.413 22.159 1.347 146 114 67
-26.491 22.160 1.479 139 134 128
-26.405 22.159 1.462 156 151 148
-26.498 22.160 1.431 152 137 114
-26.492 22.160 1.385 148 115 64
-26.406 22.159 1.234 90 95 89
-26.429 22.159 1.345 147 115 64
-26.432 22.159 1.268 40 46 36
-26.427 22.159 1.254 84 94 85
-26.519 22.160 1.437 158 155 146
-26.469 22.160 1.513 181 175 161
-26.513 22.160 1.469 158 155 146
-26.486 22.160 1.407 140 111 69
-26.514 22.160 1.440 159 159 151
-26.489 22.160 1.463 147 147 139
-26.423 22.159 1.458 123 122 118
-26.418 22.159 1.221 94 95 90
-26.520 22.160 1.471 168 166 154
-26.463 22.160 1.345 145 112 58
-26.401 22.159 1.302 90 95 89
-26.465 22.160 1.426 126 107 64
-26.443 22.160 1.444 50 40 39
-26.546 22.161 1.463 135 136 120
-26.439 22.159 1.304 87 100 80
-26.492 22.160 1.516 143 140 125
-26.413 22.159 1.359 141 114 61
-26.503 22.160 1.499 141 137 126
-26.420 22.159 1.425 137 116 63
-26.444 22.159 1.340 144 117 62
-26.468 22.160 1.367 149 117 66
-26.556 22.161 1.488 160 158 145
-26.432 22.160 1.435 165 157 154
-26.436 22.159 1.273 119 127 116
-26.546 22.161 1.499 157 158 144
-26.475 22.160 1.420 145 111 63
-26.408 22.159 1.516 123 123 111
-26.439 22.160 1.518 138 140 126
-26.406 22.159 1.220 97 98 90
-26.454 22.160 1.469 161 161 151
-26.458 22.160 1.370 146 116 62
-26.449 22.160 1.398 144 112 61
-26.441 22.160 1.477 166 163 154
-26.461 22.160 1.370 150 119 65
-26.419 22.159 1.423 137 116 63
-26.403 22.159 1.323 142 119 65
-26.439 22.159 1.324 145 115 65
-26.535 22.161 1.519 94 96 74
-26.463 22.160 1.335 149 118 64
-26.462 22.160 1.505 163 156 146
-26.426 22.159 1.331 143 115 68
-26.506 22.160 1.476 163 160 151
-26.404 22.159 1.337 144 118 67
-26.428 22.160 1.536 95 102 84
-26.416 22.159 1.254 84 91 84
-26.459 22.160 1.460 162 162 154
-26.420 22.159 1.368 146 116 62
-26.438 22.160 1.496 158 158 146
-26.480 22.160 1.492 149 147 135
-26.410 22.159 1.236 86 91 85
-26.453 22.160 1.439 156 157 143
-26.494 22.160 1.415 137 110 55
-26.484 22.160 1.366 146 113 62
-26.462 22.160 1.316 134 116 70
-26.535 22.161 1.476 117 115 102
-26.504 22.160 1.404 142 109 58
-26.413 22.159 1.321 148 123 69
-26.402 22.159 1.505 169 159 147
-26.489 22.160 1.372 151 117 69
-26.508 22.160 1.378 144 112 61
-26.420 22.159 1.417 147 115 68
-26.523 22.160 1.425 135 104 60
-26.460 22.160 1.296 127 135 122
-26.471 22.160 1.331 148 115 61
-26.539 22.161 1.461 151 152 138
-26.422 22.159 1.376 146 116 62
-26.440 22.159 1.283 88 100 88
-26.405 22.159 1.287 83 94 86
-26.456 22.160 1.529 93 101 80
-26.440 22.160 1.412 151 115 55
-26.494 22.160 1.473 136 133 128
-26.430 22.159 1.267 40 46 36
-26.533 22.161 1.481 177 173 161
-26.496 22.160 1.359 150 117 64
-26.484 22.160 1.431 141 130 108
-26.437 22.160 1.526 92 105 88
-26.521 22.160 1.500 82 79 72
-26.546 22.161 1.474 138 139 125
-26.529 22.160 1.453 42 42 32
-26.485 22.160 1.464 156 156 144
-26.455 22.160 1.385 145 114 60
-26.411 22.159 1.439 161 157 148
-26.509 22.160 1.543 94 101 83
-26.414 22.159 1.371 146 116 62
-26.519 22.160 1.530 95 103 82
-26.492 22.160 1.415 137 110 55
-26.416 22.159 1.362 147 117 63
-26.466 22.160 1.419 146 110 62
-26.440 22.160 1.390 143 111 62
-26.439 22.159 1.291 80 90 79
-26.451 22.160 1.437 158 158 150
-26.456 22.160 1.357 149 119 65
-26.534 22.160 1.422 142 109 58
-26.404 22.159 1.382 142 119 69
-26.442 22.159 1.319 141 121 60
-26.411 22.159 1.271 102 107 100
-26.422 22.159 1.406 144 110 72
-26.447 22.159 1.331 145 119 62
-26.448 22.160 1.432 167 163 154
-26.403 22.159 1.280 84 94 86
-26.480 22.160 1.348 154 120 74
-26.441 22.159 1.354 139 111 61
-26.569 22.161 1.494 94 91 76
-26.453 22.160 1.495 144 144 136
-26.543 22.161 1.523 93 98 76
-26.449 22.159 1.285 87 95 84
-26.533 22.161 1.530 90 98 77
-26.447 22.160 1.425 137 110 57
-26.434 22.160 1.461 162 161 157
-26.478 22.160 1.380 147 115 66
-26.416 22.159 1.488 120 122 108
-26.414 22.159 1.424 133 113 62
-26.409 22.159 1.233 122 127 120
-26.453 22.160 1.365 144 114 60
-26.403 22.159 1.350 144 118 69
-26.489 22.160 1.531 94 103 84
-26.458 22.160 1.409 144 116 68
-26.438 22.160 1.448 116 118 97
-26.501 22.160 1.530 90 99 80
-26.433 22.159 1.338 145 119 58
-26.488 22.160 1.530 90 99 80
-26.515 22.160 1.435 160 157 148
-26.510 22.160 1.425 133 102 56
-26.440 22.159 1.345 147 114 60
-26.502 22.160 1.406 145 114 67
-26.453 22.160 1.362 149 119 65
-26.507 22.160 1.531 91 100 81
-26.466 22.160 1.483 165 162 153
-26.443 22.160 1.522 99 103 88
-26.403 22.159 1.366 147 121 72
-26.472 22.160 1.536 96 104 83
-26.422 22.160 1.534 93 100 84
-26.417 22.159 1.419 147 115 68
-26.454 22.160 1.528 96 103 85
-26.439 22.160 1.386 147 115 66
-26.420 22.159 1.280 83 93 84
-26.429 22.160 1.452 106 103 98
-26.476 22.160 1.495 160 160 152
-26.490 22.160 1.418 140 109 54
-26.400 22.159 1.331 144 116 76
-26.500 22.160 1.373 145 114 60
-26.478 22.160 1.459 128 128 118
-26.522 22.160 1.465 159 159 147
-26.451 22.160 1.494 164 161 154
-26.434 22.160 1.456 155 155 147
-26.405 22.159 1.511 155 149 137
-26.481 22.160 1.524 99 103 86
-26.426 22.159 1.288 84 96 86
-26.488 22.160 1.356 152 116 64
-26.424 22.159 1.309 48 47 43
-26.461 22.160 1.399 148 116 59
-26.466 22.160 1.400 153 121 64
-26.479 22.160 1.368 147 113 65
-26.527 22.160 1.445 159 156 141
-26.470 22.160 1.504 167 160 150
-26.456 22.160 1.500 149 146 139
-26.450 22.160 1.355 143 116 63
-26.484 22.160 1.425 135 108 55
-26.405 22.159 1.406 139 115 71
-26.424 22.159 1.338 148 122 65
-26.401 22.159 1.212 81 78 69
-26.431 22.159 1.400 142 116 57
-26.422 22.159 1.306 101 108 100
-26.531 22.161 1.533 87 95 74
-26.429 22.159 1.250 81 91 82
-26.527 22.160 1.439 161 161 151
-26.423 22.159 1.264 98 105 97
-26.437 22.159 1.388 144 112 63
-26.400 22.159 1.297 88 95 88
-26.496 22.160 1.530 90 99 80
-26.467 22.160 1.375 149 117 66
-26.440 22.160 1.478 174 174 164
-26.570 22.161 1.512 169 163 147
-26.595 22.161 1.523 87 92 72
-26.588 22.161 1.521 87 90 71
-26.574 22.161 1.525 85 90 68
-26.557 22.161 1.542 151 153 139
-26.574 22.161 1.522 85 90 68
-26.576 22.161 1.544 156 160 143
-26.588 22.161 1.546 137 140 123
-26.590 22.161 1.527 93 101 80
-26.559 22.161 1.519 136 135 115
-26.536 22.161 1.543 94 98 83
-26.584 22.161 1.510 173 165 152
-26.547 22.161 1.536 96 104 83
-26.577 22.161 1.530 142 150 127
-26.591 22.161 1.545 163 167 150
-26.588 22.161 1.541 158 160 146
-26.536 22.160 1.369 145 115 61
-26.466 22.159 1.158 89 85 84
-26.517 22.160 1.377 141 109 58
-26.598 22.161 1.300 81 92 75
-26.410 22.159 1.172 112 114 109
-26.583 22.161 1.446 155 151 142
-26.586 22.161 1.489 162 154 141
-26.609 22.161 1.286 83 90 74
-26.514 22.160 1.375 146 115 61
-26.512 22.160 1.181 30 30 22
-26.408 22.159 1.164 109 109 107
-26.589 22.161 1.384 144 113 59
-26.612 22.161 1.490 169 163 151
-26.545 22.161 1.419 135 103 52
-26.418 22.159 1.201 107 105 106
-26.568 22.161 1.372 146 116 62
-26.492 22.160 1.305 84 101 69
-26.509 22.160 1.235 94 102 89
-26.618 22.161 1.265 84 87 68
-26.600 22.161 1.432 147 131 105
-26.532 22.160 1.350 147 111 63
-26.586 22.161 1.360 144 112 51
-26.575 22.160 1.251 84 92 77
-26.600 22.161 1.352 138 115 61
-26.476 22.159 1.178 33 34 29
-26.593 22.161 1.462 84 84 74
-26.604 22.161 1.439 168 164 152
-26.561 22.160 1.332 148 116 69
-26.560 22.161 1.397 141 111 59
-26.606 22.161 1.239 83 89 75
-26.617 22.161 1.410 128 110 74
-26.575 22.161 1.405 137 109 59
-26.581 22.161 1.401 145 110 56
-26.582 22.161 1.464 150 148 133
-26.406 22.159 1.199 71 70 66
-26.491 22.159 1.166 35 35 35
-26.484 22.160 1.302 86 94 79
-26.596 22.161 1.453 36 36 24
-26.456 22.159 1.283 90 98 87
-26.517 22.160 1.240 84 95 79
-26.615 22.161 1.314 135 126 95
-26.551 22.160 1.222 31 27 24
-26.467 22.160 1.302 87 95 82
-26.492 22.160 1.190 62 65 58
-26.444 22.159 1.238 84 94 85
-26.501 22.160 1.305 87 100 72
-26.616 22.161 1.368 118 104 65
-26.572 22.160 1.287 85 92 76
-26.450 22.159 1.230 112 117 110
-26.516 22.160 1.308 107 108 102
-26.543 22.160 1.241 82 91 74
-26.497 22.160 1.262 87 97 88
-26.596 22.161 1.447 132 134 113
-26.535 22.160 1.380 147 117 65
-26.588 22.161 1.406 141 112 68
-26.522 22.160 1.238 86 97 83
-26.592 22.161 1.291 82 91 74
-26.536 22.160 1.283 81 88 72
-26.495 22.160 1.228 72 75 66
-26.510 22.160 1.269 28 31 20
-26.532 22.160 1.256 84 94 83
-26.568 22.161 1.390 145 115 63
-26.584 22.160 1.216 78 71 63
-26.460 22.159 1.161 86 85 81
-26.533 22.160 1.266 95 98 87
-26.556 22.160 1.279 91 98 80
-26.598 22.161 1.317 139 116 72
-26.487 22.160 1.300 87 95 80
-26.582 22.161 1.302 82 88 74
-26.570 22.161 1.450 52 51 46
-26.599 22.161 1.452 161 163 149
-26.609 22.161 1.449 155 156 140
-26.612 22.161 1.268 61 68 50
-26.503 22.160 1.354 145 114 60
-26.532 22.160 1.214 86 78 67
-26.556 22.160 1.250 79 88 71
-26.506 22.160 1.350 153 117 67
-26.620 22.161 1.485 106 99 83
-26.467 22.160 1.283 86 94 81
-26.439 22.159 1.238 85 92 85
-26.546 22.161 1.423 142 110 59
-26.488 22.159 1.166 87 83 80
-26.580 22.161 1.361 143 113 59
-26.524 22.160 1.256 83 95 83
-26.459 22.159 1.171 87 88 83
-26.467 22.159 1.243 115 125 114
-26.489 22.159 1.175 78 77 73
-26.475 22.159 1.192 25 24 20
-26.526 22.160 1.253 114 118 101
-26.513 22.160 1.191 55 56 48
-26.554 22.161 1.437 155 156 142
-26.535 22.160 1.235 87 95 84
-26.610 22.161 1.351 135 115 64
-26.576 22.161 1.492 157 151 137
-26.497 22.160 1.317 138 121 75
-26.545 22.160 1.240 79 88 71
-26.606 22.161 1.329 149 113 55
-26.581 22.160 1.218 92 87 81
-26.596 22.160 1.222 69 66 57
-26.619 22.161 1.469 105 100 81
-26.428 22.159 1.177 25 26 21
-26.501 22.160 1.278 88 94 80
-26.568 22.161 1.445 127 123 112
-26.555 22.160 1.313 128 111 91
-26.458 22.160 1.288 120 128 115
-26.622 22.161 1.429 154 147 118
-26.626 22.161 1.398 155 151 126
-26.553 22.161 1.419 141 110 56
-26.526 22.160 1.272 148 150 137
-26.558 22.161 1.424 143 112 65
-26.507 22.160 1.360 146 115 61
-26.624 22.161 1.241 156 155 135
-26.551 22.161 1.432 101 87 58
-26.473 22.159 1.154 98 94 91
-26.521 22.160 1.386 148 116 65
-26.467 22.159 1.164 90 86 83
-26.472 22.159 1.199 80 76 73
-26.565 22.161 1.380 143 113 61
-26.582 22.161 1.410 135 112 62
-26.545 22.161 1.418 135 103 52
-26.616 22.161 1.364 118 104 65
-26.533 22.160 1.222 98 89 80
-26.596 22.161 1.288 81 90 73
-26.572 22.160 1.252 85 93 78
-26.549 22.161 1.418 138 106 55
-26.511 22.160 1.315 143 122 77
-26.508 22.160 1.287 115 126 109
-26.607 22.161 1.429 101 85 49
-26.506 22.160 1.226 61 61 53
-26.594 22.161 1.293 82 91 74
-26.501 22.160 1.312 146 135 117
-26.532 22.160 1.206 88 72 72
-26.577 22.161 1.344 150 118 67
-26.546 22.161 1.440 155 155 143
-26.542 22.160 1.209 85 78 62
-26.594 22.161 1.265 92 101 84
-26.469 22.160 1.262 88 96 85
-26.578 22.160 1.249 83 91 76
-26.559 22.160 1.256 84 93 76
-26.602 22.161 1.249 80 91 75
-26.565 22.160 1.252 85 93 78
-26.560 22.161 1.414 138 115 65
-26.586 22.160 1.280 82 89 73
-26.623 22.161 1.363 153 152 124
-26.626 22.161 1.311 160 156 129
-26.500 22.160 1.282 85 93 78
-26.597 22.161 1.321 145 115 63
-26.429 22.159 1.205 83 82 80
-26.570 22.160 1.252 85 93 78
-26.570 22.160 1.230 113 114 106
-26.539 22.160 1.357 144 114 60
-26.507 22.160 1.252 132 136 121
-26.535 22.160 1.332 143 112 57
-26.498 22.160 1.214 75 72 67
-26.614 22.161 1.459 161 159 144
-26.546 22.160 1.309 98 102 88
-26.616 22.161 1.341 111 103 57
-26.572 22.161 1.420 144 113 58
-26.486 22.160 1.243 86 94 81
-26.560 22.161 1.440 156 156 146
-26.540 22.160 1.298 91 98 82
-26.424 22.159 1.211 87 86 84
-26.432 22.159 1.176 105 106 101
-26.593 22.161 1.473 160 156 144
-26.518 22.160 1.358 151 120 66
-26.530 22.160 1.311 36 35 31
-26.569 22.161 1.365 143 113 59
-26.415 22.159 1.186 122 124 121
-26.595 22.161 1.275 92 99 83
-26.522 22.160 1.278 90 94 79
-26.459 22.159 1.169 85 84 80
-26.489 22.160 1.322 150 120 66
-26.555 22.161 1.418 141 110 56
-26.518 22.160 1.332 152 119 65
-26.535 22.160 1.206 92 76 76
-26.621 22.161 1.404 117 104 69
-26.566 22.161 1.454 145 145 137
-26.576 22.161 1.453 49 48 43
-26.525 22.160 1.191 44 45 37
-26.534 22.160 1.209 85 77 64
-26.494 22.160 1.325 149 116 71
-26.615 22.161 1.405 127 110 67
-26.412 22.159 1.192 26 26 24
-26.503 22.160 1.275 111 115 101
-26.602 22.161 1.357 142 117 61
-26.490 22.160 1.221 84 81 76
-26.419 22.159 1.207 93 94 89
-26.543 22.160 1.422 139 107 56
-26.594 22.161 1.370 140 115 61
-26.492 22.160 1.193 24 27 20
-26.483 22.159 1.169 77 73 70
-26.464 22.159 1.220 79 80 75
-26.617 22.161 1.453 145 142 125
-26.519 22.160 1.271 137 139 126
-26.612 22.161 1.366 140 116 68
-26.471 22.159 1.156 91 87 84
-26.549 22.160 1.341 146 116 62
-26.455 22.159 1.175 91 92 87
-26.519 22.160 1.250 120 127 109
-26.589 22.161 1.386 143 112 58
-26.568 22.160 1.271 116 125 108
-26.423 22.159 1.207 90 90 88
-26.590 22.161 1.331 144 118 69
-26.507 22.160 1.196 45 44 39
-26.539 22.160 1.376 147 117 65
-26.594 22.161 1.296 82 91 74
-26.625 22.161 1.284 158 153 131
-26.620 22.161 1.344 148 140 103
-26.547 22.160 1.379 142 112 60
-26.522 22.160 1.351 148 118 64
-26.624 22.161 1.288 154 152 131
-26.598 22.160 1.242 85 91 77
-26.470 22.160 1.293 118 126 113
-26.597 22.161 1.404 144 114 64
-26.605 22.161 1.387 144 111 57
-26.545 22.160 1.230 119 120 115
-26.488 22.160 1.202 75 71 68
-26.626 22.161 1.399 155 151 126
-26.565 22.160 1.218 81 77 68
-26.523 22.160 1.293 141 150 133
-26.606 22.161 1.331 151 116 60
-26.496 22.160 1.256 82 95 85
-26.490 22.160 1.269 34 40 30
-26.610 22.161 1.363 139 110 54
-26.572 22.161 1.380 143 113 61
-26.538 22.160 1.200 89 78 76
-26.460 22.159 1.205 78 77 73
-26.443 22.159 1.154 95 94 92
-26.504 22.160 1.288 85 96 80
-26.546 22.161 1.414 133 110 60
-26.540 22.160 1.417 136 108 58
-26.612 22.161 1.287 84 91 73
-26.597 22.161 1.408 141 110 63
-26.514 22.160 1.346 146 114 55
-26.414 22.159 1.179 25 27 22
-26.567 22.160 1.292 89 96 80
-26.432 22.159 1.238 86 93 86
-26.485 22.160 1.209 73 69 66
-26.601 22.161 1.253 82 93 77
-26.616 22.161 1.484 147 141 127
-26.495 22.160 1.315 136 122 73
-26.615 22.161 1.242 83 87 72
-26.547 22.160 1.233 109 112 105
-26.475 22.159 1.219 77 76 71
-26.432 22.159 1.210 77 75 76
-26.577 22.161 1.358 144 114 60
-26.600 22.161 1.258 79 90 73
-26.588 22.161 1.356 145 113 52
-26.499 22.160 1.188 130 133 126
-26.584 22.160 1.246 84 92 77
-26.557 22.160 1.253 88 97 80
-26.606 22.161 1.409 140 112 65
-26.545 22.160 1.288 121 128 112
-26.428 22.159 1.214 85 84 82
-26.512 22.160 1.349 145 112 59
-26.503 22.160 1.206 80 72 69
-26.623 22.161 1.432 148 140 121
-26.430 22.159 1.223 66 66 64
-26.616 22.161 1.274 91 92 74
-26.474 22.159 1.194 24 23 19
-26.513 22.160 1.353 146 115 61
-26.451 22.159 1.207 79 78 76
-26.507 22.160 1.362 146 115 61
-26.430 22.159 1.207 85 84 82
-26.500 22.160 1.318 138 121 75
-26.537 22.160 1.393 143 113 61
-26.466 22.159 1.189 69 70 65
-26.523 22.160 1.233 94 97 88
-26.462 22.159 1.183 132 133 128
-26.488 22.160 1.289 116 124 109
-26.612 22.161 1.453 166 164 149
-26.557 22.160 1.236 90 96 84
-26.585 22.161 1.293 83 89 75
-26.559 22.161 1.460 111 112 98
-26.554 22.161 1.446 140 136 124
-26.626 22.161 1.241 161 159 138
-26.504 22.160 1.347 148 116 59
-26.485 22.160 1.284 80 88 75
-26.493 22.160 1.234 109 115 103
-26.477 22.159 1.213 72 71 67
-26.492 22.160 1.310 40 39 37
-26.611 22.161 1.431 154 142 118
-26.580 22.160 1.216 93 86 78
-26.583 22.161 1.415 137 110 57
-26.606 22.161 1.412 143 112 65
-26.626 22.161 1.328 156 155 125
-26.502 22.160 1.308 99 102 95
-26.551 22.160 1.333 145 118 63
-26.526 22.160 1.263 84 92 81
-26.560 22.161 1.430 111 97 68
-26.542 22.160 1.414 137 114 64
-26.448 22.159 1.218 77 77 75
-26.553 22.160 1.365 147 117 63
-26.496 22.160 1.175 26 25 23
-26.620 22.161 1.355 134 128 96
-26.594 22.160 1.228 89 89 81
-26.538 22.160 1.269 46 54 39
-26.573 22.161 1.358 139 109 55
-26.543 22.160 1.391 146 116 64
-26.582 22.161 1.382 140 110 58
-26.447 22.159 1.171 95 96 91
-26.602 22.161 1.251 81 92 76
-26.511 22.160 1.224 41 38 33
-26.568 22.160 1.279 87 94 78
-26.519 22.160 1.391 148 116 65
-26.506 22.160 1.312 37 28 31
-26.512 22.160 1.307 99 100 94
-26.558 22.160 1.346 149 118 64
-26.553 22.161 1.408 143 116 63
-26.591 22.161 1.275 88 95 79
-26.609 22.161 1.462 156 154 139
-26.555 22.160 1.218 83 79 70
-26.487 22.160 1.233 110 113 104
-26.467 22.160 1.271 124 132 121
-26.468 22.159 1.241 87 95 84
-26.522 22.160 1.361 145 115 61
-26.417 22.159 1.182 24 26 21
-26.450 22.159 1.238 86 93 85
-26.607 22.161 1.436 165 157 146
-26.462 22.159 1.215 72 71 67
-26.451 22.159 1.241 82 92 83
-26.419 22.159 1.199 99 99 99
-26.591 22.161 1.450 115 117 106
-26.511 22.160 1.186 128 131 122
-26.618 22.161 1.306 78 87 66
-26.554 22.160 1.371 149 119 65
-26.454 22.159 1.247 84 94 83
-26.587 22.161 1.323 140 118 61
-26.511 22.160 1.346 148 116 57
-26.579 22.161 1.460 154 155 141
-26.610 22.161 1.394 145 112 59
-26.450 22.159 1.190 83 84 79
-26.566 22.160 1.257 82 91 74
-26.566 22.160 1.346 147 116 62
-26.488 22.159 1.177 27 26 22
-26.475 22.159 1.230 139 142 135
-26.454 22.159 1.258 86 93 85
-26.490 22.160 1.211 74 70 67
-26.582 22.160 1.280 82 88 76
-26.437 22.159 1.189 83 84 79
-26.417 22.159 1.187 122 124 121
-26.624 22.161 1.262 154 153 132
-26.541 22.161 1.429 122 100 61
-26.580 22.161 1.490 155 149 135
-26.576 22.161 1.374 144 114 60
-26.585 22.161 1.361 145 113 52
-26.625 22.161 1.258 155 155 131
-26.614 22.161 1.485 166 160 148
-26.579 22.161 1.469 160 158 143
-26.596 22.161 1.441 170 169 151
-26.572 22.161 1.480 158 154 143
-26.549 22.160 1.257 86 94 79
-26.401 22.159 1.170 112 114 113
-26.437 22.159 1.170 101 97 96
-26.517 22.160 1.248 128 137 118
-26.538 22.160 1.341 148 118 64
-26.598 22.161 1.450 159 161 147
-26.474 22.160 1.243 116 124 113
-26.476 22.160 1.297 136 144 129
-26.547 22.160 1.294 135 142 124
-26.554 22.160 1.262 88 97 80
-26.616 22.161 1.334 111 103 56
-26.451 22.159 1.177 24 26 21
-26.599 22.161 1.489 164 158 144
-26.578 22.161 1.446 168 164 155
-26.521 22.160 1.339 147 116 62
-26.529 22.160 1.334 143 112 58
-26.492 22.160 1.231 65 68 59
-26.528 22.160 1.236 83 91 80
-26.452 22.159 1.238 84 91 83
-26.622 22.161 1.324 156 145 113
-26.539 22.160 1.272 142 150 135
-26.515 22.160 1.227 76 73 68
-26.611 22.161 1.426 125 108 64
-26.545 22.160 1.336 138 111 56
-26.532 22.160 1.236 88 96 85
-26.537 22.160 1.390 146 116 64
-26.482 22.160 1.265 97 105 92
-26.621 22.161 1.437 148 140 127
-26.438 22.159 1.212 82 78 79
-26.600 22.161 1.333 153 116 61
-26.614 22.161 1.486 166 160 148
-26.557 22.160 1.260 87 96 79
-26.551 22.161 1.418 142 110 59
-26.432 22.159 1.225 46 48 45
-26.610 22.161 1.465 157 155 142
-26.593 22.161 1.458 49 49 39
-26.495 22.160 1.222 45 42 35
-26.545 22.160 1.310 56 52 41
-26.616 22.161 1.444 138 136 115
-26.459 22.159 1.202 79 78 74
-26.520 22.160 1.325 154 117 72
-26.472 22.160 1.297 89 97 82
-26.496 22.160 1.353 144 111 58
-26.552 22.161 1.444 179 177 165
-26.484 22.160 1.291 91 99 84
-26.520 22.160 1.384 148 116 65
-26.596 22.161 1.416 141 114 59
-26.596 22.161 1.401 138 108 56
-26.472 22.159 1.178 26 27 22
-26.514 22.160 1.253 128 132 115
-26.522 22.160 1.368 147 117 63
-26.451 22.159 1.221 81 82 77
-26.546 22.160 1.334 138 111 56
-26.552 22.160 1.298 81 88 70
-26.618 22.161 1.493 88 81 65
-26.494 22.160 1.264 100 108 97
-26.511 22.160 1.187 128 131 122
-26.511 22.160 1.336 149 118 64
-26.543 22.160 1.226 75 76 71
-26.468 22.160 1.278 88 96 85
-26.621 22.161 1.485 148 141 122
-26.443 22.159 1.176 96 97 92
-26.469 22.159 1.204 77 73 70
-26.564 22.160 1.273 132 141 124
-26.589 22.161 1.340 142 116 67
-26.450 22.159 1.172 94 95 90
-26.604 22.161 1.374 143 112 55
-26.594 22.161 1.331 146 116 66
-26.549 22.160 1.376 144 114 62
-26.490 22.160 1.336 143 111 62
-26.600 22.161 1.282 82 89 73
-26.446 22.159 1.213 76 76 74
-26.533 22.160 1.207 89 73 73
-26.610 22.161 1.337 137 117 64
-26.605 22.161 1.453 148 149 133
-26.597 22.161 1.449 159 161 147
-26.454 22.159 1.267 38 46 35
-26.525 22.160 1.235 96 104 93
-26.416 22.159 1.183 156 158 155
-26.608 22.161 1.434 178 166 152
-26.560 22.160 1.290 145 152 134
-26.585 22.161 1.461 152 152 144
-26.587 22.161 1.345 144 119 65
-26.449 22.159 1.248 82 94 82
-26.496 22.160 1.244 116 124 111
-26.562 22.161 1.401 144 109 53
-26.488 22.160 1.280 88 96 83
-26.471 22.159 1.192 64 65 60
-26.613 22.161 1.249 80 87 71
-26.517 22.160 1.232 108 111 102
-26.479 22.159 1.189 71 70 66
-26.572 22.161 1.436 154 155 141
-26.583 22.161 1.455 36 36 28
-26.539 22.160 1.286 77 84 68
-26.523 22.160 1.375 142 112 58
-26.437 22.159 1.251 83 95 85
-26.598 22.161 1.380 138 115 65
-26.555 22.160 1.365 147 117 63
-26.600 22.161 1.244 84 92 77
-26.595 22.161 1.445 132 134 113
-26.532 22.160 1.344 144 112 53
-26.526 22.160 1.216 85 76 67
-26.573 22.161 1.458 174 174 162
-26.620 22.161 1.305 137 145 121
-26.576 22.161 1.461 153 154 140
-26.513 22.160 1.232 106 112 102
-26.486 22.160 1.289 89 97 82
-26.548 22.160 1.248 125 134 115
-26.529 22.160 1.361 145 115 61
-26.564 22.160 1.312 136 119 99
-26.527 22.160 1.165 77 70 64
-26.586 22.160 1.203 79 76 69
-26.513 22.160 1.159 70 70 60
-26.568 22.160 1.171 80 73 67
-26.587 22.160 1.161 83 74 59
-26.487 22.159 1.157 95 90 87
-26.588 22.160 1.160 83 74 59
-26.608 22.161 1.159 25 21 20
-26.503 22.160 1.159 58 59 53
-26.623 22.161 1.211 161 154 136
-26.521 22.160 1.173 76 72 63
-26.506 22.160 1.164 84 84 76
-26.531 22.160 1.180 38 35 28
-26.620 22.161 1.178 157 155 142
-26.583 22.160 1.191 50 47 38
-26.604 22.160 1.216 100 97 82
-26.565 22.160 1.171 81 74 68
-26.601 22.160 1.217 92 90 77
-26.607 22.161 1.215 106 103 86
-26.568 22.160 1.196 60 57 50
-26.559 22.160 1.178 35 32 25
-26.564 22.160 1.190 49 48 43
-26.526 22.160 1.179 37 34 27
-26.601 22.160 1.204 92 86 72
-26.589 22.160 1.196 71 68 61
-26.623 22.161 1.198 161 154 136
-26.573 22.160 1.162 79 70 61
-26.515 22.160 1.163 71 69 57
-26.625 22.161 1.223 159 153 137
-26.578 22.160 1.201 93 86 76
-26.620 22.161 1.171 154 152 140
-26.522 22.160 1.173 76 72 63
-26.587 22.160 1.190 40 36 33
-26.614 22.161 1.190 43 40 25
-26.613 22.161 1.156 27 22 16
-26.626 22.161 1.207 171 162 145
-26.561 22.160 1.175 88 83 77
-26.626 22.161 1.187 165 160 141
-26.626 22.161 1.180 160 157 140
-26.567 22.160 1.163 78 67 61
-26.592 22.160 1.184 106 102 99
-26.556 22.160 1.194 24 19 13
-26.511 22.160 1.159 75 71 70
-26.618 22.161 1.157 90 85 79
-26.626 22.161 1.176 160 157 140
-26.621 22.161 1.171 154 152 140
-26.550 22.160 1.163 77 73 64
-26.623 22.161 1.181 154 151 134
-26.544 22.160 1.169 77 74 65
-26.610 22.161 1.157 25 21 20
-26.577 22.160 1.201 89 83 71
-26.568 22.160 1.168 81 72 65
-26.552 22.160 1.170 77 73 64
-26.547 22.160 1.163 79 75 66
-26.610 22.161 1.197 110 104 88
-26.574 22.160 1.176 82 79 72
-26.612 22.161 1.218 104 99 80
-26.581 22.160 1.210 101 93 82
-26.569 22.160 1.162 79 69 60
-26.544 22.160 1.170 77 75 63
-26.520 22.160 1.174 83 80 71
-26.580 22.160 1.209 101 93 82
-26.609 22.161 1.212 99 94 74
-26.626 22.161 1.186 160 157 138
-26.599 22.160 1.179 29 26 21
-26.501 22.160 1.156 25 25 25
-26.495 22.159 1.162 27 29 28
-26.561 22.160 1.161 81 70 64
-26.605 22.161 1.523 92 99 81
-26.622 22.161 1.503 142 138 113
-26.626 22.161 1.498 148 144 109
-26.610 22.161 1.528 90 99 82
-26.594 22.161 1.508 163 157 141
-26.601 22.161 1.506 147 140 124
-26.622 22.161 1.522 154 151 132
-26.613 22.161 1.523 92 99 83
-26.624 22.161 1.499 149 146 115
-26.620 22.161 1.506 98 93 73
-26.613 22.161 1.527 91 100 83
-26.619 22.161 1.512 80 75 56
-26.612 22.161 1.523 92 99 83
