1.858 22.060 1.224 143 151 136
2.007 22.056 1.160 96 98 77
2.016 22.055 1.202 87 89 75
1.998 22.054 1.465 150 121 79
1.889 22.059 1.246 134 132 120
2.010 22.054 1.424 155 123 82
2.010 22.055 1.194 108 117 96
1.999 22.055 1.392 157 130 85
1.837 22.061 1.202 120 125 118
1.943 22.057 1.263 119 129 104
1.906 22.059 1.199 89 95 85
1.921 22.058 1.234 105 112 94
1.981 22.056 1.352 161 132 90
2.009 22.055 1.198 61 67 57
2.010 22.055 1.350 159 130 88
2.012 22.055 1.287 145 131 105
1.903 22.059 1.151 176 170 146
1.896 22.059 1.152 153 149 124
1.896 22.059 1.229 120 130 105
1.954 22.057 1.311 163 134 92
2.005 22.055 1.237 94 105 89
1.940 22.057 1.321 163 134 92
1.987 22.055 1.358 156 128 88
1.970 22.057 1.175 114 123 106
1.922 22.057 1.371 159 130 86
1.857 22.060 1.287 120 116 91
1.896 22.058 1.284 105 109 82
1.918 22.058 1.160 106 106 78
1.817 22.061 1.237 106 115 84
1.977 22.055 1.419 148 124 78
1.994 22.055 1.398 153 129 85
1.984 22.056 1.177 137 146 125
1.880 22.059 1.261 102 116 93
2.000 22.055 1.264 101 107 79
1.996 22.055 1.445 153 124 82
1.958 22.056 1.403 157 130 87
1.849 22.060 1.189 107 119 97
1.883 22.059 1.323 166 139 96
1.970 22.055 1.442 150 121 79
1.987 22.055 1.428 155 126 84
1.818 22.061 1.191 107 122 93
1.949 22.057 1.259 102 116 91
2.009 22.055 1.313 159 130 88
1.985 22.055 1.430 158 126 85
1.876 22.059 1.203 128 133 126
2.018 22.055 1.275 90 103 75
1.994 22.055 1.380 157 129 89
1.958 22.056 1.311 162 133 91
1.835 22.061 1.246 120 118 105
1.904 22.058 1.350 161 134 89
2.025 22.055 1.159 112 106 80
1.994 22.055 1.362 154 126 86
1.956 22.057 1.187 106 118 94
1.994 22.056 1.267 100 106 78
1.904 22.059 1.174 111 119 96
1.914 22.058 1.248 126 128 114
1.980 22.056 1.309 162 133 91
2.023 22.054 1.412 138 117 90
1.906 22.058 1.267 147 155 132
1.978 22.056 1.173 99 108 91
1.945 22.057 1.275 100 115 96
1.839 22.061 1.191 112 124 100
1.911 22.058 1.239 107 115 92
2.012 22.054 1.428 153 125 86
1.999 22.054 1.471 152 120 79
1.957 22.057 1.272 131 142 125
1.997 22.055 1.270 101 110 83
1.822 22.061 1.191 108 121 93
1.953 22.057 1.328 161 132 90
1.991 22.056 1.177 122 130 107
1.984 22.055 1.389 152 128 84
1.981 22.056 1.308 160 133 90
1.953 22.057 1.255 114 126 104
1.873 22.060 1.197 101 105 90
1.974 22.057 1.151 173 167 145
1.940 22.057 1.337 166 134 93
1.856 22.060 1.269 139 146 128
1.991 22.056 1.208 116 120 105
1.847 22.060 1.202 40 46 36
1.831 22.061 1.182 142 152 128
1.876 22.059 1.246 112 115 98
1.884 22.059 1.178 142 151 132
1.983 22.056 1.270 103 109 83
1.887 22.059 1.324 164 137 94
1.892 22.059 1.264 110 120 93
1.913 22.058 1.207 114 121 103
1.943 22.057 1.231 112 122 98
1.959 22.057 1.198 82 85 76
1.961 22.056 1.428 152 125 80
2.015 22.055 1.178 99 109 85
1.903 22.059 1.197 89 95 85
1.901 22.058 1.321 162 135 92
1.808 22.062 1.188 105 119 93
1.951 22.057 1.269 128 135 117
2.018 22.054 1.328 153 131 94
1.992 22.055 1.365 156 128 88
1.904 22.058 1.275 118 133 114
1.877 22.059 1.243 100 104 90
1.901 22.058 1.353 161 134 89
1.942 22.057 1.386 158 131 86
1.979 22.055 1.400 155 128 83
1.987 22.055 1.372 156 128 88
1.886 22.059 1.255 110 124 99
1.969 22.057 1.170 106 114 93
1.966 22.057 1.158 98 96 73
1.931 22.057 1.285 112 112 84
1.862 22.060 1.273 130 141 124
1.968 22.056 1.348 157 130 87
1.966 22.056 1.316 161 132 90
1.902 22.058 1.271 118 127 106
2.003 22.055 1.334 162 130 89
1.970 22.056 1.415 153 129 85
2.018 22.055 1.308 153 131 94
1.858 22.060 1.208 93 99 89
1.903 22.059 1.170 112 117 94
2.003 22.055 1.318 160 128 87
1.879 22.059 1.186 111 122 105
1.936 22.057 1.381 158 131 86
1.964 22.056 1.412 154 130 86
2.001 22.056 1.200 102 105 96
1.920 22.058 1.187 133 142 121
2.024 22.054 1.469 142 127 98
2.005 22.055 1.389 158 129 85
1.837 22.060 1.260 106 119 91
1.899 22.059 1.171 112 117 94
1.961 22.057 1.229 142 151 134
1.833 22.061 1.266 103 119 92
1.946 22.057 1.279 101 116 95
2.003 22.054 1.429 150 119 75
2.016 22.055 1.237 97 105 84
1.921 22.057 1.371 159 130 86
1.884 22.059 1.173 107 115 92
1.944 22.057 1.253 112 126 103
1.968 22.057 1.171 106 114 93
1.829 22.061 1.249 118 126 115
1.989 22.056 1.220 99 107 84
1.842 22.061 1.190 105 117 95
2.013 22.054 1.482 142 114 75
1.980 22.056 1.311 161 132 90
1.968 22.056 1.256 103 117 91
1.846 22.060 1.191 102 114 90
2.002 22.055 1.388 160 131 87
2.014 22.054 1.460 147 123 87
1.938 22.057 1.284 109 112 83
1.987 22.056 1.284 84 83 55
2.022 22.054 1.314 151 131 96
1.960 22.056 1.378 156 129 84
1.999 22.055 1.273 92 107 78
1.940 22.057 1.354 161 134 91
1.940 22.057 1.308 166 137 95
1.957 22.057 1.251 85 92 76
2.021 22.055 1.235 97 101 76
2.018 22.054 1.428 147 127 94
1.912 22.058 1.362 161 134 89
2.020 22.054 1.438 143 126 96
1.949 22.057 1.247 141 138 131
2.013 22.054 1.429 153 125 86
1.958 22.057 1.174 108 117 98
1.971 22.056 1.331 163 131 90
1.866 22.059 1.300 159 138 95
1.810 22.062 1.188 100 116 89
1.838 22.061 1.215 107 118 84
2.024 22.054 1.475 137 122 93
1.887 22.059 1.247 106 108 95
2.018 22.055 1.165 109 111 87
1.922 22.058 1.226 134 143 122
1.952 22.057 1.258 103 117 92
1.976 22.056 1.272 109 118 97
1.960 22.057 1.167 109 114 91
2.022 22.054 1.431 148 131 101
1.836 22.061 1.185 118 129 112
1.825 22.061 1.224 103 113 88
2.011 22.055 1.350 159 130 88
2.009 22.055 1.232 94 105 88
1.888 22.059 1.229 143 153 129
2.021 22.054 1.385 150 131 98
1.917 22.058 1.188 107 119 95
1.991 22.056 1.234 100 105 83
1.971 22.056 1.409 156 132 88
2.021 22.054 1.336 151 131 98
1.977 22.055 1.416 149 125 81
1.956 22.057 1.230 118 128 104
1.972 22.056 1.354 157 130 87
1.999 22.055 1.257 95 108 80
1.881 22.059 1.290 156 145 117
2.010 22.055 1.344 159 130 88
1.986 22.055 1.449 150 122 82
2.008 22.055 1.365 154 125 83
1.916 22.058 1.303 162 137 97
1.969 22.056 1.328 163 131 90
1.812 22.061 1.238 106 117 87
1.966 22.057 1.197 85 88 77
2.010 22.055 1.250 95 99 82
2.005 22.054 1.482 145 114 70
1.885 22.059 1.262 106 121 92
1.930 22.057 1.286 112 112 84
2.016 22.055 1.325 158 132 95
1.818 22.061 1.236 106 115 84
1.939 22.057 1.230 124 133 112
2.002 22.056 1.198 61 64 55
1.946 22.057 1.279 101 116 95
1.971 22.057 1.194 121 131 104
1.984 22.055 1.373 159 130 90
1.923 22.058 1.202 51 56 49
1.901 22.058 1.316 163 135 95
2.008 22.055 1.269 101 107 79
1.898 22.059 1.183 118 127 108
1.976 22.056 1.280 98 110 86
1.953 22.057 1.216 102 113 83
1.899 22.059 1.179 129 138 119
1.894 22.058 1.327 163 136 93
1.857 22.060 1.287 120 116 91
1.922 22.058 1.176 144 152 131
1.974 22.056 1.324 163 134 92
1.866 22.060 1.239 103 111 90
1.967 22.056 1.273 125 134 115
2.017 22.055 1.189 105 109 84
1.991 22.056 1.209 116 120 105
1.838 22.061 1.157 124 120 95
1.982 22.056 1.270 103 109 83
1.870 22.059 1.262 107 121 98
1.856 22.060 1.243 79 83 66
1.989 22.056 1.225 98 106 83
1.944 22.057 1.205 128 130 127
1.990 22.055 1.410 149 126 82
1.981 22.055 1.451 150 122 82
1.971 22.055 1.429 153 126 81
1.945 22.057 1.180 131 143 123
1.953 22.057 1.187 104 116 92
2.018 22.055 1.285 85 81 54
1.962 22.057 1.247 133 129 120
2.015 22.055 1.343 154 128 91
1.968 22.057 1.158 98 96 73
1.918 22.058 1.322 160 133 90
1.938 22.057 1.368 159 132 89
2.014 22.055 1.329 158 132 95
1.921 22.058 1.316 161 133 93
1.960 22.056 1.337 161 129 88
2.002 22.055 1.325 169 137 96
1.933 22.058 1.223 137 146 127
1.830 22.061 1.156 119 115 90
1.888 22.059 1.178 148 157 138
1.922 22.058 1.290 155 146 117
1.925 22.058 1.181 113 122 103
1.959 22.056 1.409 157 130 87
1.872 22.059 1.235 117 125 101
1.914 22.058 1.177 135 143 122
1.983 22.055 1.391 155 128 83
1.984 22.056 1.214 98 107 88
1.945 22.056 1.391 157 130 87
1.961 22.056 1.329 165 133 92
2.009 22.054 1.438 154 122 81
1.946 22.057 1.175 118 128 104
2.022 22.055 1.253 107 112 90
1.967 22.057 1.223 134 143 124
1.814 22.061 1.241 105 114 83
1.987 22.056 1.183 144 153 132
1.813 22.062 1.158 116 116 92
1.886 22.059 1.225 125 135 110
1.883 22.059 1.251 103 112 93
1.953 22.057 1.255 114 126 104
1.964 22.056 1.422 152 125 80
1.998 22.056 1.226 95 105 81
1.954 22.057 1.189 104 116 92
1.859 22.060 1.176 113 125 105
1.894 22.058 1.311 162 134 94
1.974 22.056 1.354 157 130 87
2.000 22.055 1.300 159 130 88
2.002 22.056 1.209 103 109 95
1.870 22.059 1.251 94 106 86
1.816 22.061 1.187 104 118 92
2.001 22.054 1.469 152 120 79
2.022 22.054 1.409 157 133 105
2.003 22.056 1.160 96 98 77
1.911 22.058 1.210 107 117 93
2.025 22.054 1.417 137 116 89
1.953 22.057 1.213 106 114 90
1.881 22.060 1.152 154 149 127
1.935 22.057 1.393 155 131 87
1.954 22.057 1.214 100 111 81
2.003 22.055 1.298 160 129 85
1.873 22.059 1.224 127 135 122
1.904 22.058 1.309 162 134 94
1.915 22.058 1.346 161 134 89
1.958 22.057 1.155 107 102 80
1.962 22.056 1.299 163 136 93
1.908 22.058 1.211 104 114 90
1.868 22.060 1.235 107 115 91
1.901 22.058 1.300 162 137 97
1.872 22.060 1.191 108 120 96
1.901 22.059 1.177 141 149 128
1.987 22.056 1.175 135 145 121
1.926 22.058 1.218 107 117 93
1.918 22.058 1.276 109 124 105
1.904 22.058 1.334 161 134 89
1.923 22.058 1.239 98 106 85
2.017 22.054 1.489 144 121 89
2.015 22.055 1.218 95 105 80
1.833 22.061 1.220 100 112 88
1.875 22.059 1.256 105 120 97
1.858 22.060 1.163 127 132 100
1.999 22.056 1.189 101 111 87
1.811 22.062 1.157 116 116 92
1.966 22.056 1.294 162 135 92
1.994 22.056 1.264 104 110 82
1.868 22.060 1.209 98 105 87
2.007 22.055 1.191 103 115 95
1.841 22.060 1.269 115 123 99
2.003 22.056 1.163 100 103 82
2.025 22.054 1.416 137 116 89
1.939 22.057 1.254 112 128 102
1.992 22.056 1.164 116 118 94
1.989 22.056 1.271 101 110 83
1.942 22.057 1.312 165 136 94
1.997 22.055 1.397 153 129 85
1.895 22.059 1.241 106 114 91
1.915 22.058 1.185 124 133 112
1.919 22.058 1.174 112 120 97
1.902 22.058 1.331 163 136 91
1.909 22.058 1.233 113 121 98
1.847 22.060 1.193 124 137 111
1.961 22.056 1.314 158 129 87
1.992 22.055 1.315 157 132 92
2.024 22.054 1.407 137 116 89
1.871 22.059 1.278 103 118 95
1.915 22.058 1.153 152 148 123
1.922 22.058 1.203 128 134 124
1.861 22.060 1.196 120 133 107
1.900 22.059 1.166 121 124 97
1.935 22.057 1.332 164 132 91
2.017 22.054 1.465 143 123 90
2.008 22.055 1.383 155 126 84
1.940 22.057 1.234 105 115 88
1.945 22.057 1.341 160 133 90
1.991 22.056 1.253 117 126 107
1.974 22.056 1.392 160 128 87
1.983 22.056 1.221 98 110 88
2.004 22.055 1.360 158 126 85
1.904 22.059 1.197 89 95 85
1.996 22.056 1.202 97 99 88
1.865 22.060 1.212 111 121 94
1.852 22.060 1.229 133 141 117
1.963 22.057 1.178 141 152 135
1.840 22.061 1.209 93 100 82
2.000 22.055 1.341 157 128 86
1.927 22.058 1.207 98 104 90
1.999 22.054 1.476 149 117 76
1.987 22.056 1.257 97 110 84
2.014 22.054 1.409 153 124 90
2.001 22.055 1.315 159 130 88
1.924 22.058 1.296 159 134 94
1.869 22.060 1.202 121 126 119
1.838 22.061 1.190 112 124 100
1.998 22.056 1.197 65 66 58
1.917 22.058 1.255 111 125 100
2.002 22.056 1.206 90 96 84
1.989 22.055 1.339 157 129 90
1.937 22.057 1.220 104 114 87
1.940 22.057 1.360 161 134 91
1.995 22.055 1.280 106 117 87
1.984 22.055 1.350 162 133 93
1.912 22.058 1.299 159 134 94
1.963 22.057 1.208 105 112 96
1.931 22.058 1.169 112 118 90
1.983 22.056 1.159 95 93 70
2.024 22.055 1.195 116 116 88
1.912 22.058 1.224 140 150 125
1.912 22.058 1.235 102 110 87
1.873 22.060 1.209 107 114 96
1.836 22.061 1.152 159 154 132
1.878 22.059 1.205 128 133 126
1.984 22.056 1.316 159 131 91
1.982 22.056 1.257 101 111 87
2.007 22.055 1.350 160 128 87
1.994 22.055 1.420 152 125 82
1.991 22.055 1.395 154 130 86
1.959 22.057 1.226 142 150 135
2.002 22.055 1.231 96 107 90
1.983 22.055 1.349 161 132 90
1.967 22.056 1.339 164 132 91
1.811 22.061 1.202 124 131 115
1.947 22.057 1.196 115 125 100
1.887 22.059 1.238 96 104 83
1.850 22.060 1.213 106 117 87
1.920 22.058 1.325 160 133 90
1.990 22.056 1.242 100 105 85
1.916 22.058 1.203 133 139 127
1.878 22.059 1.273 135 147 127
2.020 22.054 1.506 104 112 99
2.000 22.056 1.154 135 130 108
2.025 22.054 1.324 145 126 94
1.978 22.056 1.356 156 124 83
1.936 22.057 1.230 128 137 116
1.985 22.055 1.434 159 126 85
1.976 22.055 1.422 150 126 80
1.998 22.054 1.463 150 121 79
1.940 22.057 1.207 84 87 80
1.915 22.058 1.217 104 114 87
1.996 22.055 1.395 153 129 85
1.826 22.061 1.195 117 126 97
1.993 22.055 1.284 82 82 54
1.987 22.055 1.407 148 125 81
1.937 22.057 1.332 165 133 92
1.998 22.056 1.167 105 109 86
1.911 22.058 1.196 89 94 87
2.005 22.055 1.412 152 121 77
1.870 22.060 1.190 110 122 100
1.839 22.060 1.265 111 117 91
1.821 22.061 1.243 84 93 64
1.932 22.057 1.289 132 125 96
1.993 22.055 1.437 152 124 84
1.958 22.056 1.386 159 132 87
1.975 22.056 1.346 159 132 89
1.999 22.056 1.173 100 109 88
1.982 22.056 1.185 117 129 109
1.928 22.057 1.291 161 152 121
1.976 22.056 1.191 107 117 92
2.007 22.054 1.475 151 120 76
1.807 22.062 1.185 107 119 95
1.951 22.056 1.399 156 127 85
1.884 22.059 1.285 104 109 77
2.017 22.054 1.488 144 121 89
1.977 22.056 1.230 99 107 86
1.932 22.057 1.293 162 135 92
1.894 22.059 1.176 136 144 123
1.868 22.059 1.284 109 113 86
1.980 22.056 1.190 103 116 96
2.015 22.054 1.347 153 127 90
1.969 22.057 1.199 67 73 63
1.966 22.057 1.181 142 153 136
1.844 22.060 1.263 110 118 94
1.978 22.055 1.428 157 124 81
1.997 22.055 1.465 150 121 79
1.833 22.061 1.201 80 87 71
1.980 22.056 1.356 156 124 83
1.824 22.061 1.251 89 93 76
1.869 22.060 1.181 125 136 120
1.981 22.056 1.177 134 147 127
2.008 22.054 1.447 151 119 78
2.008 22.055 1.350 159 130 88
1.988 22.056 1.188 109 118 97
1.905 22.058 1.318 165 138 95
1.966 22.056 1.334 164 132 91
1.912 22.059 1.164 127 130 103
1.874 22.059 1.226 127 135 122
2.009 22.055 1.316 158 129 87
2.006 22.055 1.322 160 128 87
1.985 22.055 1.382 157 128 88
2.017 22.054 1.458 144 124 91
1.827 22.061 1.161 98 101 72
1.967 22.056 1.402 155 128 85
2.003 22.055 1.213 100 109 92
1.936 22.057 1.390 157 133 89
1.976 22.056 1.306 159 130 88
1.935 22.057 1.278 102 118 92
1.856 22.060 1.225 144 152 137
1.960 22.056 1.329 165 133 92
1.856 22.060 1.267 143 147 130
1.975 22.057 1.168 108 113 91
1.897 22.058 1.300 162 137 97
1.867 22.060 1.214 111 121 94
1.920 22.058 1.182 143 152 133
1.857 22.060 1.187 109 121 99
1.995 22.056 1.152 136 129 103
1.840 22.060 1.222 103 112 91
1.922 22.058 1.158 101 100 72
1.808 22.062 1.174 107 119 95
1.852 22.060 1.204 124 129 122
1.947 22.057 1.324 161 132 90
2.002 22.055 1.244 97 105 90
1.835 22.060 1.469 154 127 82
1.863 22.059 1.427 158 130 83
1.884 22.059 1.350 165 138 93
1.852 22.060 1.431 159 131 84
1.972 22.055 1.468 152 123 81
1.863 22.059 1.519 109 115 101
1.919 22.057 1.428 156 127 85
1.956 22.056 1.428 154 125 81
1.896 22.058 1.428 158 131 86
1.818 22.061 1.494 129 124 92
1.945 22.056 1.443 154 125 83
1.835 22.060 1.393 162 135 92
1.901 22.058 1.416 156 129 82
1.817 22.061 1.318 164 139 98
1.873 22.059 1.458 154 125 81
2.015 22.054 1.500 90 96 82
1.904 22.058 1.381 159 130 86
1.847 22.060 1.425 160 132 85
1.858 22.059 1.506 155 168 142
1.968 22.055 1.486 151 117 79
1.833 22.060 1.286 101 107 81
1.855 22.060 1.301 164 143 100
1.829 22.061 1.267 103 117 91
1.838 22.060 1.358 165 136 92
1.811 22.061 1.510 144 158 141
1.870 22.059 1.355 164 137 92
1.930 22.057 1.511 96 110 97
1.911 22.058 1.507 93 111 95
1.835 22.060 1.401 160 133 88
1.842 22.060 1.333 163 135 95
1.975 22.055 1.503 92 108 95
1.820 22.061 1.379 163 136 93
1.826 22.061 1.462 156 129 84
1.961 22.056 1.493 141 121 86
2.002 22.054 1.495 135 128 99
1.850 22.060 1.485 151 128 78
1.938 22.057 1.463 152 123 81
1.837 22.060 1.317 166 139 94
1.830 22.060 1.431 158 131 86
1.813 22.061 1.393 158 134 86
1.811 22.061 1.304 160 135 94
1.857 22.059 1.521 167 171 157
1.857 22.059 1.488 145 124 77
1.943 22.056 1.451 154 125 83
1.868 22.059 1.442 156 129 84
1.855 22.060 1.378 159 137 90
1.864 22.059 1.483 153 124 80
1.875 22.059 1.333 163 139 95
1.895 22.058 1.467 153 124 80
1.926 22.057 1.426 157 128 86
1.841 22.060 1.374 161 134 89
1.856 22.060 1.385 155 133 86
1.815 22.061 1.428 160 134 85
1.884 22.058 1.480 156 127 83
1.893 22.058 1.442 157 128 84
1.914 22.057 1.492 128 109 76
1.914 22.057 1.482 152 123 79
1.862 22.059 1.474 154 125 81
1.822 22.061 1.469 156 127 83
1.966 22.056 1.439 153 124 82
1.824 22.061 1.409 158 131 86
1.856 22.060 1.441 157 128 84
1.841 22.060 1.279 99 118 90
1.826 22.061 1.500 118 125 109
1.818 22.061 1.365 162 140 91
1.983 22.055 1.475 149 121 81
1.827 22.061 1.434 159 132 87
1.811 22.061 1.251 68 72 55
1.982 22.055 1.519 97 106 87
1.907 22.058 1.521 97 112 93
1.950 22.056 1.518 98 109 93
1.930 22.057 1.483 152 123 81
1.904 22.058 1.413 156 129 82
1.852 22.060 1.416 160 133 88
1.917 22.057 1.504 94 108 91
1.854 22.060 1.429 159 131 84
1.867 22.059 1.510 92 110 88
1.865 22.059 1.320 165 143 96
1.878 22.059 1.338 162 135 92
1.858 22.059 1.508 145 158 132
1.807 22.061 1.245 122 128 114
1.873 22.059 1.392 161 134 91
1.829 22.061 1.411 160 131 89
1.890 22.058 1.359 164 137 92
1.967 22.056 1.460 152 123 81
1.925 22.057 1.517 97 111 96
1.921 22.057 1.518 97 111 94
1.979 22.055 1.477 153 124 82
1.926 22.057 1.488 149 121 84
1.910 22.058 1.459 152 123 79
1.864 22.059 1.335 160 136 92
1.879 22.059 1.409 160 133 88
1.952 22.056 1.518 97 108 92
1.808 22.061 1.342 166 137 93
2.023 22.053 1.520 117 120 103
1.862 22.059 1.486 156 133 79
1.951 22.056 1.512 95 109 96
1.961 22.056 1.500 98 107 90
1.816 22.061 1.472 159 128 84
1.817 22.061 1.469 156 127 83
1.915 22.057 1.444 152 123 79
1.822 22.061 1.369 159 137 90
1.953 22.056 1.490 139 121 83
1.838 22.060 1.517 162 164 143
1.858 22.059 1.523 172 176 161
2.002 22.054 1.523 93 106 89
1.827 22.061 1.310 164 140 96
1.812 22.061 1.321 163 138 97
1.835 22.060 1.372 161 134 89
1.846 22.060 1.379 156 132 86
1.883 22.059 1.470 154 125 81
1.870 22.059 1.340 165 136 92
1.857 22.059 1.456 158 129 85
1.932 22.057 1.486 151 122 78
1.861 22.059 1.362 159 135 89
1.896 22.058 1.463 155 126 82
2.017 22.054 1.503 94 102 89
1.867 22.059 1.460 155 126 82
1.870 22.059 1.347 164 135 91
1.807 22.061 1.482 159 125 87
1.831 22.060 1.513 139 137 112
1.888 22.058 1.402 161 134 91
1.873 22.059 1.383 160 133 88
1.994 22.055 1.504 94 108 93
1.843 22.060 1.466 157 130 85
1.910 22.058 1.450 154 125 81
1.824 22.061 1.276 101 114 86
1.949 22.056 1.441 154 125 83
1.915 22.057 1.465 154 125 81
1.857 22.060 1.383 159 137 90
1.971 22.055 1.505 90 108 96
1.938 22.057 1.437 155 126 84
1.841 22.060 1.335 163 133 95
1.881 22.059 1.495 129 122 103
1.824 22.061 1.320 164 139 98
1.881 22.059 1.471 154 125 81
1.858 22.059 1.472 156 127 83
1.865 22.059 1.469 153 124 80
1.905 22.058 1.399 158 131 88
1.987 22.055 1.477 151 123 83
1.882 22.059 1.503 97 111 94
1.940 22.056 1.505 95 107 93
1.858 22.060 1.319 164 142 95
1.845 22.060 1.370 161 134 89
1.849 22.060 1.367 161 137 91
1.852 22.060 1.450 158 129 85
1.944 22.056 1.423 159 128 84
1.975 22.055 1.519 94 107 87
1.807 22.061 1.418 165 134 88
1.819 22.061 1.440 159 132 85
1.976 22.055 1.499 104 105 87
1.841 22.060 1.335 163 133 95
1.838 22.060 1.409 159 132 87
1.807 22.061 1.367 159 132 87
1.881 22.059 1.351 164 135 91
1.905 22.058 1.499 102 111 90
1.970 22.055 1.497 106 108 87
1.814 22.061 1.293 164 141 99
1.825 22.061 1.331 164 137 94
1.876 22.059 1.414 156 129 84
1.924 22.057 1.512 95 112 96
1.859 22.059 1.504 144 156 132
1.932 22.057 1.454 154 125 83
1.949 22.056 1.417 154 125 83
1.848 22.060 1.312 163 139 93
1.849 22.060 1.426 160 132 85
1.869 22.059 1.400 158 131 86
1.958 22.056 1.475 149 120 78
1.845 22.060 1.417 160 133 88
1.869 22.059 1.485 157 134 80
1.898 22.058 1.411 158 131 86
1.858 22.060 1.398 159 132 89
1.863 22.059 1.509 111 125 99
1.810 22.061 1.296 163 140 98
1.988 22.055 1.494 133 126 97
1.821 22.061 1.271 102 115 85
1.966 22.056 1.468 150 121 79
1.905 22.058 1.360 159 132 87
1.823 22.061 1.302 164 139 98
1.949 22.056 1.454 153 124 82
1.865 22.059 1.453 157 130 85
1.893 22.058 1.349 162 135 90
1.924 22.057 1.384 157 128 84
1.886 22.058 1.506 90 108 92
1.821 22.061 1.351 163 136 91
1.824 22.061 1.272 103 118 89
1.816 22.061 1.349 163 136 91
1.923 22.057 1.475 153 124 80
2.010 22.054 1.516 96 107 90
1.892 22.058 1.449 157 128 84
1.995 22.054 1.514 92 106 91
1.837 22.060 1.494 141 130 110
1.824 22.061 1.480 157 128 84
1.824 22.061 1.514 155 154 126
1.915 22.057 1.471 152 123 79
1.853 22.060 1.388 158 136 89
1.839 22.060 1.319 165 138 95
1.845 22.060 1.508 157 166 135
1.869 22.059 1.499 101 112 96
1.825 22.061 1.368 160 138 91
1.909 22.058 1.415 157 130 83
1.807 22.061 1.513 99 113 98
1.850 22.060 1.516 170 172 150
1.823 22.061 1.286 105 108 79
1.818 22.061 1.280 108 113 83
1.912 22.058 1.450 152 123 79
1.904 22.058 1.418 157 130 83
2.000 22.054 1.493 132 116 80
1.880 22.059 1.394 160 133 90
1.927 22.057 1.515 97 111 96
1.838 22.060 1.427 159 131 84
1.946 22.056 1.523 97 109 95
1.859 22.060 1.304 161 140 95
1.813 22.061 1.260 107 115 91
1.949 22.056 1.465 152 123 81
1.827 22.061 1.388 161 138 94
1.864 22.059 1.392 160 133 90
1.924 22.057 1.445 153 124 80
1.920 22.057 1.458 153 124 80
1.822 22.061 1.337 166 138 98
1.808 22.061 1.445 158 129 85
1.918 22.057 1.482 149 120 76
1.809 22.061 1.253 54 58 41
1.824 22.061 1.509 142 144 122
1.924 22.057 1.399 158 130 82
2.010 22.054 1.511 92 103 89
1.940 22.057 1.469 154 125 83
1.961 22.056 1.488 146 118 78
1.818 22.061 1.315 164 139 98
1.926 22.057 1.449 154 125 81
1.882 22.059 1.394 158 131 88
1.836 22.060 1.402 160 133 88
1.912 22.057 1.482 152 123 79
1.851 22.060 1.348 163 136 91
1.984 22.055 1.519 97 106 89
1.819 22.061 1.281 107 114 83
1.839 22.060 1.467 153 126 81
1.882 22.059 1.359 159 132 87
1.836 22.060 1.377 160 133 88
1.872 22.059 1.462 154 125 81
1.894 22.058 1.476 153 124 80
1.967 22.056 1.467 150 121 79
1.962 22.056 1.513 91 108 92
1.869 22.059 1.400 158 131 86
1.829 22.061 1.326 165 138 93
1.867 22.059 1.314 161 139 92
1.833 22.060 1.373 160 136 90
1.879 22.059 1.434 161 133 86
1.860 22.059 1.379 157 135 88
1.967 22.056 1.473 151 122 80
1.922 22.057 1.401 157 129 81
1.985 22.055 1.485 145 116 72
1.841 22.060 1.442 159 130 86
1.922 22.057 1.452 152 123 79
1.961 22.056 1.508 91 107 94
1.829 22.060 1.483 157 128 84
1.893 22.058 1.374 161 132 88
1.841 22.060 1.393 161 134 91
1.962 22.056 1.466 152 123 81
1.965 22.056 1.522 96 107 90
1.822 22.061 1.329 164 136 96
1.892 22.058 1.523 98 113 94
1.822 22.061 1.498 123 125 103
1.874 22.059 1.367 158 131 86
1.883 22.059 1.394 158 131 88
1.832 22.060 1.358 160 137 93
1.860 22.059 1.414 158 131 86
1.841 22.060 1.411 160 133 88
1.852 22.060 1.335 161 136 95
1.833 22.060 1.364 159 137 90
1.937 22.057 1.402 158 129 87
1.913 22.057 1.478 152 123 79
1.853 22.060 1.450 158 129 85
1.959 22.056 1.484 151 120 76
1.923 22.057 1.470 153 124 80
1.808 22.061 1.352 166 139 94
1.954 22.056 1.443 152 123 81
1.846 22.060 1.493 132 124 101
1.943 22.056 1.410 157 125 84
1.853 22.060 1.314 159 137 90
1.905 22.058 1.482 150 121 77
1.877 22.059 1.376 162 135 90
1.851 22.060 1.462 156 127 83
1.827 22.061 1.269 100 115 86
1.944 22.056 1.442 155 126 84
1.825 22.061 1.325 164 137 94
2.025 22.053 1.519 117 120 103
1.920 22.057 1.387 156 127 83
1.831 22.061 1.313 162 135 90
1.847 22.060 1.301 161 138 94
1.870 22.059 1.493 125 119 95
1.955 22.056 1.507 93 109 96
1.826 22.061 1.433 159 132 87
1.843 22.060 1.483 154 127 82
1.820 22.061 1.513 155 155 129
1.893 22.058 1.477 152 123 79
1.865 22.059 1.476 154 125 81
1.922 22.057 1.463 153 124 80
1.924 22.057 1.471 153 124 80
1.812 22.061 1.373 162 135 92
1.859 22.060 1.328 158 135 91
1.851 22.060 1.428 159 131 84
1.864 22.059 1.372 160 136 90
1.936 22.057 1.480 152 123 81
1.982 22.055 1.461 148 120 80
1.926 22.057 1.502 100 109 88
