-21.779 23.518 1.413 147 121 70
-21.666 23.520 1.318 84 77 71
-21.806 23.516 1.312 92 96 82
-21.750 23.519 1.413 146 125 72
-21.798 23.517 1.365 146 123 69
-21.850 23.515 1.326 108 108 96
-21.760 23.518 1.339 78 72 60
-21.797 23.517 1.318 91 94 77
-21.740 23.518 1.344 156 145 115
-21.825 23.516 1.314 93 96 79
-21.651 23.521 1.357 126 109 66
-21.784 23.517 1.352 150 125 71
-21.741 23.519 1.387 145 122 70
-21.721 23.520 1.427 149 121 74
-21.666 23.522 1.505 143 119 73
-21.669 23.522 1.488 145 121 73
-21.774 23.518 1.390 149 124 70
-21.764 23.518 1.340 33 26 7
-21.824 23.516 1.360 145 125 75
-21.665 23.522 1.503 144 120 72
-21.683 23.522 1.514 140 118 71
-21.714 23.519 1.377 151 126 72
-21.663 23.522 1.477 144 120 72
-21.788 23.517 1.327 104 97 89
-21.753 23.518 1.372 148 128 69
-21.713 23.519 1.365 148 126 77
-21.711 23.520 1.421 146 123 73
-21.779 23.517 1.326 103 93 84
-21.674 23.521 1.426 142 118 70
-21.656 23.523 1.516 141 118 74
-21.696 23.520 1.417 146 123 73
-21.688 23.520 1.395 149 123 72
-21.660 23.521 1.424 149 123 74
-21.705 23.521 1.505 140 118 71
-21.672 23.522 1.509 141 119 72
-21.713 23.521 1.483 143 121 74
-21.692 23.520 1.342 138 127 99
-21.641 23.524 1.571 145 151 141
-21.800 23.517 1.387 144 121 67
-21.795 23.517 1.318 90 91 77
-21.771 23.519 1.427 146 120 71
-21.714 23.520 1.421 146 123 73
-21.669 23.522 1.463 149 123 74
-21.646 23.522 1.469 128 113 84
-21.666 23.522 1.456 150 122 74
-21.698 23.519 1.310 54 46 35
-21.688 23.521 1.454 144 122 73
-21.729 23.519 1.406 147 121 72
-21.680 23.521 1.408 146 124 74
-21.711 23.519 1.330 105 89 74
-21.784 23.518 1.423 142 119 69
-21.821 23.516 1.347 147 125 88
-21.756 23.519 1.389 144 121 67
-21.685 23.519 1.312 47 38 29
-21.744 23.519 1.445 148 121 74
-21.788 23.517 1.342 113 102 72
-21.839 23.516 1.367 146 123 69
-21.745 23.519 1.404 145 124 71
-21.788 23.518 1.418 142 119 69
-21.772 23.518 1.403 146 120 69
-21.652 23.522 1.441 127 112 69
-21.730 23.520 1.445 147 121 72
-21.653 23.522 1.416 142 119 75
-21.757 23.518 1.373 148 128 69
-21.711 23.519 1.341 31 24 6
-21.730 23.519 1.406 148 122 73
-21.799 23.517 1.356 148 121 68
-21.712 23.521 1.460 144 122 72
-21.640 23.521 1.340 162 160 145
-21.685 23.520 1.348 145 124 77
-21.735 23.520 1.478 143 121 72
-21.659 23.523 1.534 139 112 69
-21.670 23.522 1.485 141 117 69
-21.654 23.521 1.374 140 123 79
-21.745 23.518 1.337 68 61 51
-21.680 23.522 1.532 139 115 77
-21.679 23.522 1.529 140 116 82
-21.681 23.522 1.492 143 121 74
-21.734 23.519 1.369 148 127 72
-21.651 23.523 1.520 123 107 71
-21.806 23.517 1.388 147 124 70
-21.811 23.517 1.341 33 28 9
-21.844 23.516 1.352 147 119 69
-21.791 23.517 1.311 53 50 43
-21.780 23.518 1.407 147 121 70
-21.736 23.519 1.422 147 124 74
-21.684 23.521 1.399 145 122 70
-21.717 23.519 1.337 68 64 53
-21.765 23.519 1.439 143 117 66
-21.645 23.521 1.374 149 140 109
-21.788 23.518 1.419 142 119 69
-21.732 23.520 1.445 147 121 72
-21.693 23.521 1.470 143 121 72
-21.831 23.516 1.344 122 111 83
-21.789 23.517 1.334 106 99 73
-21.778 23.518 1.421 145 119 70
-21.746 23.518 1.323 103 87 72
-21.654 23.520 1.325 47 48 50
-21.650 23.520 1.321 65 70 66
-21.843 23.516 1.357 146 120 69
-21.765 23.518 1.368 147 126 69
-21.716 23.519 1.339 68 64 53
-21.718 23.521 1.483 143 121 74
-21.785 23.517 1.343 116 105 75
-21.648 23.521 1.402 127 113 76
-21.670 23.521 1.395 147 125 68
-21.651 23.523 1.552 94 89 69
-21.692 23.521 1.424 147 123 75
-21.712 23.520 1.397 146 123 73
-21.760 23.518 1.353 152 127 73
-21.806 23.516 1.310 46 47 39
-21.644 23.523 1.511 140 133 105
-21.701 23.520 1.353 151 128 78
-21.704 23.520 1.413 144 122 72
-21.660 23.522 1.434 145 122 70
-21.658 23.520 1.315 29 28 24
-21.767 23.518 1.390 148 125 71
-21.702 23.521 1.482 145 123 76
-21.817 23.517 1.364 145 123 73
-21.796 23.518 1.404 142 119 67
-21.686 23.521 1.435 146 123 73
-21.724 23.520 1.426 148 120 73
-21.677 23.521 1.407 146 124 74
-21.722 23.520 1.467 146 122 76
-21.751 23.519 1.415 146 125 72
-21.738 23.519 1.421 146 123 73
-21.710 23.521 1.475 145 123 74
-21.797 23.517 1.374 144 122 62
-21.684 23.520 1.324 101 83 69
-21.643 23.522 1.472 158 147 127
-21.741 23.518 1.314 103 94 77
-21.746 23.519 1.391 144 123 70
-21.723 23.520 1.430 151 123 76
-21.849 23.515 1.332 107 108 92
-21.725 23.519 1.319 102 87 66
-21.671 23.520 1.336 107 93 80
-21.791 23.517 1.331 99 94 75
-21.691 23.521 1.492 143 121 74
-21.803 23.517 1.401 145 122 68
-21.755 23.518 1.374 148 128 69
-21.654 23.521 1.414 142 119 75
-21.641 23.522 1.463 156 150 128
-21.751 23.519 1.415 146 125 72
-21.750 23.519 1.409 144 123 70
-21.765 23.518 1.322 103 87 72
-21.750 23.519 1.386 148 127 72
-21.805 23.516 1.318 90 94 77
-21.642 23.521 1.311 157 159 145
-21.673 23.522 1.477 141 119 72
-21.828 23.516 1.334 94 98 84
-21.674 23.520 1.343 145 134 106
-21.661 23.522 1.490 144 120 72
-21.737 23.519 1.354 151 125 74
-21.691 23.521 1.432 146 122 74
-21.681 23.521 1.419 147 123 75
-21.771 23.518 1.360 151 121 71
-21.648 23.521 1.352 136 123 88
-21.804 23.517 1.373 141 121 60
-21.712 23.520 1.441 148 125 73
-21.694 23.519 1.322 105 87 73
-21.805 23.516 1.317 90 94 77
-21.726 23.520 1.409 149 121 73
-21.800 23.517 1.341 50 45 26
-21.726 23.519 1.375 148 125 71
-21.718 23.521 1.485 143 121 74
-21.640 23.523 1.505 157 151 127
-21.698 23.520 1.382 150 119 72
-21.705 23.521 1.448 146 123 73
-21.808 23.517 1.398 145 122 68
-21.677 23.521 1.393 149 124 70
-21.739 23.519 1.365 149 126 74
-21.863 23.515 1.314 122 121 101
-21.779 23.518 1.365 149 124 70
-21.655 23.523 1.522 141 118 76
-21.645 23.521 1.336 145 146 132
-21.684 23.522 1.510 138 116 69
-21.666 23.520 1.310 39 37 25
-21.714 23.520 1.400 147 124 74
-21.758 23.519 1.428 142 119 69
-21.738 23.519 1.351 150 128 79
-21.713 23.519 1.318 105 89 74
-21.812 23.516 1.314 87 91 77
-21.723 23.519 1.344 115 104 76
-21.649 23.523 1.565 82 92 84
-21.692 23.522 1.523 142 120 73
-21.730 23.518 1.318 102 87 66
-21.643 23.523 1.510 140 133 105
-21.733 23.519 1.352 151 125 74
-21.663 23.522 1.507 142 118 72
-21.842 23.515 1.317 100 103 84
-21.826 23.516 1.310 44 44 36
-21.789 23.517 1.316 96 95 77
-21.737 23.519 1.410 145 122 72
-21.677 23.522 1.476 141 119 72
-21.830 23.516 1.333 91 95 81
-21.656 23.523 1.525 141 118 76
-21.755 23.519 1.385 145 122 68
-21.728 23.520 1.460 144 120 72
-21.760 23.518 1.392 144 121 67
-21.852 23.515 1.312 49 46 37
-21.690 23.520 1.332 104 88 73
-21.651 23.523 1.564 79 89 81
-21.649 23.521 1.399 137 124 89
-21.701 23.521 1.483 145 123 76
-21.662 23.520 1.322 38 33 29
-21.739 23.519 1.370 147 127 68
-21.675 23.522 1.519 142 120 73
-21.684 23.520 1.359 148 121 74
-21.651 23.521 1.408 129 110 68
-21.652 23.522 1.474 140 114 77
-21.770 23.518 1.354 154 127 74
-21.674 23.521 1.397 146 123 71
-21.813 23.517 1.391 144 123 68
-21.845 23.516 1.332 98 100 86
-21.691 23.521 1.427 147 123 75
-21.776 23.518 1.401 146 121 67
-21.651 23.523 1.534 125 105 68
-21.693 23.521 1.496 145 123 76
-21.640 23.522 1.424 156 150 124
-21.670 23.522 1.478 138 122 70
-21.642 23.521 1.371 162 156 130
-21.669 23.522 1.476 140 123 71
-21.657 23.522 1.503 143 120 76
-21.804 23.517 1.348 141 126 83
-21.750 23.519 1.401 145 124 71
-21.761 23.518 1.393 144 121 67
-21.677 23.521 1.407 146 124 74
-21.643 23.521 1.391 155 150 121
-21.789 23.517 1.370 148 128 67
-21.769 23.518 1.333 111 97 68
-21.693 23.521 1.446 145 122 72
-21.642 23.522 1.451 154 150 123
-21.680 23.520 1.333 97 85 69
-21.855 23.515 1.337 62 68 56
-21.796 23.517 1.363 147 121 70
-21.775 23.518 1.389 148 123 69
-21.722 23.519 1.387 148 120 70
-21.821 23.516 1.324 89 92 81
-21.797 23.517 1.330 97 95 80
-21.663 23.522 1.511 143 119 73
-21.780 23.517 1.312 54 49 43
-21.703 23.521 1.460 142 120 70
-21.660 23.521 1.419 146 120 71
-21.714 23.519 1.359 151 124 79
-21.659 23.520 1.338 27 24 15
-21.688 23.521 1.484 141 119 72
-21.693 23.520 1.342 34 27 11
-21.862 23.515 1.332 126 126 98
-21.646 23.521 1.359 125 111 74
-21.694 23.519 1.326 105 87 73
-21.669 23.521 1.421 143 121 72
-21.706 23.520 1.403 146 123 73
-21.737 23.518 1.342 154 143 113
-21.645 23.522 1.471 151 139 115
-21.694 23.520 1.416 145 123 73
-21.750 23.519 1.454 141 117 69
-21.692 23.521 1.483 144 122 75
-21.664 23.521 1.355 151 125 68
-21.715 23.520 1.449 145 122 70
-21.737 23.520 1.432 144 121 71
-21.646 23.523 1.489 127 114 82
-21.694 23.521 1.498 145 123 76
-21.734 23.519 1.412 148 125 75
-21.791 23.517 1.377 150 125 68
-21.815 23.517 1.381 147 122 68
-21.658 23.521 1.422 147 121 72
-21.766 23.519 1.444 146 120 69
-21.739 23.519 1.374 148 127 70
-21.831 23.516 1.352 147 119 71
-21.670 23.521 1.433 144 122 72
-21.711 23.519 1.365 148 126 77
-21.678 23.520 1.342 30 23 7
-21.798 23.518 1.404 142 119 67
-21.810 23.516 1.325 89 91 88
-21.736 23.520 1.448 145 121 73
-21.754 23.518 1.353 151 126 72
-21.786 23.518 1.399 145 122 68
-21.659 23.521 1.429 148 122 73
-21.667 23.522 1.528 141 117 73
-21.705 23.521 1.481 145 123 76
-21.805 23.517 1.364 145 122 68
-21.713 23.521 1.496 143 121 74
-21.693 23.521 1.432 146 122 74
-21.702 23.519 1.336 66 62 53
-21.676 23.521 1.430 148 124 76
-21.753 23.519 1.402 144 123 70
-21.643 23.522 1.458 144 139 109
-21.752 23.519 1.396 144 123 70
-21.740 23.519 1.382 148 119 75
-21.766 23.519 1.410 142 119 67
-21.726 23.520 1.419 145 117 69
-21.688 23.522 1.505 143 121 74
-21.677 23.521 1.406 146 124 74
-21.721 23.520 1.448 144 121 71
-21.643 23.521 1.355 155 145 118
-21.823 23.517 1.381 142 121 66
-21.815 23.517 1.385 143 122 67
-21.797 23.518 1.401 143 120 66
-21.699 23.521 1.444 148 125 75
-21.716 23.519 1.330 104 91 75
-21.862 23.515 1.328 126 128 106
-21.798 23.518 1.396 143 120 66
-21.705 23.521 1.491 143 121 74
-21.714 23.519 1.368 148 127 74
-21.699 23.521 1.464 144 122 73
-21.717 23.519 1.353 149 126 76
-21.655 23.521 1.335 27 25 26
-21.794 23.517 1.360 149 121 71
-21.833 23.516 1.334 88 92 78
-21.666 23.522 1.496 144 120 72
-21.814 23.516 1.334 113 117 100
-21.644 23.522 1.415 148 137 105
-21.662 23.522 1.444 146 123 71
-21.656 23.521 1.338 27 25 13
-21.787 23.518 1.417 144 121 71
-21.676 23.521 1.391 149 124 70
-21.799 23.517 1.313 98 100 87
-21.755 23.519 1.448 143 119 71
-21.864 23.515 1.319 118 121 94
-21.679 23.520 1.346 137 122 83
-21.661 23.520 1.340 29 25 13
-21.644 23.523 1.563 116 126 115
-21.748 23.519 1.407 144 123 70
-21.717 23.521 1.481 143 121 74
-21.639 23.522 1.434 156 150 126
-21.690 23.521 1.449 144 121 71
-21.688 23.521 1.456 143 121 72
-21.664 23.522 1.507 142 118 72
-21.871 23.515 1.326 113 114 100
-21.773 23.517 1.329 106 92 79
-21.675 23.520 1.322 105 89 74
-21.645 23.521 1.360 153 140 108
-21.731 23.520 1.426 149 122 75
-21.653 23.521 1.378 138 122 73
-21.699 23.521 1.436 147 124 74
-21.844 23.516 1.363 142 122 71
-21.652 23.522 1.419 129 110 68
-21.763 23.518 1.381 149 123 72
-21.654 23.523 1.533 134 110 72
-21.729 23.519 1.364 148 125 75
-21.664 23.523 1.579 98 104 92
-21.805 23.518 1.428 142 119 69
-21.807 23.519 1.509 141 117 73
-21.892 23.515 1.351 117 113 88
-21.704 23.522 1.545 137 118 76
-21.898 23.514 1.327 95 93 68
-21.886 23.516 1.427 126 119 100
-21.898 23.517 1.521 104 99 69
-21.906 23.516 1.446 130 125 95
-21.902 23.517 1.504 118 113 81
-21.894 23.517 1.511 79 76 59
-21.789 23.520 1.550 125 118 92
-21.897 23.514 1.315 80 78 55
-21.855 23.516 1.370 146 120 63
-21.892 23.514 1.326 99 97 74
-21.880 23.517 1.480 133 128 99
-21.701 23.522 1.545 138 119 77
-21.813 23.519 1.547 112 97 64
-21.872 23.516 1.411 139 117 67
-21.743 23.520 1.490 144 122 73
-21.760 23.521 1.592 155 153 140
-21.709 23.522 1.552 87 85 73
-21.785 23.521 1.589 92 94 80
-21.821 23.518 1.436 142 119 69
-21.808 23.520 1.585 89 92 81
-21.901 23.516 1.436 120 115 83
-21.752 23.521 1.583 84 90 78
-21.792 23.519 1.514 140 116 70
-21.820 23.519 1.518 141 114 69
-21.883 23.518 1.523 134 129 100
-21.723 23.522 1.577 80 88 77
-21.721 23.522 1.571 85 91 81
-21.690 23.522 1.564 123 132 113
-21.850 23.516 1.402 144 118 69
-21.731 23.522 1.587 85 88 77
-21.872 23.518 1.552 98 93 63
-21.646 23.524 1.577 78 84 72
-21.860 23.518 1.529 136 113 72
-21.804 23.518 1.464 143 120 70
-21.858 23.517 1.429 136 112 64
-21.748 23.520 1.499 141 119 72
-21.833 23.520 1.590 102 103 89
-21.835 23.518 1.497 138 114 68
-21.799 23.520 1.550 111 104 78
-21.861 23.517 1.428 136 112 64
-21.890 23.516 1.421 112 106 90
-21.769 23.519 1.467 142 118 70
-21.761 23.519 1.474 144 122 75
-21.878 23.516 1.414 131 117 72
-21.842 23.519 1.528 139 115 69
-21.803 23.519 1.481 141 119 70
-21.897 23.515 1.392 87 83 58
-21.845 23.518 1.474 140 116 68
-21.710 23.522 1.545 132 115 72
-21.885 23.515 1.357 131 127 92
-21.837 23.518 1.488 141 117 71
-21.883 23.518 1.543 130 124 100
-21.759 23.521 1.580 83 91 80
-21.712 23.522 1.574 88 89 81
-21.893 23.515 1.374 96 96 72
-21.841 23.519 1.565 84 96 76
-21.868 23.516 1.432 139 112 67
-21.717 23.522 1.569 86 94 79
-21.893 23.517 1.477 89 86 69
-21.797 23.520 1.534 141 117 69
-21.734 23.522 1.577 83 91 80
-21.800 23.518 1.436 142 121 68
-21.724 23.521 1.536 139 116 64
-21.820 23.518 1.488 144 117 70
-21.852 23.519 1.588 110 111 95
-21.770 23.519 1.459 141 119 69
-21.877 23.515 1.341 65 59 45
-21.776 23.520 1.554 92 91 71
-21.816 23.518 1.463 141 118 68
-21.663 23.523 1.564 86 91 84
-21.887 23.517 1.473 127 120 104
-21.756 23.520 1.483 141 121 71
-21.829 23.517 1.439 141 117 69
-21.873 23.518 1.512 134 113 68
-21.696 23.522 1.525 141 119 72
-21.731 23.522 1.581 83 91 80
-21.864 23.515 1.353 150 123 70
-21.716 23.522 1.543 136 119 65
-21.760 23.521 1.552 89 87 75
-21.679 23.523 1.568 121 125 108
-21.706 23.522 1.529 138 117 72
-21.902 23.517 1.488 119 114 82
-21.753 23.520 1.501 142 120 73
-21.886 23.518 1.558 128 125 108
-21.813 23.518 1.442 141 119 69
-21.796 23.519 1.495 141 119 72
-21.903 23.515 1.411 121 116 84
-21.688 23.523 1.585 89 93 78
-21.799 23.519 1.508 141 117 73
-21.792 23.518 1.444 144 121 71
-21.857 23.516 1.371 146 120 63
-21.887 23.516 1.399 128 121 102
-21.746 23.520 1.514 139 117 70
-21.832 23.518 1.470 141 117 69
-21.811 23.518 1.427 141 119 69
-21.713 23.522 1.545 135 118 75
-21.769 23.519 1.462 138 114 68
-21.784 23.520 1.569 83 91 78
-21.720 23.521 1.538 140 121 63
-21.898 23.516 1.465 99 96 65
-21.770 23.519 1.446 146 123 73
-21.874 23.516 1.432 134 116 68
-21.797 23.520 1.564 82 94 84
-21.869 23.517 1.454 138 114 70
-21.891 23.514 1.322 119 118 97
-21.881 23.518 1.564 126 125 107
-21.825 23.517 1.435 143 120 70
-21.883 23.518 1.567 125 122 103
-21.689 23.522 1.558 83 85 72
-21.703 23.522 1.544 137 118 76
-21.759 23.520 1.536 142 119 69
-21.861 23.517 1.455 139 115 71
-21.897 23.515 1.346 81 76 54
-21.754 23.520 1.493 141 120 73
-21.900 23.516 1.424 102 99 66
-21.831 23.519 1.540 143 117 66
-21.890 23.515 1.362 115 117 93
-21.867 23.519 1.590 115 114 96
-21.800 23.520 1.540 139 115 69
-21.888 23.517 1.485 124 120 108
-21.683 23.522 1.543 143 121 72
-21.884 23.517 1.491 131 126 107
-21.803 23.519 1.484 139 117 68
-21.803 23.519 1.528 138 114 66
-21.802 23.519 1.480 141 119 70
-21.741 23.520 1.502 142 120 71
-21.783 23.520 1.569 83 91 78
-21.761 23.520 1.494 142 121 74
-21.812 23.517 1.402 143 122 67
-21.854 23.516 1.377 145 119 68
-21.854 23.517 1.422 139 116 66
-21.878 23.515 1.366 132 118 81
-21.745 23.522 1.591 164 162 149
-21.830 23.518 1.487 144 117 72
-21.837 23.518 1.493 139 115 69
-21.907 23.518 1.568 132 126 102
-21.745 23.520 1.492 143 123 73
-21.853 23.518 1.479 137 113 65
-21.867 23.519 1.571 86 93 77
-21.695 23.522 1.554 93 89 77
-21.786 23.520 1.552 114 107 81
-21.815 23.518 1.441 138 118 67
-21.642 23.524 1.590 141 142 128
-21.753 23.520 1.522 138 114 68
-21.722 23.521 1.501 142 120 70
-21.863 23.516 1.366 142 120 63
-21.856 23.518 1.502 143 119 71
-21.791 23.520 1.577 83 91 78
-21.891 23.516 1.463 123 117 103
-21.731 23.521 1.509 139 117 67
-21.887 23.517 1.463 128 121 105
-21.883 23.518 1.566 125 122 103
-21.828 23.518 1.445 141 117 69
-21.763 23.519 1.466 140 116 70
-21.861 23.519 1.564 84 95 78
-21.866 23.518 1.538 128 110 64
-21.890 23.515 1.377 119 115 88
-21.694 23.522 1.573 121 118 109
-21.830 23.519 1.521 141 114 69
-21.748 23.520 1.503 144 122 75
-21.759 23.521 1.579 83 91 80
-21.740 23.521 1.563 71 83 71
-21.878 23.515 1.375 133 117 81
-21.727 23.522 1.594 157 153 141
-21.788 23.521 1.588 96 98 84
-21.733 23.521 1.528 137 112 72
-21.822 23.519 1.514 144 117 72
-21.825 23.519 1.522 140 113 66
-21.822 23.517 1.419 143 120 68
-21.709 23.521 1.511 144 122 75
-21.863 23.518 1.551 111 103 82
-21.839 23.517 1.413 141 118 68
-21.699 23.522 1.544 138 116 75
-21.885 23.518 1.579 122 123 105
-21.839 23.518 1.497 140 116 70
-21.794 23.519 1.473 144 120 72
-21.905 23.516 1.427 127 122 90
-21.867 23.517 1.454 139 114 73
-21.878 23.518 1.529 139 124 93
-21.767 23.520 1.511 142 118 74
-21.820 23.520 1.588 109 110 96
-21.887 23.518 1.540 124 119 97
-21.842 23.519 1.540 140 117 65
-21.805 23.519 1.507 141 117 73
-21.827 23.517 1.407 143 117 66
-21.816 23.518 1.488 139 117 70
-21.740 23.521 1.556 86 91 84
-21.838 23.520 1.587 79 81 67
-21.770 23.520 1.501 144 120 72
-21.805 23.520 1.559 82 92 81
-21.879 23.516 1.415 131 117 72
-21.886 23.515 1.375 130 123 95
-21.796 23.520 1.556 85 91 77
-21.815 23.518 1.434 139 119 66
-21.765 23.521 1.585 87 93 81
-21.748 23.521 1.571 83 88 81
-21.836 23.516 1.381 142 121 68
-21.758 23.521 1.589 67 69 56
-21.908 23.518 1.584 149 141 122
-21.876 23.517 1.495 129 114 71
-21.795 23.519 1.488 144 122 73
-21.799 23.519 1.490 141 119 72
-21.878 23.518 1.512 135 125 89
-21.817 23.517 1.396 146 121 67
-21.704 23.522 1.548 113 98 69
-21.719 23.521 1.524 143 121 74
-21.797 23.518 1.443 143 121 71
-21.714 23.522 1.572 80 83 72
-21.798 23.520 1.590 93 94 80
-21.729 23.522 1.562 75 88 71
-21.857 23.519 1.565 83 95 75
-21.695 23.522 1.542 141 118 68
-21.734 23.520 1.495 139 117 68
-21.806 23.518 1.418 143 120 70
-21.822 23.519 1.522 140 113 66
-21.853 23.516 1.403 143 117 68
-21.800 23.520 1.558 82 92 81
-21.907 23.515 1.380 139 133 107
-21.740 23.522 1.593 164 162 149
-21.817 23.517 1.413 143 120 68
-21.742 23.521 1.574 85 87 82
-21.889 23.518 1.588 142 137 118
-21.734 23.520 1.502 140 118 68
-21.892 23.515 1.353 118 114 87
-21.766 23.521 1.565 80 91 75
-21.892 23.515 1.354 118 114 87
-21.874 23.519 1.589 127 124 107
-21.836 23.517 1.432 138 115 65
-21.896 23.517 1.485 79 75 50
-21.821 23.520 1.563 81 94 76
-21.870 23.516 1.430 139 112 67
-21.882 23.517 1.476 137 126 96
-21.894 23.516 1.436 95 92 73
-21.727 23.522 1.582 84 92 81
-21.842 23.519 1.558 86 92 78
-21.904 23.518 1.551 128 121 92
-21.678 23.523 1.573 84 84 74
-21.777 23.520 1.562 80 92 82
-21.826 23.518 1.491 142 115 70
-21.853 23.518 1.511 139 115 67
-21.901 23.518 1.581 124 117 98
-21.894 23.517 1.487 84 81 64
-21.871 23.517 1.461 137 116 71
-21.722 23.521 1.545 131 112 69
-21.858 23.518 1.521 136 112 68
-21.882 23.517 1.487 135 130 101
-21.779 23.519 1.451 142 120 70
-21.777 23.520 1.530 141 117 69
-21.700 23.522 1.558 89 91 80
-21.826 23.518 1.447 141 117 69
-21.855 23.516 1.390 144 118 67
-21.799 23.519 1.500 144 120 76
-21.844 23.517 1.452 141 117 71
-21.864 23.517 1.439 142 118 72
-21.872 23.516 1.411 136 114 64
-21.868 23.518 1.542 128 113 70
-21.906 23.515 1.367 127 126 95
-21.771 23.520 1.497 143 121 72
-21.843 23.516 1.396 144 118 67
-21.900 23.517 1.533 101 98 81
-21.863 23.517 1.462 139 115 71
-21.874 23.515 1.339 44 40 31
-21.888 23.516 1.436 127 120 102
-21.735 23.521 1.516 140 118 69
-21.905 23.516 1.456 127 122 90
-21.886 23.515 1.380 133 124 95
-21.787 23.520 1.517 139 115 69
-21.721 23.522 1.584 80 86 74
-21.848 23.517 1.468 141 117 71
-21.692 23.522 1.540 140 116 68
-21.886 23.518 1.553 121 116 97
-21.745 23.521 1.566 77 88 74
-21.891 23.516 1.463 123 117 103
-21.851 23.519 1.582 89 93 78
-21.834 23.518 1.460 141 117 71
-21.809 23.520 1.569 85 93 80
-21.831 23.519 1.539 143 117 66
-21.779 23.519 1.458 143 121 71
-21.764 23.519 1.468 141 117 71
-21.891 23.518 1.543 103 98 78
-21.896 23.515 1.391 87 83 58
-21.862 23.516 1.400 145 119 70
-21.758 23.521 1.553 89 87 75
-21.896 23.517 1.523 84 80 55
-21.886 23.515 1.338 128 123 104
-21.765 23.521 1.575 86 89 82
-21.701 23.523 1.588 85 87 74
-21.789 23.519 1.466 142 118 70
-21.805 23.519 1.514 140 116 70
-21.835 23.516 1.382 141 121 70
-21.880 23.518 1.518 135 130 101
-21.642 23.524 1.589 141 142 128
-21.863 23.515 1.355 149 124 70
-21.808 23.519 1.505 140 116 72
-21.863 23.519 1.571 89 93 79
-21.908 23.516 1.488 135 129 105
-21.834 23.517 1.425 139 116 66
-21.844 23.519 1.584 91 95 80
-21.813 23.518 1.443 141 119 69
-21.896 23.514 1.337 82 78 53
-21.721 23.522 1.568 81 89 74
-21.771 23.519 1.478 146 118 71
-21.815 23.518 1.472 141 121 71
-21.816 23.520 1.580 89 95 83
-21.789 23.519 1.487 142 120 70
-21.889 23.518 1.532 103 100 85
-21.801 23.518 1.447 143 120 70
-21.866 23.516 1.390 143 116 69
-21.904 23.516 1.458 118 113 81
-21.777 23.519 1.480 141 120 67
-21.858 23.519 1.557 88 92 78
-21.884 23.519 1.594 153 148 129
-21.895 23.518 1.559 81 74 56
-21.862 23.516 1.362 144 124 71
-21.901 23.517 1.517 120 115 83
-21.741 23.520 1.503 142 120 71
-21.785 23.518 1.428 143 120 70
-21.831 23.517 1.428 140 117 67
-21.673 23.523 1.579 105 112 96
-21.863 23.518 1.519 133 111 64
-21.817 23.520 1.584 90 94 80
-21.891 23.514 1.332 118 116 95
-21.855 23.519 1.580 88 95 79
-21.694 23.522 1.560 74 80 66
-21.893 23.515 1.372 99 101 77
-21.863 23.519 1.565 83 95 75
-21.812 23.518 1.475 140 120 70
-21.816 23.518 1.455 143 120 70
-21.802 23.519 1.524 138 114 66
-21.869 23.518 1.506 142 115 72
-21.885 23.517 1.502 130 125 106
-21.871 23.517 1.446 134 114 64
-21.767 23.520 1.491 142 121 74
-21.793 23.519 1.479 143 119 71
-21.805 23.520 1.589 106 107 93
-21.838 23.517 1.397 144 118 67
-21.849 23.519 1.575 91 93 82
-21.878 23.518 1.547 123 118 89
-21.898 23.517 1.490 103 98 68
-21.789 23.519 1.459 144 121 71
-21.879 23.517 1.495 133 123 87
-21.855 23.517 1.471 139 115 69
-21.737 23.522 1.585 86 92 80
-21.804 23.520 1.594 158 152 138
-21.793 23.519 1.485 143 121 71
-21.879 23.518 1.527 134 124 88
-21.869 23.516 1.381 143 120 68
-21.850 23.519 1.573 90 94 80
-21.855 23.519 1.583 89 93 78
-21.831 23.517 1.436 140 117 67
-21.825 23.518 1.462 142 118 72
-21.897 23.516 1.431 78 74 47
-21.737 23.520 1.496 142 120 71
-21.880 23.515 1.374 133 117 81
-21.800 23.520 1.559 82 92 81
-21.817 23.519 1.497 145 118 75
-21.793 23.520 1.566 82 92 83
-21.839 23.517 1.422 141 118 68
-21.881 23.518 1.570 126 125 105
-21.900 23.516 1.457 97 94 63
-21.774 23.521 1.565 79 89 80
-21.758 23.520 1.533 140 116 70
-21.856 23.519 1.590 111 112 96
-21.838 23.519 1.540 137 114 62
-21.896 23.518 1.570 88 82 58
-21.755 23.521 1.544 132 113 71
-21.791 23.520 1.534 134 110 62
-21.750 23.521 1.580 86 94 83
-21.792 23.519 1.480 143 121 71
-21.856 23.518 1.485 143 119 75
-21.857 23.516 1.373 146 119 64
-21.671 23.523 1.570 127 132 109
-21.874 23.519 1.586 106 105 87
-21.817 23.520 1.575 87 93 81
-21.846 23.518 1.523 137 113 67
-21.893 23.516 1.417 96 91 71
-21.871 23.518 1.549 107 99 63
-21.900 23.518 1.545 102 98 71
-21.781 23.519 1.484 141 120 67
-21.907 23.517 1.541 132 127 95
-21.855 23.518 1.484 142 118 74
-21.861 23.517 1.485 140 117 73
-21.716 23.522 1.567 86 94 79
-21.856 23.519 1.575 91 93 82
-21.679 23.523 1.554 84 81 66
-21.880 23.517 1.510 134 129 100
-21.835 23.517 1.431 138 115 65
-21.803 23.519 1.535 139 115 67
-21.754 23.520 1.517 140 116 70
-21.883 23.517 1.492 131 126 107
-21.859 23.518 1.542 134 112 62
-21.861 23.517 1.479 137 113 65
-21.839 23.519 1.567 84 96 76
-21.798 23.520 1.576 87 91 76
-21.900 23.516 1.426 101 98 65
-21.807 23.520 1.594 153 149 137
-21.787 23.521 1.585 86 92 80
-21.827 23.520 1.592 159 157 142
-21.798 23.519 1.511 140 116 72
-21.814 23.517 1.420 140 118 68
-21.783 23.520 1.546 133 114 74
-21.740 23.521 1.528 136 111 71
