-14.187 22.114 1.502 95 90 70
-14.213 22.114 1.477 162 142 109
-14.238 22.113 1.551 99 120 113
-14.197 22.115 1.440 154 146 127
-14.188 22.116 1.367 146 145 125
-14.331 22.113 1.524 92 105 98
-14.255 22.114 1.433 161 137 99
-14.184 22.117 1.291 107 105 90
-14.184 22.116 1.380 108 105 86
-14.233 22.114 1.497 155 129 94
-14.262 22.113 1.551 97 119 116
-14.265 22.113 1.527 103 124 109
-14.326 22.112 1.538 101 120 118
-14.225 22.116 1.378 166 149 123
-14.190 22.117 1.329 151 152 138
-14.202 22.114 1.469 151 146 116
-14.296 22.112 1.553 92 113 116
-14.296 22.113 1.478 158 136 95
-14.185 22.116 1.367 116 115 95
-14.242 22.114 1.465 160 136 100
-14.242 22.113 1.502 153 127 92
-14.245 22.113 1.547 100 120 118
-14.189 22.115 1.435 142 139 122
-14.213 22.116 1.369 164 147 119
-14.200 22.113 1.530 115 128 108
-14.246 22.114 1.479 158 131 101
-14.192 22.116 1.331 153 154 138
-14.185 22.114 1.473 116 114 89
-14.260 22.113 1.494 160 133 103
-14.184 22.114 1.476 112 111 81
-14.206 22.113 1.526 107 121 108
-14.308 22.113 1.516 145 130 101
-14.210 22.113 1.516 88 81 53
-14.253 22.113 1.510 150 132 96
-14.196 22.115 1.421 152 146 130
-14.222 22.116 1.359 166 149 119
-14.240 22.114 1.465 160 136 100
-14.325 22.112 1.538 101 121 119
-14.256 22.114 1.436 162 138 100
-14.254 22.115 1.399 167 144 100
-14.185 22.117 1.290 116 117 103
-14.261 22.113 1.510 153 133 96
-14.249 22.115 1.421 163 140 99
-14.306 22.113 1.507 155 132 100
-14.245 22.113 1.553 96 115 111
-14.191 22.117 1.296 151 157 145
-14.244 22.113 1.518 131 134 107
-14.186 22.114 1.480 111 109 84
-14.265 22.113 1.548 96 118 116
-14.306 22.112 1.536 103 122 118
-14.204 22.115 1.421 159 148 120
-14.198 22.116 1.342 155 148 129
-14.207 22.113 1.534 111 129 117
-14.214 22.116 1.357 170 150 123
-14.306 22.113 1.527 102 119 113
-14.255 22.114 1.458 160 136 100
-14.186 22.115 1.411 122 119 102
-14.200 22.117 1.317 155 150 131
-14.219 22.113 1.552 100 111 107
-14.217 22.114 1.453 163 143 108
-14.230 22.116 1.362 165 148 118
-14.320 22.112 1.545 101 123 121
-14.182 22.115 1.415 113 110 91
-14.219 22.115 1.442 166 144 107
-14.268 22.113 1.530 101 124 114
-14.251 22.113 1.514 147 128 95
-14.231 22.113 1.555 96 116 107
-14.286 22.114 1.449 161 140 95
-14.182 22.115 1.414 113 110 91
-14.186 22.115 1.422 121 120 100
-14.275 22.113 1.503 159 134 104
-14.304 22.112 1.544 101 124 116
-14.259 22.113 1.506 155 133 96
-14.221 22.115 1.428 163 143 106
-14.303 22.113 1.507 154 131 99
-14.225 22.114 1.506 160 140 107
-14.182 22.114 1.480 114 113 85
-14.210 22.114 1.482 159 140 107
-14.227 22.113 1.537 104 119 122
-14.194 22.117 1.320 152 151 133
-14.259 22.113 1.547 97 119 117
-14.217 22.114 1.481 163 139 105
-14.226 22.115 1.416 162 146 112
-14.192 22.115 1.438 153 147 133
-14.186 22.114 1.497 93 91 70
-14.191 22.116 1.374 154 151 134
-14.289 22.113 1.507 157 134 102
-14.192 22.117 1.319 154 155 137
-14.205 22.113 1.536 104 122 108
-14.308 22.112 1.553 91 115 115
-14.202 22.116 1.328 158 150 127
-14.184 22.117 1.331 101 100 82
-14.287 22.113 1.524 90 104 89
-14.233 22.114 1.498 155 129 94
-14.204 22.114 1.489 155 141 112
-14.238 22.115 1.396 161 141 104
-14.277 22.113 1.497 157 130 103
-14.248 22.113 1.543 103 119 119
-14.277 22.113 1.493 157 131 104
-14.255 22.114 1.473 161 132 98
-14.213 22.114 1.464 159 143 107
-14.248 22.115 1.403 163 140 98
-14.189 22.115 1.415 148 145 128
-14.253 22.115 1.428 161 137 99
-14.189 22.114 1.471 138 138 114
-14.273 22.114 1.444 161 140 95
-14.194 22.117 1.314 149 153 136
-14.245 22.115 1.394 165 142 101
-14.241 22.115 1.404 161 139 100
-14.198 22.116 1.333 157 150 131
-14.204 22.117 1.317 158 150 131
-14.201 22.113 1.554 103 114 97
-14.217 22.115 1.387 167 148 118
-14.236 22.115 1.438 161 139 100
-14.270 22.114 1.425 164 140 92
-14.236 22.115 1.389 161 141 106
-14.233 22.113 1.524 109 124 105
-14.262 22.114 1.449 159 136 102
-14.288 22.113 1.529 101 123 120
-14.308 22.113 1.495 160 138 91
-14.190 22.116 1.357 150 151 133
-14.216 22.113 1.550 106 118 116
-14.297 22.112 1.544 104 125 120
-14.225 22.114 1.445 162 142 107
-14.272 22.113 1.532 98 123 120
-14.206 22.115 1.397 161 148 116
-14.289 22.113 1.528 102 122 113
-14.289 22.113 1.526 103 122 116
-14.184 22.116 1.372 109 107 84
-14.217 22.114 1.505 151 136 107
-14.229 22.114 1.454 163 143 108
-14.205 22.114 1.457 155 146 117
-14.222 22.116 1.339 168 151 121
-14.265 22.113 1.537 103 121 123
-14.187 22.115 1.400 126 123 106
-14.285 22.113 1.515 146 132 93
-14.296 22.113 1.494 157 132 102
-14.289 22.113 1.481 158 135 103
-14.243 22.115 1.404 162 140 101
-14.260 22.114 1.479 159 134 104
-14.220 22.114 1.448 166 144 107
-14.204 22.115 1.388 157 147 120
-14.280 22.114 1.480 157 134 103
-14.210 22.114 1.508 151 142 113
-14.216 22.116 1.380 166 147 117
-14.206 22.116 1.373 161 147 120
-14.234 22.115 1.386 167 147 114
-14.258 22.113 1.549 98 120 118
-14.251 22.114 1.452 161 137 101
-14.206 22.114 1.505 154 145 116
-14.202 22.114 1.456 154 146 123
-14.275 22.114 1.475 159 134 103
-14.203 22.114 1.499 154 144 117
-14.185 22.116 1.369 116 115 95
-14.188 22.115 1.457 139 138 120
-14.263 22.114 1.444 160 137 103
-14.243 22.114 1.461 160 136 100
-14.282 22.113 1.488 153 129 103
-14.246 22.113 1.513 150 131 98
-14.200 22.116 1.372 156 144 120
-14.241 22.114 1.443 163 139 101
-14.209 22.116 1.336 165 150 121
-14.278 22.114 1.470 161 135 102
-14.272 22.113 1.550 97 118 123
-14.272 22.114 1.474 160 135 105
-14.292 22.113 1.533 101 123 120
-14.234 22.116 1.368 164 147 117
-14.291 22.113 1.519 119 122 95
-14.220 22.115 1.399 166 146 113
-14.182 22.113 1.549 173 170 129
-14.204 22.115 1.426 158 147 119
-14.272 22.114 1.471 160 133 104
-14.225 22.115 1.431 163 143 106
-14.256 22.114 1.441 162 138 100
-14.205 22.114 1.501 153 142 114
-14.249 22.115 1.392 166 143 101
-14.210 22.114 1.481 159 140 107
-14.228 22.114 1.489 161 138 104
-14.199 22.115 1.448 156 145 123
-14.194 22.115 1.445 150 143 127
-14.266 22.115 1.413 162 141 96
-14.194 22.117 1.312 148 155 139
-14.209 22.116 1.329 166 152 123
-14.217 22.114 1.509 151 137 108
-14.226 22.114 1.457 163 143 108
-14.207 22.113 1.546 97 117 108
-14.252 22.114 1.444 162 138 100
-14.311 22.113 1.504 158 134 98
-14.234 22.115 1.403 163 143 108
-14.193 22.115 1.454 146 143 126
-14.212 22.116 1.330 167 152 121
-14.227 22.114 1.506 158 138 105
-14.238 22.113 1.553 98 117 111
-14.241 22.113 1.500 154 125 91
-14.195 22.114 1.493 149 144 124
-14.253 22.113 1.518 131 131 105
-14.256 22.113 1.516 144 128 94
-14.333 22.112 1.532 102 114 112
-14.233 22.115 1.378 168 147 116
-14.263 22.115 1.408 164 143 96
-14.196 22.113 1.548 163 169 141
-14.182 22.115 1.409 116 113 94
-14.224 22.115 1.385 164 147 117
-14.183 22.116 1.382 109 106 87
-14.281 22.113 1.490 152 126 103
-14.282 22.114 1.464 161 137 99
-14.264 22.115 1.425 161 139 102
-14.212 22.113 1.524 112 124 114
-14.312 22.113 1.504 155 132 100
-14.218 22.115 1.427 166 144 107
-14.205 22.113 1.529 108 124 113
-14.190 22.117 1.297 145 151 137
-14.199 22.113 1.539 128 142 117
-14.315 22.113 1.521 112 113 97
-14.196 22.115 1.404 153 148 128
-14.206 22.115 1.419 160 147 113
-14.323 22.112 1.547 99 119 117
-14.261 22.113 1.503 156 132 96
-14.218 22.115 1.387 168 147 118
-14.196 22.115 1.452 151 145 129
-14.318 22.112 1.546 102 124 122
-14.233 22.114 1.466 158 136 99
-14.219 22.113 1.530 108 121 114
-14.213 22.116 1.380 165 148 118
-14.226 22.116 1.361 165 148 118
-14.227 22.113 1.531 104 125 120
-14.185 22.115 1.440 115 112 93
-14.221 22.113 1.554 95 115 106
-14.219 22.113 1.520 120 127 119
-14.192 22.116 1.370 158 155 136
-14.240 22.113 1.544 102 118 117
-14.286 22.113 1.503 156 130 103
-14.262 22.114 1.443 160 138 101
-14.196 22.114 1.498 150 145 125
-14.234 22.115 1.399 164 144 109
-14.183 22.114 1.474 112 111 81
-14.318 22.116 1.162 91 100 97
-14.367 22.116 1.171 109 114 108
-14.337 22.115 1.177 105 109 95
-14.224 22.117 1.151 113 125 115
-14.283 22.116 1.174 104 104 92
-14.311 22.116 1.166 102 109 101
-14.430 22.114 1.188 116 119 110
-14.362 22.116 1.178 114 110 101
-14.423 22.114 1.180 43 39 38
-14.261 22.117 1.155 107 125 111
-14.382 22.115 1.139 154 155 137
-14.327 22.115 1.174 109 115 103
-14.310 22.116 1.160 56 65 60
-14.399 22.115 1.174 111 111 109
-14.285 22.116 1.149 126 132 122
-14.328 22.115 1.173 109 115 103
-14.249 22.117 1.150 126 134 121
-14.206 22.118 1.163 83 85 72
-14.204 22.118 1.158 59 62 51
-14.190 22.118 1.139 171 169 146
-14.415 22.115 1.175 106 104 105
-14.379 22.115 1.161 83 93 92
-14.252 22.117 1.157 54 70 59
-14.314 22.116 1.174 110 112 99
-14.242 22.117 1.159 79 86 79
-14.392 22.115 1.158 70 76 74
-14.212 22.118 1.157 43 46 37
-14.206 22.118 1.145 148 150 139
-14.288 22.116 1.166 101 106 99
-14.207 22.118 1.161 81 85 71
-14.350 22.115 1.177 107 107 97
-14.432 22.114 1.188 134 136 125
-14.410 22.115 1.185 91 96 92
-14.276 22.116 1.153 110 120 112
-14.322 22.115 1.145 138 141 132
-14.360 22.116 1.160 81 87 83
-14.357 22.116 1.160 74 83 78
-14.279 22.116 1.167 93 98 91
-14.377 22.115 1.148 129 136 128
-14.313 22.116 1.177 109 111 98
-14.290 22.116 1.171 99 102 93
-14.295 22.116 1.165 101 108 101
-14.312 22.116 1.174 103 106 95
-14.314 22.116 1.163 96 106 98
-14.366 22.116 1.171 109 114 108
-14.343 22.115 1.178 109 111 98
-14.199 22.118 1.162 154 156 143
-14.405 22.115 1.179 115 116 111
-14.227 22.117 1.139 159 156 141
-14.348 22.115 1.167 115 122 115
-14.409 22.115 1.165 127 131 130
-14.424 22.114 1.188 59 61 56
-14.223 22.117 1.157 47 58 50
-14.248 22.117 1.157 65 78 68
-14.219 22.118 1.160 52 55 46
-14.372 22.115 1.178 110 110 100
-14.406 22.115 1.149 119 122 115
-14.351 22.115 1.163 112 121 116
-14.347 22.115 1.150 123 135 125
-14.316 22.116 1.158 51 60 55
-14.323 22.115 1.173 106 109 98
-14.205 22.118 1.159 59 62 51
-14.314 22.116 1.162 65 74 69
-14.184 22.118 1.152 171 171 147
-14.374 22.115 1.163 115 124 121
-14.268 22.117 1.154 107 125 111
-14.189 22.118 1.140 171 169 146
-14.342 22.115 1.158 69 81 77
-14.426 22.114 1.187 91 94 87
-14.389 22.115 1.140 156 157 139
-14.350 22.115 1.147 137 143 129
-14.291 22.116 1.176 102 102 90
-14.280 22.116 1.139 158 157 137
-14.246 22.117 1.153 121 135 122
-14.226 22.117 1.151 113 125 115
-14.399 22.115 1.140 155 156 140
-14.330 22.115 1.154 101 113 111
-14.396 22.115 1.141 155 156 140
-14.210 22.118 1.144 150 152 139
-14.402 22.115 1.167 120 122 121
-14.309 22.116 1.154 105 114 109
-14.359 22.116 1.140 153 155 134
-14.322 22.115 1.162 83 93 92
-14.217 22.118 1.165 88 90 79
-14.406 22.115 1.144 151 153 140
-14.399 22.115 1.167 120 122 121
-14.275 22.116 1.166 94 99 92
-14.352 22.116 1.154 101 112 104
-14.427 22.114 1.171 124 125 120
-14.418 22.114 1.154 113 118 112
-14.432 22.114 1.151 133 136 125
-14.424 22.114 1.160 62 67 61
-14.414 22.115 1.140 163 163 151
-14.429 22.114 1.154 106 109 100
-14.431 22.114 1.142 146 148 135
-14.425 22.114 1.320 101 103 82
-14.419 22.113 1.380 105 104 84
-14.401 22.113 1.499 160 138 101
-14.424 22.114 1.318 78 80 59
-14.399 22.113 1.420 152 138 103
-14.421 22.113 1.462 94 97 76
-14.431 22.113 1.529 152 155 134
-14.415 22.113 1.455 119 123 100
-14.414 22.113 1.387 139 139 115
-14.424 22.114 1.346 77 78 60
-14.426 22.114 1.382 99 100 84
-14.403 22.113 1.529 99 111 101
-14.432 22.114 1.279 142 143 129
-14.411 22.113 1.375 142 140 117
-14.420 22.113 1.465 93 96 75
-14.419 22.113 1.436 96 98 77
-14.421 22.113 1.510 92 95 76
-14.422 22.114 1.344 75 76 58
-14.427 22.113 1.431 99 102 85
-14.423 22.113 1.444 90 91 73
-14.421 22.113 1.513 90 93 74
-14.415 22.114 1.328 136 140 115
-14.429 22.113 1.537 138 141 120
-14.393 22.113 1.505 151 134 91
-14.431 22.114 1.379 144 145 127
-14.421 22.113 1.406 102 101 83
-14.419 22.114 1.318 115 114 94
-14.427 22.113 1.538 113 116 97
-14.432 22.114 1.280 143 144 130
-14.431 22.114 1.278 142 143 129
-14.415 22.113 1.441 133 135 113
-14.400 22.113 1.447 154 136 100
-14.388 22.113 1.489 156 135 92
-14.421 22.114 1.278 116 120 106
-14.414 22.113 1.510 136 140 117
-14.397 22.113 1.545 98 107 102
-14.421 22.114 1.335 112 115 94
-14.413 22.113 1.355 146 144 121
-14.411 22.113 1.417 146 141 111
-14.428 22.113 1.427 128 131 114
-14.408 22.113 1.484 153 147 115
-14.423 22.114 1.287 86 90 76
-14.431 22.113 1.451 146 147 131
-14.423 22.114 1.371 88 91 72
-14.426 22.113 1.451 103 104 88
-14.413 22.113 1.514 139 143 120
-14.388 22.113 1.536 96 110 110
-14.416 22.113 1.391 127 126 105
-14.419 22.113 1.369 104 106 85
-14.423 22.113 1.498 88 91 74
-14.429 22.114 1.277 120 120 108
-14.408 22.113 1.381 146 140 114
-14.420 22.113 1.529 87 90 73
-14.394 22.113 1.493 158 132 99
-14.427 22.114 1.264 98 104 92
-14.431 22.113 1.451 146 147 131
-14.422 22.114 1.319 78 80 59
-14.427 22.113 1.465 106 107 91
-14.396 22.113 1.461 157 133 97
-14.432 22.114 1.337 135 139 124
-14.388 22.113 1.555 157 165 152
-14.428 22.114 1.401 127 128 112
-14.421 22.113 1.474 99 97 76
-14.427 22.114 1.399 96 97 81
-14.399 22.113 1.495 157 132 101
-14.412 22.113 1.437 141 140 109
-14.409 22.113 1.403 150 139 109
-14.398 22.113 1.514 117 111 99
-14.405 22.113 1.499 171 153 117
-14.432 22.114 1.343 138 140 126
-14.391 22.113 1.468 162 133 93
-14.393 22.113 1.465 161 133 94
-14.406 22.113 1.501 171 153 117
-14.427 22.113 1.452 103 104 88
-14.422 22.113 1.519 90 93 76
-14.427 22.114 1.404 95 96 80
-14.408 22.113 1.405 150 139 109
-14.413 22.113 1.484 140 140 116
-14.423 22.113 1.479 92 91 73
-14.407 22.113 1.377 147 141 117
-14.420 22.114 1.350 111 110 90
-14.422 22.113 1.527 91 94 77
-14.414 22.113 1.446 131 133 111
-14.410 22.113 1.508 145 143 120
-14.426 22.114 1.285 97 99 86
-14.425 22.114 1.281 98 100 87
-14.398 22.113 1.442 153 135 99
-14.430 22.114 1.313 126 129 110
-14.407 22.113 1.459 146 143 110
-14.392 22.113 1.514 125 119 103
-14.432 22.114 1.422 140 144 127
-14.405 22.113 1.457 152 143 110
-14.432 22.114 1.293 139 140 126
-14.430 22.113 1.493 129 133 118
-14.429 22.113 1.526 142 145 126
-14.401 22.113 1.468 149 134 101
-14.417 22.114 1.329 136 140 117
-14.402 22.113 1.557 175 178 159
-14.420 22.114 1.350 111 110 90
-14.413 22.113 1.556 166 170 147
-14.354 22.115 1.342 161 139 100
-14.308 22.115 1.314 161 147 112
-14.313 22.116 1.186 93 99 97
-14.216 22.117 1.207 109 101 90
-14.252 22.116 1.281 98 114 111
-14.220 22.117 1.218 113 105 92
-14.238 22.116 1.273 68 79 73
-14.396 22.114 1.251 94 95 81
-14.409 22.114 1.303 121 129 116
-14.291 22.115 1.255 132 134 121
-14.373 22.112 1.557 180 184 170
-14.340 22.115 1.203 102 104 91
-14.329 22.114 1.291 123 144 145
-14.301 22.115 1.268 125 126 112
-14.276 22.116 1.177 101 99 87
-14.358 22.114 1.440 158 137 94
-14.222 22.116 1.332 167 151 118
-14.390 22.113 1.403 159 138 95
-14.215 22.117 1.286 95 111 111
-14.264 22.116 1.285 94 112 114
-14.382 22.113 1.404 159 140 97
-14.351 22.112 1.556 180 184 170
-14.396 22.114 1.345 159 141 101
-14.342 22.113 1.463 157 136 91
-14.212 22.117 1.304 103 113 104
-14.328 22.113 1.489 158 137 94
-14.397 22.115 1.211 140 142 128
-14.260 22.115 1.362 169 147 98
-14.358 22.114 1.364 166 142 98
-14.235 22.116 1.322 174 149 119
-14.341 22.113 1.476 156 134 87
-14.350 22.114 1.321 161 142 99
-14.343 22.113 1.424 155 138 94
-14.387 22.115 1.195 133 137 140
-14.302 22.115 1.329 167 145 104
-14.278 22.114 1.428 164 142 95
-14.371 22.115 1.288 78 102 102
-14.330 22.114 1.298 87 106 104
-14.188 22.118 1.198 116 117 101
-14.301 22.115 1.280 94 107 97
-14.215 22.117 1.223 52 46 32
-14.382 22.114 1.363 163 141 100
-14.217 22.117 1.245 119 109 84
-14.339 22.113 1.408 160 137 93
-14.348 22.113 1.393 161 138 96
-14.281 22.116 1.185 97 103 93
-14.375 22.112 1.550 108 115 107
-14.344 22.113 1.377 161 142 99
-14.371 22.114 1.308 140 143 122
-14.370 22.115 1.280 81 103 101
-14.287 22.115 1.338 167 144 102
-14.303 22.115 1.251 139 141 130
-14.277 22.115 1.341 168 146 99
-14.325 22.114 1.304 105 111 97
-14.334 22.114 1.340 164 143 100
-14.372 22.114 1.303 87 103 93
-14.325 22.114 1.371 162 144 98
-14.266 22.116 1.284 97 115 115
-14.301 22.116 1.210 134 143 126
-14.301 22.116 1.188 59 61 60
-14.265 22.116 1.292 94 114 115
-14.295 22.114 1.393 158 141 95
-14.343 22.112 1.531 93 104 100
-14.277 22.114 1.422 164 140 92
-14.396 22.114 1.276 96 106 105
-14.308 22.115 1.250 140 140 132
-14.366 22.115 1.290 79 103 103
-14.346 22.114 1.282 86 106 104
-14.312 22.113 1.450 159 141 93
-14.304 22.115 1.274 95 96 82
-14.384 22.113 1.487 156 135 92
-14.329 22.115 1.266 157 159 145
-14.398 22.114 1.281 86 103 97
-14.246 22.117 1.226 104 110 98
-14.226 22.117 1.249 124 108 82
-14.391 22.114 1.279 86 106 104
-14.271 22.115 1.416 164 141 97
-14.346 22.113 1.375 161 142 99
-14.342 22.115 1.212 146 147 131
-14.303 22.115 1.336 166 144 103
-14.347 22.114 1.267 83 90 82
-14.296 22.115 1.329 167 145 104
-14.336 22.113 1.475 157 135 88
-14.279 22.115 1.350 167 147 97
-14.219 22.117 1.223 59 53 37
-14.350 22.114 1.296 84 106 104
-14.366 22.113 1.452 159 137 96
-14.332 22.114 1.394 160 137 93
-14.254 22.116 1.224 36 38 27
-14.328 22.114 1.355 166 143 99
-14.327 22.113 1.497 156 133 83
-14.282 22.115 1.368 165 144 99
-14.221 22.117 1.251 121 110 80
-14.395 22.114 1.315 148 141 113
-14.262 22.116 1.211 104 94 85
-14.340 22.113 1.402 163 139 95
-14.376 22.114 1.318 162 143 101
-14.325 22.113 1.486 159 136 92
-14.417 22.114 1.238 145 152 144
-14.310 22.114 1.407 159 138 93
-14.382 22.114 1.345 159 141 103
-14.378 22.113 1.425 158 140 94
-14.361 22.115 1.225 152 155 148
-14.214 22.117 1.243 119 112 93
-14.313 22.114 1.342 165 143 102
-14.211 22.117 1.248 106 98 75
-14.282 22.116 1.253 120 124 110
-14.304 22.115 1.341 168 147 104
-14.386 22.113 1.417 157 140 94
-14.349 22.113 1.405 163 138 97
-14.412 22.114 1.304 137 145 132
-14.319 22.115 1.306 151 153 131
-14.255 22.116 1.293 96 114 116
-14.281 22.115 1.278 71 98 83
-14.276 22.115 1.336 169 146 104
-14.264 22.115 1.367 167 145 95
-14.270 22.115 1.389 162 144 98
-14.412 22.114 1.221 151 153 148
-14.241 22.116 1.354 167 150 120
-14.370 22.115 1.295 79 104 101
-14.224 22.117 1.227 100 98 85
-14.213 22.117 1.233 34 31 22
-14.231 22.117 1.175 102 99 90
-14.254 22.116 1.299 94 113 111
-14.325 22.113 1.464 159 137 90
-14.358 22.113 1.494 157 136 91
-14.427 22.114 1.241 98 104 92
-14.343 22.113 1.446 156 139 93
-14.325 22.113 1.476 158 134 88
-14.256 22.116 1.281 99 115 114
-14.363 22.115 1.262 52 57 53
-14.364 22.113 1.450 157 136 93
-14.418 22.114 1.251 139 149 140
-14.309 22.116 1.193 119 126 119
-14.380 22.113 1.468 162 138 94
-14.383 22.114 1.357 162 140 101
-14.317 22.113 1.489 160 139 96
-14.314 22.115 1.316 164 145 102
-14.387 22.115 1.197 98 99 101
-14.273 22.116 1.277 68 99 84
-14.398 22.115 1.227 106 108 107
-14.360 22.113 1.462 158 135 91
-14.295 22.115 1.356 165 147 99
-14.268 22.115 1.339 162 139 98
-14.364 22.113 1.517 100 109 106
-14.343 22.114 1.322 166 145 100
-14.282 22.114 1.400 158 141 95
-14.231 22.116 1.288 97 116 112
-14.425 22.114 1.211 84 87 78
-14.306 22.115 1.313 159 146 112
-14.340 22.114 1.320 165 146 103
-14.185 22.118 1.250 87 88 74
-14.399 22.115 1.226 116 118 117
-14.381 22.113 1.425 159 141 95
-14.288 22.116 1.239 66 66 66
-14.366 22.114 1.385 161 136 96
-14.333 22.114 1.332 163 144 101
-14.367 22.114 1.334 162 140 99
-14.396 22.114 1.278 93 110 104
-14.350 22.114 1.290 81 105 107
-14.254 22.117 1.173 96 91 85
-14.262 22.117 1.189 146 146 138
-14.365 22.115 1.223 147 148 142
-14.288 22.116 1.252 134 136 125
-14.341 22.114 1.320 167 146 103
-14.376 22.115 1.200 79 81 76
-14.337 22.114 1.365 165 144 99
-14.327 22.113 1.474 158 137 92
-14.354 22.115 1.314 163 150 115
-14.228 22.117 1.210 109 97 85
-14.276 22.115 1.339 168 146 99
-14.405 22.113 1.367 155 141 114
-14.325 22.114 1.338 162 143 100
-14.239 22.116 1.286 97 113 112
-14.358 22.115 1.216 145 143 128
-14.297 22.116 1.192 45 47 44
-14.231 22.116 1.274 104 119 112
-14.233 22.116 1.348 167 150 120
-14.264 22.115 1.347 174 151 107
-14.378 22.115 1.278 84 106 104
-14.235 22.116 1.281 99 116 110
-14.365 22.115 1.234 97 97 107
-14.395 22.115 1.213 140 142 128
-14.319 22.115 1.215 124 131 115
-14.334 22.114 1.276 119 123 109
-14.412 22.114 1.283 136 149 140
-14.411 22.114 1.259 147 152 145
-14.372 22.113 1.486 158 137 92
-14.383 22.114 1.386 163 140 98
-14.358 22.113 1.517 104 119 112
-14.257 22.116 1.228 84 84 74
-14.367 22.113 1.551 99 106 98
-14.376 22.113 1.458 160 137 93
-14.351 22.115 1.183 111 121 113
-14.214 22.117 1.294 100 114 115
-14.391 22.115 1.191 60 64 65
-14.279 22.116 1.205 131 133 120
-14.286 22.115 1.296 125 141 141
-14.182 22.118 1.228 83 84 70
-14.250 22.117 1.182 46 41 37
-14.228 22.116 1.328 167 150 120
-14.384 22.114 1.314 155 144 114
-14.395 22.114 1.312 153 151 128
-14.278 22.116 1.176 100 98 86
-14.230 22.116 1.327 168 151 121
-14.214 22.117 1.206 113 105 94
-14.268 22.116 1.301 97 118 111
-14.277 22.115 1.287 94 110 107
-14.299 22.116 1.221 133 139 129
-14.339 22.113 1.488 155 133 92
-14.321 22.113 1.440 157 140 94
-14.337 22.113 1.490 154 135 92
-14.338 22.114 1.294 106 130 132
-14.378 22.115 1.221 144 146 135
-14.335 22.114 1.383 160 139 94
-14.372 22.114 1.325 157 140 97
-14.358 22.114 1.382 160 137 95
-14.226 22.116 1.292 96 115 113
-14.248 22.116 1.320 172 151 122
-14.307 22.114 1.368 162 144 96
-14.403 22.113 1.372 154 137 107
-14.283 22.116 1.194 116 121 114
-14.385 22.114 1.359 163 141 100
-14.368 22.115 1.234 97 97 105
-14.271 22.115 1.389 162 144 98
-14.184 22.118 1.231 91 90 72
-14.374 22.114 1.381 164 141 99
-14.354 22.114 1.425 160 137 95
-14.274 22.116 1.236 93 89 88
-14.382 22.113 1.403 159 140 97
-14.184 22.118 1.167 100 101 93
-14.336 22.114 1.291 111 135 135
-14.393 22.114 1.351 161 142 100
-14.420 22.114 1.237 121 128 120
-14.288 22.115 1.346 167 146 99
-14.343 22.114 1.293 91 115 117
-14.290 22.116 1.192 47 52 48
-14.226 22.117 1.177 104 101 92
-14.323 22.114 1.314 155 147 110
-14.224 22.117 1.191 56 58 45
-14.268 22.116 1.212 101 91 81
-14.384 22.115 1.211 146 149 130
-14.182 22.118 1.170 92 94 83
-14.352 22.114 1.414 161 138 96
-14.319 22.114 1.364 161 143 97
-14.415 22.114 1.272 148 153 147
-14.326 22.115 1.208 145 149 132
-14.307 22.115 1.225 142 145 138
-14.353 22.114 1.380 160 139 96
-14.258 22.117 1.178 78 81 70
-14.269 22.115 1.322 158 139 109
-14.267 22.115 1.316 135 132 101
-14.368 22.114 1.433 159 136 94
-14.241 22.116 1.340 167 150 120
-14.342 22.114 1.320 167 146 103
-14.261 22.115 1.360 170 148 101
-14.231 22.116 1.351 167 150 120
-14.256 22.116 1.235 69 67 54
-14.367 22.113 1.457 160 138 97
-14.397 22.115 1.221 86 89 82
-14.307 22.116 1.185 94 96 95
-14.297 22.114 1.372 163 145 97
-14.291 22.114 1.431 159 138 95
-14.234 22.117 1.211 109 96 87
-14.313 22.115 1.313 164 150 115
-14.388 22.114 1.376 162 137 96
-14.393 22.114 1.353 163 141 100
-14.257 22.116 1.265 47 47 37
-14.183 22.118 1.219 99 100 86
-14.397 22.114 1.241 95 97 86
-14.296 22.116 1.189 61 63 60
-14.393 22.115 1.227 101 103 102
-14.375 22.114 1.316 160 144 108
-14.334 22.113 1.467 158 137 90
-14.416 22.114 1.194 123 128 124
-14.338 22.115 1.218 140 142 129
-14.259 22.116 1.273 72 78 74
-14.273 22.115 1.391 161 143 97
-14.340 22.115 1.252 149 153 138
-14.352 22.115 1.293 81 105 105
-14.263 22.116 1.220 95 93 81
-14.246 22.116 1.244 117 106 84
-14.294 22.116 1.180 108 108 96
-14.346 22.114 1.246 137 140 131
-14.308 22.115 1.313 161 147 112
-14.303 22.116 1.193 129 134 130
-14.354 22.113 1.497 160 133 86
-14.213 22.117 1.223 52 49 34
-14.361 22.115 1.245 159 159 151
-14.274 22.115 1.304 83 113 111
-14.429 22.114 1.218 126 130 116
-14.340 22.113 1.432 157 140 96
-14.348 22.114 1.262 44 52 41
-14.213 22.117 1.257 114 108 84
-14.246 22.116 1.260 121 114 96
-14.337 22.114 1.345 164 142 101
-14.369 22.113 1.451 159 138 95
-14.357 22.116 1.186 85 95 86
-14.308 22.114 1.392 162 139 95
-14.325 22.115 1.274 122 123 107
-14.362 22.114 1.339 161 139 100
-14.314 22.114 1.360 162 144 98
-14.328 22.114 1.409 161 140 95
-14.373 22.113 1.459 159 138 95
-14.212 22.117 1.305 105 112 104
-14.363 22.113 1.529 118 124 122
-14.184 22.118 1.215 103 104 90
-14.242 22.116 1.315 162 151 129
-14.198 22.118 1.166 150 150 138
-14.410 22.114 1.246 156 162 158
-14.263 22.116 1.309 92 106 89
-14.393 22.113 1.445 160 137 96
-14.404 22.113 1.374 148 138 113
-14.354 22.115 1.307 142 142 116
-14.425 22.114 1.200 94 97 90
-14.353 22.115 1.285 85 103 103
-14.250 22.116 1.241 116 108 89
-14.378 22.115 1.273 98 110 110
-14.382 22.114 1.343 159 141 103
-14.279 22.114 1.415 162 141 96
-14.320 22.114 1.427 158 141 95
-14.348 22.115 1.231 86 89 96
-14.377 22.115 1.222 144 146 135
-14.258 22.117 1.178 78 81 70
-14.295 22.115 1.300 128 144 141
-14.218 22.117 1.261 75 72 57
-14.252 22.116 1.224 40 43 32
-14.393 22.113 1.393 163 137 100
-14.280 22.116 1.194 125 126 120
-14.261 22.115 1.401 164 143 96
-14.313 22.114 1.332 166 144 103
-14.387 22.113 1.395 161 138 96
-14.299 22.115 1.277 87 101 88
-14.379 22.114 1.334 160 142 104
-14.418 22.114 1.238 145 152 144
-14.285 22.116 1.231 84 83 88
-14.195 22.117 1.264 157 163 149
-14.307 22.115 1.242 96 95 93
-14.239 22.116 1.317 169 152 126
-14.353 22.115 1.322 166 145 100
-14.292 22.115 1.271 87 90 73
-14.222 22.117 1.224 45 41 29
-14.254 22.116 1.334 171 148 114
-14.270 22.116 1.236 70 66 63
-14.350 22.114 1.238 51 53 52
-14.242 22.116 1.295 98 112 113
-14.319 22.115 1.218 129 135 123
-14.284 22.115 1.345 166 145 98
-14.208 22.118 1.200 83 79 67
-14.344 22.113 1.488 156 134 93
-14.246 22.115 1.367 167 149 113
-14.350 22.113 1.466 156 135 90
-14.361 22.113 1.555 153 160 144
-14.309 22.114 1.349 160 141 98
-14.255 22.117 1.202 104 95 86
-14.317 22.115 1.212 121 128 110
-14.200 22.118 1.199 123 121 108
-14.427 22.114 1.202 96 99 90
-14.325 22.113 1.499 164 137 84
-14.404 22.114 1.310 151 150 130
-14.213 22.117 1.209 108 100 89
-14.303 22.114 1.447 159 141 93
-14.260 22.116 1.309 107 115 92
-14.207 22.117 1.245 94 89 70
-14.367 22.113 1.504 155 137 91
-14.244 22.116 1.354 167 151 118
-14.184 22.118 1.168 100 101 93
-14.377 22.114 1.304 86 97 81
-14.277 22.116 1.238 70 69 65
-14.304 22.114 1.456 160 139 92
-14.341 22.115 1.201 77 79 68
-14.274 22.116 1.175 106 104 92
-14.280 22.116 1.219 116 122 108
-14.280 22.115 1.291 94 108 108
-14.271 22.115 1.415 165 142 98
-14.248 22.117 1.212 102 92 83
-14.342 22.114 1.342 165 143 102
-14.196 22.117 1.261 161 164 153
-14.283 22.114 1.400 158 141 95
-14.248 22.116 1.274 124 133 132
-14.366 22.114 1.411 164 136 97
-14.397 22.114 1.259 101 104 95
-14.295 22.116 1.240 71 71 73
-14.314 22.113 1.470 161 137 93
-14.345 22.114 1.313 162 148 113
-14.356 22.113 1.540 145 154 149
-14.237 22.116 1.357 167 150 120
-14.314 22.114 1.387 163 142 97
-14.238 22.116 1.263 85 83 68
-14.327 22.115 1.237 77 78 82
-14.334 22.114 1.303 102 109 93
-14.290 22.116 1.188 67 72 68
-14.403 22.115 1.207 154 155 149
-14.340 22.114 1.327 163 144 101
-14.343 22.115 1.206 153 154 138
-14.316 22.115 1.202 96 107 90
-14.248 22.116 1.303 104 116 112
-14.401 22.114 1.307 145 148 131
-14.346 22.113 1.466 157 136 91
-14.226 22.117 1.208 105 93 81
-14.333 22.112 1.527 95 107 103
-14.400 22.115 1.216 86 89 78
-14.402 22.114 1.306 93 101 88
-14.355 22.113 1.551 83 94 80
-14.305 22.115 1.265 142 144 130
-14.333 22.115 1.227 153 158 154
-14.233 22.116 1.288 99 115 112
-14.260 22.117 1.189 146 146 138
-14.402 22.113 1.359 156 142 107
-14.289 22.114 1.435 161 140 95
-14.329 22.113 1.424 158 141 95
-14.286 22.115 1.296 125 141 141
-14.326 22.115 1.232 64 65 70
-14.318 22.115 1.309 151 153 131
-14.274 22.116 1.286 94 110 107
-14.330 22.113 1.476 158 134 88
-14.369 22.115 1.242 101 97 96
-14.264 22.115 1.354 170 148 101
-14.359 22.115 1.217 143 144 130
-14.236 22.117 1.190 48 48 38
-14.377 22.113 1.471 160 137 96
-14.358 22.115 1.315 163 150 115
-14.322 22.115 1.267 152 153 139
-14.334 22.113 1.436 155 141 94
-14.246 22.116 1.241 115 107 88
-14.240 22.116 1.344 165 148 118
-14.273 22.116 1.295 132 150 154
-14.182 22.118 1.230 91 90 72
-14.349 22.113 1.414 160 137 95
-14.412 22.114 1.252 155 160 153
-14.345 22.113 1.387 163 140 98
-14.318 22.113 1.486 159 135 91
-14.198 22.118 1.199 158 156 143
-14.296 22.115 1.341 165 144 101
-14.384 22.114 1.320 161 142 102
-14.342 22.113 1.488 156 134 93
-14.311 22.115 1.224 135 138 131
-14.276 22.116 1.184 124 126 115
-14.367 22.114 1.347 162 139 98
-14.348 22.114 1.300 86 105 99
-14.232 22.117 1.269 113 123 112
-14.318 22.114 1.330 163 146 102
-14.287 22.115 1.317 157 144 110
-14.285 22.115 1.319 165 147 111
-14.357 22.114 1.411 162 137 96
-14.382 22.114 1.317 158 142 106
-14.184 22.118 1.186 111 112 96
-14.323 22.114 1.343 164 143 100
-14.327 22.115 1.264 154 156 142
-14.261 22.116 1.214 103 94 85
-14.387 22.113 1.394 161 138 96
-14.290 22.116 1.241 67 67 65
-14.306 22.116 1.205 147 156 139
-14.314 22.114 1.410 159 138 93
-14.227 22.117 1.236 74 71 54
-14.327 22.113 1.456 161 140 93
-14.367 22.115 1.298 86 107 102
-14.230 22.117 1.175 102 99 90
-14.361 22.113 1.531 111 117 115
-14.250 22.116 1.237 72 70 57
-14.362 22.116 1.190 64 67 60
-14.198 22.118 1.190 159 160 144
-14.351 22.113 1.372 163 139 93
-14.361 22.113 1.514 113 115 104
-14.211 22.117 1.218 115 111 99
-14.243 22.116 1.334 168 151 121
-14.275 22.115 1.300 135 156 159
-14.301 22.115 1.336 166 144 103
-14.357 22.114 1.429 160 137 95
-14.205 22.117 1.284 110 116 112
-14.287 22.115 1.357 166 145 98
-14.251 22.117 1.218 102 98 89
-14.295 22.114 1.407 159 142 96
-14.410 22.114 1.252 155 160 153
-14.190 22.118 1.183 161 162 144
-14.365 22.113 1.445 159 136 95
-14.341 22.115 1.221 145 148 139
-14.400 22.115 1.225 36 38 35
-14.347 22.113 1.429 156 137 94
-14.291 22.116 1.235 103 102 107
-14.197 22.117 1.284 140 145 138
-14.312 22.114 1.405 161 138 94
-14.238 22.117 1.236 61 58 43
-14.268 22.116 1.205 106 96 86
-14.261 22.115 1.359 170 148 101
-14.317 22.113 1.484 159 135 91
-14.312 22.114 1.378 159 141 95
-14.317 22.115 1.239 90 89 94
-14.326 22.113 1.478 160 133 86
-14.284 22.115 1.296 125 141 141
-14.243 22.116 1.340 166 149 119
-14.336 22.114 1.371 163 142 97
-14.288 22.116 1.235 110 110 112
-14.249 22.116 1.306 102 114 104
-14.293 22.115 1.335 165 144 101
-14.254 22.116 1.305 95 108 98
-14.283 22.116 1.257 125 129 114
-14.334 22.113 1.432 158 141 95
-14.303 22.115 1.254 133 135 122
-14.347 22.112 1.514 111 114 103
-14.343 22.115 1.195 138 143 136
-14.382 22.115 1.215 147 150 131
-14.392 22.115 1.243 93 93 81
-14.286 22.115 1.288 98 113 106
-14.331 22.113 1.440 154 140 93
-14.280 22.115 1.343 167 145 96
-14.406 22.114 1.254 81 84 75
-14.292 22.115 1.320 168 146 105
-14.281 22.116 1.180 99 105 95
-14.284 22.114 1.397 158 141 95
-14.249 22.116 1.232 39 39 27
-14.301 22.115 1.316 166 148 108
-14.354 22.115 1.334 164 142 101
-14.319 22.113 1.471 154 135 92
-14.260 22.116 1.228 95 98 87
-14.426 22.114 1.225 94 97 86
-14.298 22.116 1.231 90 89 97
-14.260 22.116 1.318 135 130 100
-14.408 22.114 1.238 118 127 124
-14.311 22.114 1.436 155 139 90
-14.288 22.116 1.240 58 58 56
-14.236 22.116 1.321 173 149 121
-14.358 22.114 1.434 158 137 94
-14.344 22.114 1.313 162 148 113
-14.327 22.115 1.208 145 149 132
-14.395 22.114 1.311 153 151 128
-14.293 22.115 1.295 130 145 142
-14.333 22.113 1.430 158 141 95
-14.256 22.116 1.330 171 148 114
-14.277 22.115 1.362 165 144 97
-14.377 22.115 1.269 92 103 99
-14.332 22.113 1.510 118 117 97
-14.333 22.113 1.455 159 141 93
-14.213 22.117 1.302 101 112 106
-14.187 22.118 1.173 139 141 128
-14.304 22.115 1.317 163 144 102
-14.278 22.115 1.322 159 136 104
-14.186 22.118 1.189 128 129 113
-14.197 22.118 1.196 156 157 141
-14.186 22.118 1.201 116 117 101
-14.345 22.115 1.231 73 76 81
-14.356 22.115 1.232 93 93 101
-14.252 22.116 1.314 163 157 133
-14.323 22.114 1.407 162 139 95
-14.239 22.116 1.360 167 150 120
-14.263 22.116 1.255 125 115 88
-14.289 22.116 1.234 88 87 92
-14.296 22.115 1.331 166 144 103
-14.337 22.115 1.252 145 149 134
-14.227 22.117 1.271 48 61 52
-14.226 22.116 1.288 96 115 111
-14.237 22.116 1.285 98 114 111
-14.277 22.116 1.244 113 114 106
-14.402 22.115 1.207 154 155 149
-14.319 22.114 1.311 160 156 127
-14.278 22.115 1.394 159 142 96
-14.251 22.116 1.292 99 114 117
-14.343 22.114 1.337 165 143 102
-14.381 22.113 1.515 108 111 92
-14.339 22.112 1.522 101 114 107
-14.371 22.115 1.282 83 105 103
-14.375 22.114 1.373 162 139 95
-14.328 22.115 1.270 116 118 104
-14.277 22.116 1.176 101 99 87
-14.391 22.114 1.263 40 45 38
-14.381 22.113 1.488 156 135 92
-14.369 22.114 1.379 164 139 98
-14.285 22.116 1.189 78 83 76
-14.208 22.118 1.198 75 73 60
-14.326 22.114 1.300 87 106 104
-14.280 22.116 1.202 87 89 78
-14.266 22.116 1.269 99 102 95
-14.239 22.116 1.346 166 149 119
-14.291 22.114 1.382 158 141 95
-14.244 22.116 1.323 175 148 118
-14.390 22.113 1.441 158 135 93
-14.355 22.113 1.470 152 137 94
-14.217 22.116 1.316 164 152 126
-14.303 22.114 1.409 157 139 93
-14.306 22.116 1.192 43 48 44
-14.283 22.116 1.193 116 121 114
-14.373 22.113 1.531 124 137 127
-14.340 22.114 1.276 119 127 116
-14.339 22.115 1.212 141 144 127
-14.274 22.115 1.315 117 126 107
-14.383 22.113 1.405 159 141 95
-14.225 22.117 1.243 117 105 79
-14.365 22.115 1.309 147 152 132
-14.358 22.113 1.461 157 134 90
-14.383 22.115 1.264 81 87 83
-14.370 22.113 1.535 118 132 119
-14.236 22.116 1.344 166 149 119
-14.336 22.115 1.207 147 149 135
-14.270 22.115 1.311 93 113 101
-14.351 22.113 1.446 158 140 94
-14.332 22.115 1.202 99 103 89
-14.300 22.114 1.384 160 142 96
-14.368 22.115 1.292 83 107 107
-14.396 22.115 1.190 67 71 74
-14.292 22.115 1.298 133 149 146
-14.403 22.113 1.363 157 142 109
-14.259 22.115 1.357 170 149 104
-14.327 22.115 1.200 76 82 70
-14.320 22.114 1.335 163 144 101
-14.354 22.115 1.319 162 143 100
-14.322 22.114 1.307 150 152 130
-14.319 22.113 1.481 160 133 86
-14.306 22.114 1.364 162 144 96
