-22.437 22.142 1.401 140 116 72
-22.429 22.142 1.329 147 119 72
-22.460 22.142 1.365 141 113 73
-22.596 22.143 1.503 144 124 91
-22.459 22.142 1.423 141 117 73
-22.404 22.141 1.227 66 71 64
-22.392 22.140 1.257 57 59 54
-22.501 22.142 1.389 146 118 79
-22.427 22.142 1.438 137 113 69
-22.436 22.142 1.542 99 106 98
-22.474 22.142 1.371 145 117 78
-22.430 22.141 1.290 147 140 124
-22.421 22.141 1.272 94 99 103
-22.488 22.142 1.391 143 115 78
-22.410 22.142 1.399 142 115 68
-22.442 22.142 1.508 136 112 66
-22.439 22.142 1.504 144 120 72
-22.492 22.143 1.533 99 112 103
-22.546 22.143 1.494 135 108 61
-22.457 22.142 1.346 144 119 78
-22.435 22.142 1.349 142 118 74
-22.515 22.143 1.546 101 109 98
-22.528 22.143 1.517 131 110 65
-22.504 22.142 1.440 140 116 72
-22.411 22.141 1.271 59 68 63
-22.442 22.142 1.361 143 119 75
-22.465 22.142 1.497 139 112 69
-22.549 22.143 1.434 140 116 68
-22.399 22.141 1.239 71 80 79
-22.409 22.141 1.283 40 41 25
-22.441 22.142 1.453 143 120 78
-22.492 22.142 1.370 144 116 79
-22.401 22.142 1.514 133 113 76
-22.512 22.142 1.470 143 116 73
-22.479 22.142 1.478 143 115 75
-22.547 22.143 1.546 104 110 98
-22.401 22.142 1.507 138 114 68
-22.588 22.143 1.516 135 115 78
-22.391 22.140 1.369 151 139 117
-22.419 22.142 1.542 98 106 95
-22.431 22.142 1.415 142 115 70
-22.605 22.143 1.541 106 112 98
-22.408 22.142 1.392 144 116 76
-22.402 22.141 1.286 39 38 36
-22.451 22.142 1.386 141 116 75
-22.459 22.142 1.303 36 37 41
-22.395 22.141 1.300 24 23 19
-22.453 22.142 1.349 145 117 77
-22.417 22.141 1.288 170 164 148
-22.520 22.143 1.494 140 113 68
-22.572 22.143 1.466 144 117 72
-22.564 22.143 1.455 141 112 68
-22.415 22.141 1.316 100 93 77
-22.410 22.142 1.407 141 113 76
-22.552 22.143 1.496 136 109 62
-22.430 22.141 1.313 23 21 6
-22.428 22.142 1.512 136 113 71
-22.399 22.142 1.471 139 116 72
-22.552 22.143 1.481 140 116 68
-22.588 22.143 1.506 143 118 78
-22.557 22.143 1.487 143 116 69
-22.458 22.142 1.509 139 115 71
-22.410 22.142 1.545 94 108 95
-22.440 22.142 1.523 123 117 93
-22.405 22.142 1.410 139 112 65
-22.560 22.143 1.499 136 114 65
-22.424 22.141 1.292 149 141 122
-22.404 22.141 1.237 70 79 78
-22.447 22.142 1.333 144 117 70
-22.472 22.142 1.391 144 116 77
-22.483 22.142 1.355 144 116 77
-22.529 22.143 1.496 140 116 68
-22.413 22.141 1.335 143 114 72
-22.540 22.143 1.450 141 117 69
-22.535 22.143 1.460 140 116 70
-22.518 22.143 1.540 99 112 95
-22.584 22.143 1.540 133 141 130
-22.451 22.142 1.450 145 116 76
-22.412 22.141 1.293 165 160 140
-22.423 22.142 1.357 142 117 77
-22.515 22.142 1.409 141 118 74
-22.577 22.143 1.505 148 119 75
-22.417 22.142 1.361 144 118 67
-22.441 22.142 1.511 137 113 67
-22.392 22.140 1.228 73 73 61
-22.507 22.142 1.455 141 114 71
-22.434 22.142 1.457 137 114 72
-22.413 22.142 1.417 144 116 79
-22.461 22.142 1.425 144 116 76
-22.418 22.141 1.281 52 50 37
-22.539 22.143 1.455 141 117 71
-22.499 22.142 1.432 140 115 74
-22.422 22.142 1.395 139 117 80
-22.476 22.142 1.494 143 116 73
-22.443 22.142 1.492 143 116 69
-22.517 22.142 1.385 143 116 73
-22.404 22.142 1.452 142 114 75
-22.414 22.142 1.447 147 117 81
-22.394 22.141 1.288 38 38 26
-22.523 22.142 1.411 141 119 72
-22.489 22.143 1.511 141 114 67
-22.508 22.142 1.400 143 115 75
-22.443 22.142 1.508 136 112 66
-22.527 22.143 1.459 140 116 70
-22.510 22.142 1.442 140 116 70
-22.479 22.142 1.351 145 117 78
-22.551 22.143 1.507 138 114 68
-22.480 22.142 1.430 141 113 74
-22.422 22.142 1.434 140 117 67
-22.441 22.142 1.499 140 113 66
-22.424 22.142 1.512 134 114 79
-22.479 22.142 1.439 141 116 75
-22.594 22.143 1.537 154 164 153
-22.561 22.143 1.457 145 118 73
-22.431 22.142 1.416 147 120 75
-22.488 22.142 1.472 142 114 74
-22.395 22.142 1.469 136 117 74
-22.490 22.142 1.423 143 115 76
-22.570 22.143 1.491 144 116 69
-22.426 22.142 1.536 94 107 100
-22.422 22.141 1.270 58 67 74
-22.427 22.142 1.510 140 116 70
-22.404 22.142 1.377 142 112 74
-22.489 22.142 1.359 142 114 77
-22.453 22.142 1.370 136 111 70
-22.554 22.143 1.487 142 115 68
-22.491 22.142 1.502 142 116 81
-22.598 22.143 1.540 95 103 90
-22.531 22.142 1.431 139 117 68
-22.432 22.142 1.393 144 120 76
-22.445 22.142 1.382 145 120 80
-22.423 22.141 1.308 131 133 130
-22.466 22.142 1.494 138 111 68
-22.493 22.143 1.544 100 109 104
-22.413 22.141 1.291 163 158 138
-22.460 22.142 1.489 143 116 71
-22.450 22.142 1.380 139 114 74
-22.432 22.141 1.286 147 141 127
-22.531 22.143 1.473 143 116 69
-22.405 22.142 1.434 147 119 72
-22.465 22.142 1.321 136 117 87
-22.511 22.142 1.455 142 115 72
-22.450 22.142 1.352 146 117 75
-22.496 22.142 1.414 142 114 75
-22.441 22.142 1.480 140 116 70
-22.429 22.142 1.352 145 118 73
-22.399 22.142 1.438 139 116 66
-22.423 22.141 1.296 166 155 149
-22.457 22.142 1.400 143 119 75
-22.551 22.143 1.506 138 114 68
-22.469 22.142 1.341 146 121 80
-22.406 22.142 1.487 142 114 75
-22.529 22.143 1.546 103 111 96
-22.460 22.142 1.486 141 114 69
-22.442 22.142 1.478 141 117 71
-22.420 22.142 1.527 104 107 96
-22.504 22.142 1.383 142 114 74
-22.393 22.141 1.229 73 73 61
-22.487 22.142 1.398 146 118 81
-22.591 22.143 1.523 103 105 84
-22.434 22.142 1.437 141 117 73
-22.477 22.142 1.471 144 116 76
-22.480 22.142 1.517 134 114 77
-22.474 22.142 1.370 146 118 79
-22.559 22.143 1.449 137 113 67
-22.403 22.142 1.543 93 107 94
-22.546 22.143 1.496 135 108 61
-22.484 22.142 1.352 145 117 78
-22.600 22.143 1.541 103 109 95
-22.424 22.141 1.272 101 106 102
-22.476 22.142 1.339 140 118 77
-22.541 22.143 1.453 142 118 72
-22.453 22.142 1.346 144 119 78
-22.470 22.142 1.503 139 115 71
-22.438 22.142 1.421 142 118 72
-22.417 22.142 1.524 102 100 85
-22.576 22.143 1.504 148 119 75
-22.412 22.141 1.311 24 19 15
-22.455 22.142 1.331 145 118 71
-22.393 22.142 1.493 124 108 72
-22.560 22.143 1.521 120 111 96
-22.447 22.142 1.381 146 121 81
-22.545 22.143 1.547 105 111 97
-22.441 22.141 1.290 43 39 28
-22.561 22.143 1.452 143 114 70
-22.433 22.142 1.490 142 115 68
-22.482 22.142 1.404 146 116 80
-22.412 22.142 1.417 143 115 78
-22.393 22.142 1.495 124 108 72
-22.478 22.142 1.343 143 121 80
-22.479 22.142 1.441 141 116 75
-22.587 22.143 1.502 139 114 74
-22.396 22.142 1.499 134 115 72
-22.537 22.143 1.482 141 114 67
-22.532 22.142 1.448 138 116 66
-22.401 22.142 1.494 139 116 72
-22.570 22.143 1.475 145 118 73
-22.449 22.142 1.453 141 118 74
-22.479 22.142 1.388 146 118 79
-22.397 22.142 1.542 95 107 95
-22.449 22.142 1.544 101 108 100
-22.459 22.142 1.406 142 118 74
-22.540 22.143 1.488 138 114 66
-22.589 22.143 1.509 143 118 77
-22.474 22.142 1.439 140 115 74
-22.449 22.142 1.483 138 114 68
-22.420 22.142 1.514 136 113 79
-22.546 22.143 1.486 138 114 66
-22.485 22.142 1.477 142 114 74
-22.489 22.142 1.408 146 116 80
-22.454 22.142 1.348 145 117 77
-22.543 22.143 1.490 140 116 68
-22.533 22.142 1.427 139 117 68
-22.457 22.142 1.408 143 119 75
-22.442 22.142 1.536 95 108 101
-22.534 22.143 1.486 140 113 66
-22.448 22.142 1.342 142 119 77
-22.485 22.142 1.498 141 114 71
-22.438 22.142 1.388 138 113 72
-22.443 22.142 1.429 143 116 73
-22.565 22.143 1.470 138 116 67
-22.588 22.143 1.501 140 117 76
-22.394 22.141 1.318 128 116 92
-22.474 22.142 1.416 144 114 76
-22.543 22.143 1.463 137 113 67
-22.603 22.143 1.536 97 109 99
-22.569 22.143 1.535 105 117 103
-22.395 22.142 1.484 122 106 70
-22.553 22.143 1.526 105 105 97
-22.509 22.143 1.486 141 114 69
-22.425 22.142 1.470 140 114 79
-22.442 22.142 1.482 139 115 69
-22.419 22.141 1.327 142 116 67
-22.423 22.141 1.273 94 99 103
-22.412 22.142 1.539 94 106 96
-22.443 22.142 1.320 137 117 84
-22.406 22.142 1.521 98 92 66
-22.488 22.142 1.487 142 115 72
-22.392 22.142 1.457 130 114 78
-22.392 22.142 1.433 149 134 115
-22.552 22.143 1.518 110 95 62
-22.466 22.142 1.471 140 116 70
-22.509 22.142 1.479 141 114 69
-22.565 22.143 1.514 138 120 70
-22.399 22.141 1.303 26 22 23
-22.493 22.142 1.486 142 115 72
-22.551 22.143 1.434 141 117 69
-22.451 22.142 1.540 100 109 104
-22.467 22.142 1.467 140 116 70
-22.544 22.142 1.429 141 117 69
-22.433 22.142 1.354 147 120 73
-22.426 22.141 1.274 101 106 102
-22.407 22.141 1.234 93 99 97
-22.424 22.141 1.272 101 106 102
-22.425 22.142 1.451 142 119 75
-22.436 22.142 1.544 99 106 98
-22.598 22.143 1.531 104 115 101
-22.405 22.142 1.546 95 109 96
-22.552 22.143 1.531 98 110 90
-22.452 22.142 1.466 136 112 68
-22.423 22.142 1.477 145 119 84
-22.450 22.142 1.355 146 117 75
-22.394 22.142 1.397 123 104 72
-22.565 22.143 1.514 136 115 60
-22.488 22.142 1.379 145 117 80
-22.578 22.143 1.475 139 112 67
-22.444 22.142 1.432 140 113 70
-22.417 22.142 1.396 141 119 69
-22.599 22.143 1.515 136 117 84
-22.498 22.142 1.380 144 116 77
-22.497 22.142 1.369 145 117 78
-22.434 22.142 1.358 145 121 75
-22.412 22.142 1.545 95 107 95
-22.411 22.141 1.294 165 160 141
-22.494 22.143 1.504 139 111 72
-22.400 22.141 1.280 23 23 23
-22.407 22.141 1.258 70 79 84
-22.479 22.142 1.356 143 115 76
-22.407 22.141 1.330 145 115 65
-22.583 22.143 1.524 102 104 83
-22.480 22.142 1.374 145 117 78
-22.447 22.142 1.482 138 114 68
-22.401 22.142 1.527 99 103 88
-22.436 22.142 1.416 144 117 72
-22.507 22.143 1.510 141 115 66
-22.474 22.142 1.507 137 110 63
-22.460 22.142 1.430 144 116 76
-22.486 22.142 1.392 143 115 78
-22.462 22.142 1.426 144 116 76
-22.498 22.142 1.362 142 114 75
-22.472 22.142 1.501 140 116 72
-22.469 22.142 1.406 145 118 75
-22.412 22.141 1.302 166 160 144
-22.530 22.143 1.464 141 114 69
-22.540 22.143 1.535 93 105 93
-22.537 22.143 1.460 139 115 69
-22.410 22.141 1.244 68 82 85
-22.417 22.142 1.395 141 119 69
-22.405 22.142 1.462 141 113 74
-22.508 22.142 1.427 144 120 76
-22.449 22.142 1.495 140 113 68
-22.587 22.143 1.546 145 149 135
-22.568 22.143 1.513 137 116 61
-22.398 22.141 1.264 67 71 80
-22.427 22.142 1.347 143 119 73
-22.467 22.142 1.504 141 117 71
-22.437 22.142 1.425 140 113 70
-22.458 22.142 1.341 143 118 77
-22.465 22.142 1.415 144 117 74
-22.459 22.142 1.306 37 38 43
-22.456 22.142 1.418 141 117 73
-22.580 22.143 1.546 107 109 98
-22.398 22.142 1.535 97 107 96
-22.451 22.142 1.434 143 115 75
-22.501 22.143 1.506 134 107 62
-22.514 22.142 1.455 142 115 72
-22.391 22.140 1.346 141 132 103
-22.432 22.142 1.526 102 103 87
-22.437 22.142 1.440 132 105 62
-22.492 22.142 1.373 144 116 79
-22.425 22.141 1.315 94 86 65
-22.531 22.143 1.525 103 102 98
-22.468 22.142 1.346 144 119 79
-22.407 22.141 1.341 143 116 71
-22.411 22.141 1.267 72 84 80
-22.491 22.142 1.383 144 116 79
-22.456 22.142 1.487 144 117 72
-22.439 22.142 1.320 144 124 91
-22.449 22.142 1.305 39 39 41
-22.401 22.141 1.287 43 39 38
-22.589 22.143 1.491 142 117 76
-22.435 22.142 1.386 139 114 73
-22.564 22.143 1.490 136 109 62
-22.502 22.143 1.512 133 111 64
-22.542 22.143 1.444 139 115 67
-22.510 22.143 1.541 99 111 97
-22.502 22.143 1.545 102 108 104
-22.543 22.143 1.457 140 116 70
-22.492 22.142 1.417 145 117 78
-22.400 22.142 1.378 142 118 74
-22.491 22.143 1.506 140 113 68
-22.570 22.143 1.530 95 106 98
-22.406 22.142 1.541 93 106 96
-22.459 22.142 1.444 142 114 74
-22.492 22.142 1.418 144 116 77
-22.398 22.141 1.285 23 22 20
-22.545 22.143 1.430 141 117 69
-22.581 22.143 1.485 143 116 71
-22.425 22.142 1.392 140 117 73
-22.445 22.142 1.539 98 108 100
-22.479 22.142 1.353 144 116 76
-22.527 22.143 1.512 138 115 63
-22.528 22.143 1.508 140 113 70
-22.392 22.142 1.394 122 106 73
-22.509 22.142 1.470 143 116 73
-22.460 22.142 1.474 136 112 66
-22.429 22.142 1.408 145 118 73
-22.452 22.142 1.467 135 111 67
-22.454 22.142 1.500 141 117 71
-22.410 22.142 1.419 143 115 78
-22.452 22.142 1.496 141 114 69
-22.434 22.142 1.442 139 115 71
-22.408 22.142 1.476 142 115 72
-22.474 22.142 1.334 143 119 75
-22.430 22.142 1.484 142 118 72
-22.464 22.142 1.453 140 118 71
-22.503 22.143 1.490 142 115 70
-22.466 22.142 1.427 142 117 76
-22.532 22.142 1.412 141 119 72
-22.488 22.142 1.494 139 112 69
-22.400 22.142 1.500 136 113 69
-22.503 22.142 1.462 144 117 74
-22.452 22.142 1.457 139 116 72
-22.460 22.142 1.357 143 116 73
-22.488 22.143 1.528 101 107 103
-22.427 22.142 1.333 142 115 68
-22.512 22.142 1.412 141 118 74
-22.473 22.142 1.528 100 107 100
-22.437 22.142 1.482 139 115 69
-22.484 22.142 1.369 145 117 80
-22.429 22.141 1.316 102 94 73
-22.449 22.142 1.365 143 118 77
-22.402 22.141 1.257 70 78 81
-22.550 22.143 1.442 144 120 74
-22.556 22.143 1.471 140 116 68
-22.589 22.143 1.528 103 110 94
-22.451 22.142 1.497 141 114 69
-22.486 22.142 1.358 145 117 80
-22.462 22.142 1.490 144 117 72
-22.415 22.142 1.508 139 112 67
-22.446 22.142 1.397 141 117 73
-22.416 22.142 1.359 144 118 67
-22.494 22.142 1.432 142 117 77
-22.463 22.142 1.489 144 117 72
-22.492 22.143 1.515 135 115 80
-22.405 22.141 1.286 139 138 133
-22.449 22.142 1.522 115 109 85
-22.412 22.142 1.490 141 115 66
-22.408 22.141 1.265 64 75 77
-22.469 22.142 1.491 141 114 71
-22.590 22.147 1.245 68 81 89
-22.442 22.142 1.227 31 33 30
-22.537 22.147 1.184 79 78 73
-22.489 22.144 1.219 94 100 100
-22.485 22.143 1.303 44 43 41
-22.578 22.146 1.304 179 176 171
-22.535 22.143 1.348 144 120 74
-22.580 22.144 1.433 144 120 74
-22.593 22.147 1.275 165 167 164
-22.483 22.142 1.319 129 116 97
-22.454 22.142 1.260 66 81 86
-22.407 22.142 1.174 78 77 75
-22.526 22.145 1.236 78 88 89
-22.559 22.144 1.382 144 120 74
-22.605 22.144 1.464 140 115 75
-22.465 22.142 1.280 34 34 34
-22.605 22.148 1.241 68 80 78
-22.411 22.142 1.206 83 92 89
-22.493 22.143 1.273 67 72 75
-22.593 22.147 1.256 72 83 87
-22.522 22.145 1.245 73 84 86
-22.583 22.145 1.333 151 123 84
-22.488 22.144 1.200 89 98 95
-22.527 22.143 1.353 144 116 69
-22.585 22.148 1.195 82 92 83
-22.454 22.144 1.168 82 80 81
-22.500 22.142 1.336 146 122 78
-22.535 22.143 1.385 142 118 72
-22.603 22.149 1.188 105 114 109
-22.565 22.144 1.381 144 117 72
-22.471 22.142 1.293 36 34 35
-22.464 22.143 1.222 82 92 84
-22.516 22.146 1.184 60 59 54
-22.516 22.144 1.255 89 95 91
-22.526 22.145 1.236 81 91 92
-22.482 22.143 1.258 109 114 117
-22.477 22.144 1.199 87 96 95
-22.576 22.146 1.310 37 39 28
-22.590 22.146 1.337 143 120 66
-22.587 22.146 1.326 147 120 65
-22.529 22.145 1.267 70 81 83
-22.505 22.145 1.232 124 130 130
-22.496 22.143 1.276 157 161 160
-22.444 22.143 1.223 94 99 95
-22.576 22.147 1.250 68 82 85
-22.400 22.141 1.215 83 94 88
-22.481 22.144 1.224 93 99 97
-22.438 22.143 1.208 86 95 90
-22.561 22.146 1.243 72 83 87
-22.538 22.147 1.186 22 24 19
-22.571 22.148 1.184 23 25 20
-22.482 22.145 1.175 88 87 83
-22.555 22.144 1.363 143 119 71
-22.553 22.145 1.323 144 121 80
-22.555 22.143 1.414 137 113 65
-22.572 22.145 1.324 142 123 67
-22.553 22.147 1.173 103 98 92
-22.483 22.144 1.220 83 92 91
-22.491 22.144 1.223 102 106 105
-22.591 22.145 1.391 145 119 68
-22.429 22.142 1.231 76 81 75
-22.600 22.146 1.328 146 120 71
-22.449 22.143 1.182 25 27 24
-22.589 22.143 1.455 144 115 71
-22.495 22.143 1.299 159 154 148
-22.603 22.144 1.479 136 114 77
-22.597 22.148 1.236 84 96 94
-22.451 22.142 1.245 67 80 88
-22.596 22.147 1.263 66 77 81
-22.430 22.143 1.166 86 85 83
-22.568 22.145 1.307 185 187 186
-22.531 22.144 1.332 144 117 72
-22.489 22.142 1.313 32 31 26
-22.471 22.143 1.231 101 107 103
-22.395 22.141 1.183 19 20 12
-22.503 22.143 1.320 141 120 89
-22.545 22.147 1.196 83 94 88
-22.485 22.143 1.288 84 83 78
-22.522 22.146 1.185 25 27 22
-22.531 22.144 1.290 46 45 43
-22.588 22.147 1.272 60 66 66
-22.556 22.147 1.182 89 88 83
-22.398 22.141 1.215 79 90 84
-22.553 22.145 1.291 161 160 156
-22.498 22.142 1.330 146 119 74
-22.540 22.144 1.303 47 47 45
-22.469 22.142 1.303 33 34 38
-22.534 22.142 1.401 142 118 74
-22.460 22.142 1.276 150 151 153
-22.433 22.143 1.200 84 93 88
-22.421 22.143 1.164 97 88 93
-22.552 22.145 1.306 41 41 41
-22.441 22.142 1.218 89 95 93
-22.499 22.145 1.185 24 26 21
-22.483 22.143 1.292 38 37 33
-22.586 22.148 1.209 84 94 86
-22.572 22.143 1.436 139 112 65
-22.481 22.143 1.247 72 83 87
-22.518 22.143 1.346 146 119 76
-22.554 22.144 1.337 143 121 72
-22.467 22.143 1.260 73 83 92
-22.401 22.142 1.163 29 28 23
-22.579 22.147 1.233 90 96 94
-22.477 22.142 1.318 139 126 109
-22.474 22.143 1.259 133 137 140
-22.474 22.144 1.179 91 90 86
-22.604 22.148 1.208 82 89 82
-22.420 22.142 1.184 22 21 19
-22.442 22.142 1.231 101 105 104
-22.545 22.144 1.324 139 115 77
-22.510 22.143 1.337 145 121 77
-22.594 22.147 1.251 69 82 88
-22.470 22.142 1.281 29 28 26
-22.503 22.143 1.298 173 170 163
-22.448 22.142 1.259 69 80 84
-22.503 22.145 1.198 79 90 86
-22.578 22.144 1.413 145 121 75
-22.486 22.143 1.271 66 75 80
-22.563 22.145 1.339 141 119 70
-22.574 22.144 1.417 144 117 70
-22.462 22.142 1.301 36 37 41
-22.485 22.145 1.164 91 92 94
-22.515 22.143 1.333 145 118 73
-22.578 22.146 1.297 176 173 166
-22.599 22.145 1.382 139 111 63
-22.495 22.143 1.317 130 118 96
-22.598 22.146 1.341 142 122 63
-22.444 22.142 1.241 68 79 85
-22.452 22.143 1.239 79 90 96
-22.439 22.142 1.250 70 83 92
-22.503 22.145 1.219 87 93 91
-22.450 22.144 1.176 84 84 82
-22.515 22.145 1.235 78 88 90
-22.534 22.145 1.241 73 83 85
-22.568 22.148 1.177 109 104 101
-22.502 22.145 1.211 135 142 134
-22.525 22.145 1.225 90 100 92
-22.457 22.143 1.226 91 96 92
-22.483 22.144 1.238 76 86 87
-22.518 22.144 1.307 122 122 122
-22.603 22.146 1.355 143 116 69
-22.487 22.144 1.212 92 102 103
-22.565 22.144 1.357 143 117 68
-22.565 22.147 1.193 141 150 147
-22.441 22.143 1.170 86 85 83
-22.568 22.143 1.424 144 120 72
-22.583 22.146 1.276 163 167 166
-22.406 22.142 1.182 26 27 22
-22.467 22.143 1.252 141 149 151
-22.577 22.148 1.181 112 109 104
-22.572 22.143 1.451 139 115 69
-22.402 22.141 1.214 83 95 91
-22.546 22.146 1.256 72 83 89
-22.516 22.143 1.310 118 118 118
-22.518 22.144 1.274 67 72 75
-22.459 22.144 1.190 139 144 140
-22.410 22.142 1.198 86 92 88
-22.604 22.145 1.407 142 115 72
-22.435 22.142 1.227 42 44 39
-22.465 22.142 1.301 32 33 37
-22.538 22.143 1.397 142 118 74
-22.515 22.145 1.244 70 81 83
-22.577 22.146 1.296 176 173 166
-22.404 22.142 1.191 130 132 127
-22.542 22.147 1.179 111 108 101
-22.444 22.144 1.168 84 83 81
-22.430 22.143 1.165 86 85 83
-22.513 22.145 1.221 89 99 91
-22.525 22.143 1.337 142 119 77
-22.539 22.145 1.245 71 82 88
-22.566 22.143 1.428 141 117 69
-22.596 22.149 1.181 87 89 88
-22.573 22.146 1.283 21 22 17
-22.570 22.148 1.185 22 24 19
-22.440 22.143 1.197 87 93 89
-22.532 22.143 1.348 142 118 72
-22.554 22.143 1.384 144 120 72
-22.569 22.147 1.240 68 82 83
-22.593 22.145 1.389 141 115 64
-22.582 22.144 1.429 139 115 69
-22.604 22.147 1.307 20 24 9
-22.535 22.146 1.210 137 145 130
-22.520 22.143 1.358 145 118 73
-22.587 22.143 1.465 141 112 68
-22.508 22.142 1.354 145 116 76
-22.479 22.143 1.265 70 80 89
-22.556 22.146 1.271 56 64 66
-22.451 22.142 1.285 81 80 75
-22.481 22.143 1.241 70 81 85
-22.605 22.146 1.337 141 121 71
-22.580 22.147 1.260 69 82 88
-22.580 22.146 1.284 140 139 134
-22.604 22.149 1.204 80 91 85
-22.486 22.142 1.309 36 38 37
-22.488 22.145 1.169 89 89 89
-22.582 22.144 1.423 140 116 70
-22.548 22.146 1.261 68 81 87
-22.509 22.146 1.167 96 95 93
-22.448 22.143 1.205 131 141 133
-22.482 22.143 1.283 42 43 38
-22.554 22.147 1.185 24 26 21
-22.530 22.143 1.366 142 118 70
-22.597 22.147 1.293 180 176 164
-22.580 22.145 1.354 151 120 74
-22.519 22.145 1.251 115 124 121
-22.489 22.145 1.164 88 89 91
-22.544 22.145 1.256 69 80 86
-22.535 22.147 1.171 109 104 100
-22.457 22.142 1.261 70 83 89
-22.547 22.144 1.354 146 118 71
-22.586 22.145 1.337 149 126 74
-22.551 22.144 1.355 141 117 69
-22.510 22.143 1.316 146 131 110
-22.554 22.147 1.183 88 87 82
-22.468 22.143 1.220 87 100 91
-22.476 22.143 1.273 73 78 81
-22.460 22.142 1.256 91 100 99
-22.553 22.143 1.411 141 117 69
-22.532 22.143 1.374 143 119 71
-22.495 22.144 1.259 126 136 137
-22.529 22.144 1.308 99 101 98
-22.602 22.147 1.260 70 81 83
-22.588 22.144 1.448 144 117 72
-22.474 22.143 1.238 72 82 83
-22.534 22.144 1.314 76 70 58
-22.574 22.143 1.453 142 115 70
-22.492 22.145 1.173 89 88 84
-22.569 22.143 1.456 141 117 71
-22.412 22.142 1.209 86 97 93
-22.545 22.144 1.327 148 121 78
-22.513 22.145 1.223 89 99 91
-22.593 22.145 1.397 140 114 63
-22.454 22.142 1.293 37 36 34
-22.464 22.144 1.194 95 102 95
-22.574 22.148 1.171 108 103 99
-22.487 22.145 1.194 85 94 93
-22.514 22.146 1.181 60 59 54
-22.451 22.142 1.266 67 81 84
-22.566 22.145 1.318 147 135 113
-22.536 22.146 1.223 91 101 92
-22.501 22.143 1.298 156 153 146
-22.485 22.143 1.267 70 81 87
-22.568 22.143 1.422 143 119 71
-22.527 22.146 1.186 27 29 24
-22.588 22.145 1.365 143 120 70
-22.576 22.145 1.371 146 119 72
-22.478 22.145 1.176 90 89 85
-22.496 22.143 1.295 163 158 152
-22.489 22.145 1.195 85 94 93
-22.565 22.144 1.365 146 119 72
-22.590 22.146 1.333 148 121 78
-22.415 22.141 1.223 90 97 90
-22.436 22.142 1.213 85 95 94
-22.517 22.144 1.260 72 83 85
-22.482 22.145 1.169 88 90 89
-22.520 22.142 1.380 146 119 74
-22.503 22.143 1.325 144 118 81
-22.542 22.146 1.225 100 110 101
-22.532 22.143 1.347 142 118 72
-22.580 22.145 1.341 145 124 71
-22.573 22.148 1.167 110 107 102
-22.595 22.149 1.182 87 89 88
-22.523 22.146 1.204 87 97 86
-22.489 22.142 1.317 140 128 106
-22.525 22.144 1.278 34 35 37
-22.515 22.144 1.270 67 75 77
-22.545 22.142 1.422 145 121 73
-22.563 22.143 1.429 142 118 70
-22.564 22.146 1.274 161 167 165
-22.566 22.144 1.400 142 117 63
-22.416 22.142 1.174 90 86 87
-22.420 22.141 1.232 74 79 73
-22.541 22.144 1.320 135 116 86
-22.491 22.143 1.303 150 147 142
-22.577 22.145 1.328 144 117 70
-22.516 22.143 1.330 146 117 73
-22.589 22.146 1.334 145 121 75
-22.557 22.146 1.272 53 61 63
-22.469 22.144 1.192 115 120 114
-22.584 22.147 1.251 70 81 87
-22.426 22.142 1.219 86 95 90
-22.561 22.144 1.391 143 117 68
-22.554 22.143 1.404 143 119 71
-22.524 22.144 1.291 46 45 43
-22.600 22.145 1.393 144 116 68
-22.582 22.148 1.171 108 101 95
-22.410 22.142 1.200 84 93 90
-22.533 22.146 1.209 137 145 130
-22.426 22.142 1.240 71 81 83
-22.597 22.144 1.417 146 118 71
-22.459 22.143 1.221 95 102 95
-22.585 22.146 1.300 177 170 160
-22.482 22.144 1.206 145 150 144
-22.533 22.144 1.297 45 44 40
-22.459 22.144 1.190 139 144 140
-22.518 22.146 1.199 86 97 93
-22.419 22.143 1.172 93 87 89
-22.547 22.145 1.288 45 44 40
-22.514 22.143 1.313 79 71 60
-22.482 22.145 1.176 88 87 83
-22.583 22.144 1.431 137 113 67
-22.541 22.146 1.227 38 48 40
-22.595 22.146 1.328 144 116 66
-22.590 22.147 1.236 81 91 92
-22.586 22.146 1.293 183 177 165
-22.425 22.143 1.171 89 88 86
-22.499 22.145 1.191 116 125 122
-22.594 22.143 1.481 141 116 76
-22.544 22.147 1.162 105 105 103
-22.546 22.145 1.308 100 102 101
-22.590 22.144 1.429 146 119 74
-22.554 22.143 1.400 141 118 66
-22.564 22.145 1.348 145 121 75
-22.535 22.143 1.376 143 119 71
-22.456 22.142 1.248 69 82 88
-22.459 22.142 1.287 36 35 33
-22.522 22.143 1.359 144 117 72
-22.475 22.142 1.289 38 39 34
-22.496 22.144 1.244 71 84 90
-22.496 22.145 1.164 94 94 94
-22.546 22.143 1.406 142 118 70
-22.500 22.143 1.306 174 171 164
-22.532 22.144 1.305 41 42 37
-22.488 22.143 1.275 158 162 163
-22.546 22.145 1.262 65 78 84
-22.597 22.143 1.483 142 118 80
-22.566 22.146 1.265 64 77 85
-22.558 22.147 1.185 21 23 18
-22.490 22.142 1.320 143 124 94
-22.603 22.147 1.276 128 130 125
-22.539 22.146 1.224 92 102 93
-22.451 22.142 1.280 32 34 29
-22.572 22.146 1.256 69 83 84
-22.520 22.144 1.274 156 160 161
-22.527 22.143 1.362 144 117 72
-22.520 22.144 1.314 72 64 53
-22.558 22.144 1.352 147 120 75
-22.512 22.145 1.209 143 153 144
-22.502 22.146 1.167 97 95 96
-22.396 22.141 1.200 93 98 91
-22.459 22.143 1.250 69 80 84
-22.566 22.147 1.241 70 81 85
-22.492 22.142 1.318 131 119 97
-22.491 22.143 1.281 27 28 23
-22.577 22.146 1.274 158 162 161
-22.567 22.143 1.441 144 120 74
-22.603 22.146 1.326 148 123 67
-22.524 22.145 1.269 66 76 78
-22.403 22.142 1.190 130 132 127
-22.426 22.142 1.242 70 81 87
-22.548 22.146 1.221 92 102 93
-22.569 22.144 1.385 145 117 70
-22.576 22.148 1.180 115 110 106
-22.451 22.143 1.197 87 94 87
-22.561 22.145 1.307 195 197 196
-22.529 22.145 1.252 151 163 161
-22.543 22.144 1.344 143 120 76
-22.458 22.142 1.272 84 89 92
-22.586 22.148 1.179 114 109 105
-22.486 22.145 1.182 42 43 38
-22.497 22.144 1.220 87 91 90
-22.508 22.143 1.305 85 84 79
-22.534 22.147 1.178 107 102 98
-22.524 22.143 1.337 142 119 77
-22.555 22.143 1.432 140 116 68
-22.495 22.145 1.182 47 46 42
-22.526 22.143 1.345 143 120 76
-22.482 22.145 1.186 28 30 27
-22.601 22.147 1.309 184 189 169
-22.543 22.144 1.328 148 121 78
-22.526 22.143 1.369 145 118 71
-22.536 22.143 1.374 141 117 69
-22.464 22.142 1.272 78 83 86
-22.484 22.143 1.277 152 156 157
-22.508 22.142 1.361 144 116 76
-22.513 22.146 1.161 92 92 90
-22.425 22.142 1.220 86 95 90
-22.535 22.146 1.232 110 119 114
-22.542 22.145 1.260 72 85 91
-22.548 22.144 1.354 145 117 70
-22.596 22.146 1.311 42 42 32
-22.492 22.144 1.212 127 135 137
-22.558 22.143 1.399 143 120 68
-22.553 22.143 1.401 141 118 68
-22.581 22.149 1.161 98 98 96
-22.549 22.146 1.209 86 94 81
-22.427 22.143 1.184 26 28 25
-22.554 22.146 1.234 119 130 126
-22.516 22.145 1.207 116 126 117
-22.541 22.145 1.257 70 81 85
-22.514 22.143 1.337 146 122 78
-22.415 22.142 1.217 82 93 89
-22.487 22.142 1.337 144 121 79
-22.497 22.145 1.179 92 91 86
-22.572 22.143 1.425 144 117 70
-22.597 22.148 1.235 78 89 83
-22.526 22.144 1.306 42 43 38
-22.594 22.145 1.375 146 120 69
-22.550 22.144 1.345 143 120 76
-22.575 22.147 1.215 85 98 89
-22.555 22.145 1.307 156 156 156
-22.527 22.143 1.354 144 116 69
-22.489 22.144 1.234 141 149 151
-22.595 22.145 1.382 145 119 68
-22.563 22.144 1.353 146 117 73
-22.586 22.147 1.281 20 19 14
-22.550 22.144 1.363 141 119 70
-22.492 22.142 1.329 141 114 71
-22.417 22.142 1.221 90 97 90
-22.467 22.143 1.243 75 84 89
-22.594 22.145 1.369 144 118 67
-22.447 22.143 1.199 87 97 89
-22.481 22.143 1.254 105 113 115
-22.492 22.145 1.169 86 86 86
-22.439 22.142 1.266 66 80 81
-22.511 22.143 1.310 108 108 106
-22.517 22.146 1.168 96 95 93
-22.536 22.144 1.329 144 117 72
-22.545 22.143 1.398 142 120 71
-22.582 22.149 1.161 98 98 96
-22.478 22.142 1.316 89 82 72
-22.596 22.145 1.383 146 118 68
-22.475 22.143 1.258 126 131 134
-22.595 22.148 1.238 66 80 81
-22.557 22.145 1.330 146 120 71
