-16.335 22.120 1.312 159 145 106
-16.280 22.121 1.402 102 102 74
-16.297 22.121 1.374 158 141 98
-16.290 22.121 1.390 156 145 117
-16.292 22.121 1.396 158 147 119
-16.318 22.120 1.172 111 107 95
-16.280 22.121 1.459 113 113 89
-16.314 22.120 1.242 131 116 87
-16.336 22.120 1.175 24 25 19
-16.283 22.120 1.324 142 138 111
-16.309 22.121 1.355 164 142 105
-16.317 22.120 1.326 170 147 105
-16.322 22.120 1.338 167 144 103
-16.315 22.120 1.188 31 30 12
-16.285 22.120 1.274 146 148 126
-16.284 22.121 1.424 148 142 116
-16.334 22.120 1.245 123 116 87
-16.282 22.121 1.383 129 125 98
-16.344 22.119 1.160 108 102 80
-16.314 22.120 1.209 122 117 88
-16.296 22.121 1.407 161 139 102
-16.305 22.120 1.275 160 156 144
-16.316 22.120 1.209 114 107 78
-16.303 22.120 1.241 138 130 109
-16.295 22.120 1.307 157 144 112
-16.282 22.121 1.485 141 137 110
-16.331 22.120 1.208 91 84 56
-16.304 22.120 1.266 53 50 41
-16.301 22.121 1.412 160 138 101
-16.372 22.119 1.142 144 145 129
-16.289 22.120 1.303 151 159 138
-16.293 22.121 1.422 160 146 117
-16.298 22.121 1.368 161 142 102
-16.366 22.120 1.184 157 158 150
-16.358 22.120 1.173 37 37 27
-16.327 22.120 1.167 108 102 86
-16.309 22.120 1.233 135 128 109
-16.282 22.120 1.315 117 116 88
-16.291 22.121 1.363 152 141 109
-16.312 22.120 1.334 165 142 100
-16.290 22.120 1.278 133 136 119
-16.351 22.120 1.167 105 102 83
-16.302 22.121 1.387 159 140 100
-16.280 22.120 1.270 109 109 81
-16.296 22.120 1.303 121 124 107
-16.304 22.120 1.271 136 132 121
-16.300 22.120 1.200 103 100 81
-16.345 22.119 1.152 100 95 76
-16.284 22.121 1.397 143 137 111
-16.286 22.120 1.339 146 142 115
-16.301 22.121 1.375 158 141 98
-16.347 22.120 1.252 129 128 108
-16.319 22.120 1.236 139 125 96
-16.343 22.119 1.161 104 98 74
-16.343 22.120 1.219 64 63 58
-16.281 22.121 1.480 143 137 111
-16.297 22.120 1.280 54 52 40
-16.344 22.119 1.162 104 98 74
-16.290 22.120 1.301 102 109 91
-16.299 22.121 1.416 160 138 101
-16.293 22.120 1.304 109 116 100
-16.328 22.119 1.162 102 96 74
-16.372 22.120 1.172 93 91 79
-16.300 22.121 1.385 159 140 100
-16.283 22.120 1.320 142 138 109
-16.346 22.120 1.229 65 63 51
-16.285 22.120 1.250 145 148 127
-16.287 22.120 1.333 149 142 114
-16.281 22.121 1.486 141 137 110
-16.342 22.120 1.235 132 127 108
-16.327 22.120 1.240 135 120 89
-16.349 22.120 1.188 24 24 12
-16.316 22.120 1.243 142 125 95
-16.333 22.120 1.208 99 88 66
-16.288 22.121 1.435 163 154 125
-16.295 22.120 1.260 32 29 22
-16.299 22.120 1.324 160 140 105
-16.304 22.120 1.234 131 126 107
-16.306 22.121 1.382 160 141 99
-16.370 22.120 1.167 104 102 87
-16.316 22.120 1.271 49 45 33
-16.283 22.121 1.379 126 122 95
-16.291 22.121 1.349 156 145 117
-16.331 22.120 1.173 43 43 33
-16.314 22.120 1.293 167 160 142
-16.289 22.120 1.318 156 145 115
-16.344 22.120 1.168 109 106 87
-16.357 22.120 1.164 101 96 76
-16.313 22.120 1.232 110 105 86
-16.286 22.120 1.313 153 146 117
-16.296 22.121 1.406 161 139 102
-16.338 22.120 1.246 123 116 88
-16.302 22.121 1.380 160 141 99
-16.289 22.121 1.451 150 143 114
-16.371 22.120 1.171 93 91 79
-16.278 22.120 1.263 114 114 86
-16.364 22.120 1.184 157 158 150
-16.286 22.121 1.350 149 145 120
-16.310 22.120 1.233 136 128 107
-16.324 22.120 1.311 162 144 108
-16.367 22.119 1.158 101 95 73
-16.308 22.120 1.239 130 118 92
-16.356 22.120 1.232 141 134 115
-16.310 22.120 1.279 143 136 120
-16.320 22.120 1.225 91 92 78
-16.338 22.120 1.185 66 72 62
-16.357 22.119 1.147 82 79 64
-16.338 22.120 1.287 154 146 125
-16.334 22.120 1.278 148 140 119
-16.286 22.120 1.293 162 167 147
-16.287 22.120 1.208 145 144 124
-16.312 22.121 1.361 163 141 104
-16.323 22.120 1.211 97 91 59
-16.319 22.120 1.331 166 143 101
-16.280 22.120 1.296 112 117 87
-16.359 22.120 1.174 37 37 27
-16.282 22.120 1.316 117 116 88
-16.278 22.120 1.243 102 105 76
-16.307 22.120 1.276 145 139 125
-16.302 22.120 1.344 161 141 106
-16.331 22.120 1.218 45 46 32
-16.298 22.120 1.215 102 102 90
-16.328 22.120 1.262 127 127 115
-16.324 22.120 1.309 158 142 106
-16.281 22.120 1.310 119 118 90
-16.300 22.120 1.242 121 114 95
-16.291 22.121 1.438 162 149 117
-16.337 22.120 1.251 127 125 102
-16.336 22.120 1.185 68 71 62
-16.338 22.120 1.272 147 142 123
-16.350 22.120 1.195 126 123 104
-16.293 22.121 1.446 153 138 105
-16.308 22.120 1.258 57 57 49
-16.287 22.120 1.219 156 155 134
-16.278 22.121 1.498 107 104 73
-16.354 22.120 1.184 69 69 61
-16.285 22.121 1.426 146 140 114
-16.350 22.119 1.149 120 114 98
-16.320 22.120 1.194 112 110 87
-16.316 22.120 1.218 55 54 36
-16.304 22.120 1.302 121 122 106
-16.278 22.121 1.403 102 102 74
-16.296 22.120 1.292 51 52 38
-16.287 22.121 1.439 163 154 125
-16.327 22.120 1.255 139 133 111
-16.312 22.121 1.345 164 142 101
-16.323 22.120 1.204 106 96 69
-16.313 22.121 1.368 162 143 103
-16.305 22.120 1.246 126 118 97
-16.309 22.120 1.336 165 143 102
-16.331 22.120 1.247 127 120 92
-16.355 22.119 1.153 114 109 90
-16.277 22.120 1.254 104 106 82
-16.374 22.120 1.172 46 46 38
-16.291 22.120 1.254 138 140 127
-16.290 22.121 1.411 159 145 118
-16.356 22.120 1.191 79 78 60
-16.297 22.120 1.214 54 50 38
-16.380 22.119 1.145 51 49 34
-16.294 22.120 1.266 62 63 49
-16.285 22.120 1.254 138 141 122
-16.326 22.120 1.335 165 141 103
-16.306 22.120 1.245 126 118 97
-16.293 22.120 1.183 153 152 132
-16.304 22.120 1.159 102 95 76
-16.293 22.120 1.165 115 114 93
-16.303 22.120 1.175 33 33 23
-16.303 22.120 1.180 96 96 88
-16.277 22.120 1.145 137 137 111
-16.303 22.120 1.154 105 102 83
-16.305 22.120 1.163 95 93 72
-16.323 22.119 1.150 114 111 96
-16.289 22.120 1.189 153 152 132
-16.292 22.120 1.187 102 101 81
-16.294 22.120 1.170 109 108 87
-16.288 22.120 1.169 149 149 125
-16.284 22.120 1.178 125 125 101
-16.288 22.120 1.165 140 140 116
-16.313 22.119 1.154 99 94 75
-16.329 22.119 1.148 83 81 66
-16.321 22.119 1.156 105 97 78
-16.308 22.119 1.146 80 83 66
-16.285 22.120 1.178 125 125 101
-16.293 22.120 1.143 116 115 94
-16.278 22.120 1.154 126 124 99
-16.413 22.120 1.259 68 71 62
-16.410 22.121 1.343 161 142 100
-16.412 22.120 1.233 122 123 107
-16.526 22.121 1.391 155 141 115
-16.356 22.120 1.319 164 146 106
-16.495 22.121 1.470 160 135 94
-16.315 22.121 1.488 164 140 96
-16.323 22.121 1.479 159 134 93
-16.369 22.120 1.222 86 86 74
-16.476 22.122 1.514 124 136 116
-16.354 22.121 1.491 162 139 95
-16.388 22.122 1.523 105 121 110
-16.455 22.120 1.200 115 114 86
-16.465 22.122 1.515 129 144 125
-16.429 22.120 1.281 146 147 131
-16.423 22.120 1.159 105 98 79
-16.326 22.121 1.493 163 139 93
-16.520 22.121 1.373 159 136 102
-16.395 22.121 1.342 161 141 104
-16.466 22.121 1.469 156 131 91
-16.422 22.121 1.320 169 146 104
-16.481 22.121 1.460 162 137 97
-16.384 22.121 1.335 165 146 104
-16.387 22.120 1.199 118 109 78
-16.401 22.121 1.430 160 137 96
-16.451 22.121 1.453 163 135 98
-16.361 22.121 1.349 167 143 105
-16.362 22.121 1.453 160 139 94
-16.444 22.120 1.174 52 52 44
-16.414 22.120 1.202 113 112 82
-16.396 22.120 1.180 109 111 106
-16.440 22.121 1.352 162 143 101
-16.446 22.120 1.257 102 103 95
-16.428 22.121 1.448 160 139 96
-16.465 22.120 1.220 90 92 81
-16.356 22.121 1.395 160 141 98
-16.388 22.122 1.515 103 124 105
-16.328 22.121 1.441 163 139 93
-16.416 22.120 1.190 83 85 64
-16.381 22.120 1.286 154 155 139
-16.326 22.121 1.456 163 141 94
-16.369 22.121 1.462 163 140 98
-16.428 22.120 1.150 109 111 89
-16.416 22.120 1.238 123 125 103
-16.505 22.121 1.409 161 137 101
-16.308 22.121 1.436 162 140 99
-16.405 22.121 1.447 162 137 96
-16.418 22.121 1.429 163 139 101
-16.462 22.120 1.252 117 122 100
-16.488 22.121 1.310 164 145 115
-16.466 22.121 1.469 156 131 91
-16.399 22.120 1.254 130 137 119
-16.399 22.121 1.444 162 137 96
-16.520 22.121 1.373 159 136 102
-16.407 22.120 1.225 83 85 74
-16.319 22.121 1.441 162 139 95
-16.318 22.121 1.419 160 139 96
-16.307 22.121 1.471 163 140 99
-16.447 22.120 1.189 30 30 18
-16.415 22.120 1.253 144 153 136
-16.418 22.120 1.229 54 56 43
-16.436 22.120 1.307 165 153 115
-16.425 22.120 1.235 124 123 105
-16.424 22.120 1.178 114 113 109
-16.422 22.120 1.199 110 109 79
-16.319 22.122 1.519 107 121 108
-16.366 22.122 1.516 106 120 103
-16.429 22.121 1.328 167 145 106
-16.478 22.120 1.294 169 170 152
-16.511 22.122 1.506 105 107 86
-16.393 22.122 1.498 166 142 98
-16.321 22.121 1.450 161 139 92
-16.372 22.121 1.466 162 139 97
-16.363 22.120 1.327 165 146 104
-16.361 22.121 1.388 160 141 98
-16.481 22.122 1.483 159 134 94
-16.481 22.120 1.295 112 114 93
-16.386 22.120 1.299 32 30 15
-16.411 22.119 1.141 150 153 134
-16.373 22.121 1.462 162 139 97
-16.392 22.120 1.301 27 28 10
-16.414 22.120 1.269 55 58 51
-16.392 22.120 1.322 166 143 101
-16.446 22.122 1.495 158 137 92
-16.287 22.121 1.510 145 148 119
-16.363 22.122 1.525 107 121 108
-16.505 22.121 1.327 164 142 103
-16.526 22.121 1.410 150 137 105
-16.466 22.121 1.474 158 133 93
-16.398 22.121 1.452 161 138 96
-16.472 22.120 1.259 83 87 73
-16.388 22.121 1.481 164 136 96
-16.348 22.121 1.472 164 140 96
-16.403 22.121 1.463 159 137 96
-16.448 22.121 1.472 161 136 95
-16.352 22.121 1.369 166 142 104
-16.415 22.120 1.225 98 101 92
-16.375 22.120 1.264 119 121 110
-16.464 22.122 1.484 160 137 95
-16.387 22.121 1.451 165 137 97
-16.428 22.120 1.311 163 148 109
-16.375 22.120 1.209 118 107 75
-16.319 22.121 1.390 160 138 99
-16.314 22.121 1.492 163 139 95
-16.416 22.122 1.514 105 117 103
-16.501 22.121 1.378 160 138 101
-16.434 22.120 1.224 101 104 95
-16.339 22.121 1.447 166 139 96
-16.481 22.121 1.337 165 141 105
-16.299 22.122 1.519 104 122 108
-16.504 22.121 1.363 163 141 104
-16.341 22.121 1.388 161 137 99
-16.400 22.120 1.164 105 99 83
-16.350 22.121 1.459 163 142 97
-16.334 22.122 1.527 106 119 102
-16.404 22.120 1.205 114 110 81
-16.503 22.121 1.361 163 141 104
-16.492 22.121 1.448 163 135 98
-16.367 22.121 1.340 165 143 104
-16.439 22.120 1.184 65 66 58
-16.435 22.121 1.474 161 133 94
-16.502 22.122 1.483 159 135 97
-16.346 22.121 1.393 160 138 97
-16.443 22.122 1.498 163 135 96
-16.525 22.121 1.406 154 141 109
-16.452 22.121 1.419 162 138 100
-16.396 22.120 1.300 33 34 16
-16.379 22.120 1.199 118 109 78
-16.508 22.121 1.364 164 140 102
-16.395 22.121 1.344 164 142 105
-16.411 22.121 1.402 163 140 98
-16.429 22.120 1.245 120 123 102
-16.505 22.121 1.379 161 139 100
-16.411 22.120 1.161 96 91 72
-16.397 22.120 1.246 120 124 101
-16.470 22.121 1.463 161 136 96
-16.342 22.122 1.525 105 122 106
-16.403 22.120 1.243 121 123 99
-16.472 22.120 1.254 131 136 114
-16.519 22.122 1.487 152 129 95
-16.322 22.121 1.396 163 139 103
-16.426 22.121 1.372 163 142 99
-16.431 22.121 1.322 167 144 103
-16.486 22.122 1.485 158 133 93
-16.526 22.122 1.486 159 144 115
-16.417 22.120 1.178 86 85 81
-16.463 22.122 1.512 105 124 104
-16.339 22.121 1.354 167 143 107
-16.291 22.122 1.521 116 128 106
-16.350 22.121 1.382 163 141 100
-16.423 22.120 1.314 168 146 105
-16.412 22.121 1.388 163 140 99
-16.288 22.121 1.475 157 146 118
-16.299 22.121 1.509 97 105 81
-16.381 22.120 1.308 165 147 111
-16.435 22.120 1.302 120 119 101
-16.469 22.120 1.256 80 83 72
-16.322 22.121 1.369 161 142 102
-16.444 22.120 1.187 30 30 18
-16.415 22.121 1.490 160 136 92
-16.429 22.121 1.437 159 137 98
-16.490 22.121 1.383 161 139 100
-16.371 22.121 1.388 158 139 96
-16.402 22.120 1.178 103 104 99
-16.441 22.120 1.279 160 161 145
-16.415 22.120 1.245 120 123 102
-16.304 22.121 1.438 158 139 97
-16.455 22.121 1.371 162 140 101
-16.497 22.121 1.371 159 139 102
-16.381 22.120 1.237 116 114 91
-16.344 22.121 1.499 161 139 102
-16.340 22.120 1.298 121 118 101
-16.328 22.121 1.494 163 139 93
-16.487 22.121 1.463 161 136 95
-16.493 22.121 1.381 159 140 100
-16.430 22.122 1.490 160 136 92
-16.410 22.121 1.461 160 137 96
-16.447 22.120 1.211 118 117 96
-16.474 22.121 1.418 158 139 97
-16.376 22.120 1.327 161 142 100
-16.423 22.121 1.482 160 135 94
-16.500 22.121 1.466 160 134 97
-16.512 22.122 1.524 103 110 103
-16.461 22.121 1.446 160 139 96
-16.384 22.121 1.430 162 138 100
-16.466 22.121 1.413 162 139 98
-16.445 22.121 1.472 161 136 95
-16.408 22.120 1.198 125 125 97
-16.361 22.121 1.473 164 140 96
-16.412 22.121 1.352 162 143 103
-16.527 22.121 1.388 151 140 118
-16.403 22.121 1.431 160 137 96
-16.487 22.121 1.345 166 142 108
-16.372 22.120 1.214 125 115 88
-16.382 22.120 1.246 125 123 100
-16.421 22.121 1.490 160 136 92
-16.475 22.121 1.409 162 137 97
-16.413 22.120 1.235 125 127 106
-16.446 22.120 1.283 161 160 142
-16.450 22.122 1.519 100 117 101
-16.383 22.121 1.457 163 138 97
-16.521 22.121 1.468 158 134 100
-16.443 22.120 1.277 162 163 147
-16.432 22.121 1.329 167 145 108
-16.375 22.120 1.305 165 147 111
-16.435 22.120 1.287 154 153 133
-16.465 22.120 1.268 59 61 48
-16.487 22.121 1.387 164 140 104
-16.433 22.120 1.146 79 82 61
-16.493 22.122 1.498 154 132 91
-16.480 22.121 1.405 165 137 98
-16.294 22.121 1.471 154 137 107
-16.416 22.120 1.235 125 127 106
-16.463 22.120 1.233 127 128 112
-16.381 22.120 1.250 124 125 107
-16.437 22.122 1.525 101 117 104
-16.514 22.121 1.424 165 137 98
-16.448 22.121 1.473 161 136 95
-16.521 22.122 1.482 156 133 99
-16.319 22.121 1.486 162 138 94
-16.427 22.120 1.314 166 147 107
-16.447 22.120 1.224 109 112 103
-16.431 22.120 1.261 65 67 54
-16.395 22.121 1.477 162 140 99
-16.523 22.122 1.479 148 129 97
-16.499 22.122 1.507 95 100 77
-16.337 22.120 1.326 162 143 101
-16.313 22.121 1.507 150 145 115
-16.479 22.121 1.352 163 140 106
-16.521 22.121 1.429 160 136 100
-16.340 22.121 1.497 164 142 93
-16.382 22.120 1.257 90 93 84
-16.436 22.121 1.369 163 140 98
-16.417 22.120 1.249 126 131 111
-16.465 22.121 1.310 164 148 112
-16.406 22.120 1.270 60 63 56
-16.411 22.122 1.523 104 122 110
-16.393 22.120 1.236 115 117 96
-16.369 22.121 1.497 168 139 99
-16.468 22.121 1.341 164 142 105
-16.447 22.121 1.469 159 134 94
-16.429 22.120 1.295 128 127 109
-16.387 22.120 1.255 138 140 126
-16.312 22.121 1.402 162 140 99
-16.427 22.121 1.398 164 141 100
-16.457 22.120 1.296 133 132 114
-16.427 22.120 1.166 95 92 75
-16.313 22.121 1.391 162 140 101
-16.484 22.121 1.322 167 144 103
-16.384 22.121 1.406 166 141 100
-16.469 22.120 1.298 40 39 21
-16.459 22.120 1.257 82 84 73
-16.382 22.120 1.318 162 144 104
-16.413 22.121 1.439 159 136 95
-16.423 22.120 1.156 100 95 75
-16.420 22.121 1.471 159 134 94
-16.425 22.122 1.502 128 113 82
-16.314 22.121 1.502 155 139 103
-16.526 22.122 1.487 156 141 112
-16.443 22.120 1.253 126 133 117
-16.474 22.121 1.344 164 142 103
-16.358 22.121 1.456 160 139 94
-16.433 22.120 1.158 102 97 75
-16.404 22.120 1.270 60 63 56
-16.505 22.121 1.379 161 139 100
-16.395 22.121 1.351 164 140 102
-16.426 22.120 1.261 56 59 48
-16.397 22.121 1.394 161 139 100
-16.468 22.121 1.417 161 139 98
-16.390 22.120 1.316 163 145 105
-16.405 22.121 1.335 163 145 105
-16.336 22.122 1.514 106 118 98
-16.357 22.121 1.466 163 139 95
-16.439 22.120 1.186 65 66 58
-16.487 22.121 1.362 163 140 106
-16.355 22.121 1.368 166 142 104
-16.315 22.121 1.488 164 140 96
-16.458 22.121 1.425 161 139 98
-16.451 22.120 1.289 156 155 137
-16.456 22.120 1.285 156 157 141
-16.405 22.121 1.325 171 147 103
-16.491 22.122 1.515 102 116 93
-16.345 22.120 1.335 166 144 103
-16.350 22.120 1.308 164 148 112
-16.367 22.120 1.211 121 111 84
-16.336 22.121 1.461 164 141 99
-16.363 22.121 1.487 162 138 94
-16.293 22.121 1.461 154 140 111
-16.368 22.121 1.462 164 141 97
-16.391 22.120 1.272 159 162 151
-16.317 22.121 1.481 160 135 94
-16.470 22.122 1.489 159 134 93
-16.378 22.120 1.224 97 100 89
-16.422 22.121 1.354 165 143 104
-16.492 22.122 1.503 123 120 89
-16.473 22.122 1.518 122 131 110
-16.343 22.120 1.326 166 147 104
-16.331 22.121 1.501 159 138 93
-16.323 22.121 1.409 163 142 99
-16.430 22.121 1.422 162 138 102
-16.395 22.120 1.189 30 34 19
-16.376 22.120 1.316 163 145 105
-16.402 22.122 1.510 124 124 98
-16.393 22.121 1.371 161 142 100
-16.401 22.120 1.234 127 130 113
-16.518 22.121 1.373 159 136 102
-16.434 22.120 1.211 119 123 100
-16.391 22.120 1.241 120 122 98
-16.459 22.120 1.308 165 149 115
-16.416 22.121 1.454 159 136 94
-16.420 22.122 1.527 105 121 108
-16.348 22.122 1.514 109 121 107
-16.436 22.120 1.267 51 53 42
-16.322 22.121 1.505 157 139 103
-16.504 22.122 1.525 136 144 133
-16.396 22.120 1.229 40 42 28
-16.521 22.121 1.406 154 138 104
-16.426 22.121 1.362 160 138 97
-16.397 22.120 1.309 161 145 112
-16.444 22.120 1.201 116 116 88
-16.519 22.121 1.380 157 134 100
-16.364 22.121 1.467 164 140 96
-16.473 22.121 1.427 156 137 94
-16.295 22.122 1.519 108 120 98
-16.341 22.121 1.476 163 137 100
-16.295 22.121 1.465 152 137 106
-16.372 22.120 1.258 85 86 78
-16.333 22.122 1.525 106 120 105
-16.403 22.121 1.450 158 135 93
-16.391 22.121 1.473 162 139 97
-16.293 22.121 1.488 156 143 111
-16.448 22.121 1.395 163 141 104
-16.358 22.121 1.424 161 139 98
-16.364 22.121 1.432 163 140 99
-16.381 22.120 1.206 121 108 74
-16.513 22.121 1.369 164 138 101
-16.330 22.122 1.527 106 119 102
-16.447 22.121 1.398 162 140 103
-16.525 22.121 1.403 153 142 110
-16.452 22.121 1.435 159 137 96
-16.399 22.121 1.400 164 139 98
-16.480 22.121 1.425 156 137 94
-16.480 22.121 1.349 160 141 99
-16.471 22.120 1.257 82 86 72
-16.368 22.121 1.396 159 141 95
-16.416 22.122 1.496 158 135 93
-16.408 22.120 1.219 54 52 37
-16.459 22.121 1.418 162 140 99
-16.404 22.121 1.427 159 137 98
-16.415 22.121 1.404 161 138 97
-16.441 22.120 1.273 166 167 153
-16.461 22.120 1.217 69 71 57
-16.505 22.121 1.395 161 139 100
-16.410 22.121 1.356 161 142 102
-16.472 22.120 1.299 37 36 16
-16.459 22.122 1.497 158 135 91
-16.436 22.121 1.425 162 138 102
-16.352 22.121 1.390 161 139 98
-16.418 22.120 1.273 146 147 141
-16.462 22.121 1.472 160 135 95
-16.316 22.121 1.397 164 140 104
-16.493 22.122 1.510 100 115 94
-16.403 22.121 1.347 164 142 101
-16.333 22.121 1.385 162 140 101
-16.378 22.120 1.212 133 124 95
-16.339 22.121 1.472 162 138 100
-16.406 22.120 1.224 83 85 74
-16.348 22.121 1.448 163 140 96
-16.369 22.121 1.462 163 140 98
-16.317 22.121 1.479 160 135 94
-16.470 22.121 1.432 159 138 95
-16.318 22.121 1.510 119 121 99
-16.484 22.120 1.303 170 155 124
-16.454 22.121 1.332 167 143 107
-16.475 22.122 1.515 124 136 116
-16.400 22.121 1.411 162 139 98
-16.436 22.121 1.320 165 143 104
-16.474 22.121 1.340 164 142 105
-16.522 22.121 1.403 156 140 106
-16.419 22.121 1.479 159 134 93
-16.420 22.121 1.483 160 135 94
-16.340 22.120 1.298 35 33 18
-16.431 22.120 1.148 107 109 87
-16.510 22.121 1.395 163 139 101
-16.486 22.122 1.487 156 131 91
-16.378 22.121 1.472 162 139 97
-16.347 22.121 1.389 160 138 97
-16.474 22.120 1.279 161 163 150
-16.497 22.121 1.450 161 135 100
-16.520 22.121 1.411 159 136 102
-16.327 22.121 1.438 165 142 98
-16.472 22.121 1.365 162 140 103
-16.404 22.121 1.360 161 142 102
-16.384 22.120 1.225 98 104 94
-16.488 22.121 1.336 165 143 106
-16.441 22.122 1.515 101 119 105
-16.453 22.120 1.242 125 127 103
-16.411 22.120 1.206 116 113 82
-16.314 22.121 1.435 162 141 96
-16.353 22.121 1.421 159 137 96
-16.352 22.121 1.343 166 142 104
-16.319 22.122 1.519 107 121 108
-16.393 22.120 1.187 27 31 16
-16.449 22.120 1.280 156 157 141
-16.353 22.120 1.256 145 146 128
-16.432 22.120 1.250 116 125 108
-16.375 22.122 1.518 102 120 106
-16.385 22.121 1.421 160 134 97
-16.520 22.121 1.445 159 133 96
-16.520 22.121 1.389 162 139 105
-16.415 22.120 1.152 115 110 91
-16.346 22.121 1.496 161 138 94
-16.400 22.121 1.396 161 139 100
-16.369 22.122 1.522 104 120 109
-16.330 22.121 1.442 164 140 96
-16.366 22.121 1.416 163 140 99
-16.393 22.121 1.331 164 145 105
-16.463 22.121 1.314 165 147 109
-16.464 22.122 1.511 105 124 104
-16.412 22.121 1.362 162 140 99
-16.428 22.121 1.385 163 140 98
-16.417 22.120 1.298 33 31 16
-16.378 22.121 1.419 166 141 101
-16.331 22.121 1.396 165 141 105
-16.453 22.121 1.396 163 141 104
-16.355 22.121 1.392 163 141 100
-16.486 22.121 1.381 162 138 102
-16.322 22.121 1.437 164 141 97
-16.354 22.121 1.494 165 142 98
-16.344 22.121 1.474 163 139 95
-16.330 22.121 1.437 165 141 97
-16.325 22.121 1.430 162 139 95
-16.464 22.121 1.447 160 135 95
-16.328 22.121 1.472 163 140 99
-16.440 22.120 1.195 133 135 113
-16.396 22.120 1.263 127 133 121
-16.490 22.122 1.479 161 137 93
-16.410 22.120 1.292 161 162 144
-16.354 22.121 1.388 161 139 98
-16.403 22.120 1.264 128 131 122
-16.365 22.122 1.505 122 115 86
-16.447 22.120 1.236 128 130 109
-16.470 22.120 1.308 163 147 114
-16.363 22.120 1.261 57 59 48
-16.327 22.121 1.484 163 139 95
-16.500 22.122 1.508 107 118 101
-16.496 22.121 1.382 159 140 100
-16.397 22.119 1.152 109 101 88
-16.412 22.121 1.411 163 140 99
-16.413 22.121 1.434 161 138 97
-16.349 22.122 1.511 121 123 101
-16.463 22.120 1.215 117 116 98
-16.431 22.120 1.296 121 120 100
-16.472 22.122 1.507 102 106 81
-16.397 22.119 1.151 109 101 88
-16.349 22.120 1.288 143 136 118
-16.442 22.120 1.286 154 153 135
-16.435 22.120 1.171 99 96 87
-16.352 22.121 1.453 161 140 95
-16.375 22.120 1.279 135 136 120
-16.413 22.121 1.456 159 136 94
-16.384 22.121 1.436 163 140 99
-16.331 22.121 1.460 161 138 96
-16.422 22.120 1.196 121 121 97
-16.445 22.121 1.388 159 137 100
-16.490 22.122 1.482 161 136 95
-16.390 22.121 1.395 162 139 98
-16.426 22.121 1.466 160 135 95
-16.423 22.120 1.185 75 75 65
-16.402 22.120 1.295 152 154 133
-16.504 22.122 1.483 159 135 99
-16.447 22.122 1.522 103 117 102
-16.367 22.120 1.255 140 139 119
-16.527 22.121 1.429 150 138 112
-16.395 22.120 1.247 118 123 101
-16.407 22.120 1.285 154 157 140
-16.499 22.121 1.340 164 142 105
-16.443 22.120 1.234 140 143 126
-16.511 22.121 1.336 161 139 102
-16.360 22.120 1.270 64 62 49
-16.336 22.122 1.518 104 122 108
-16.389 22.121 1.369 161 142 102
-16.489 22.121 1.444 160 137 96
-16.432 22.122 1.504 120 106 80
-16.427 22.121 1.382 163 140 98
-16.439 22.122 1.505 110 103 84
-16.398 22.122 1.524 103 121 107
-16.506 22.121 1.462 160 134 97
-16.484 22.121 1.429 157 138 95
-16.421 22.121 1.450 161 138 96
-16.442 22.120 1.205 120 119 88
-16.388 22.119 1.144 68 66 51
-16.471 22.120 1.247 117 121 96
-16.524 22.121 1.407 154 141 109
-16.418 22.121 1.371 162 141 98
-16.435 22.121 1.444 157 138 96
-16.367 22.120 1.237 120 114 90
-16.444 22.120 1.201 116 116 88
-16.413 22.121 1.406 161 138 97
-16.423 22.121 1.478 159 134 94
-16.445 22.120 1.247 123 128 106
-16.453 22.121 1.396 163 141 104
-16.325 22.121 1.486 163 139 95
-16.516 22.122 1.478 154 130 94
-16.310 22.121 1.425 161 139 98
-16.479 22.122 1.491 161 136 96
-16.391 22.120 1.162 104 97 79
-16.388 22.121 1.465 162 139 97
-16.359 22.120 1.284 144 138 122
-16.442 22.120 1.221 124 127 116
-16.415 22.120 1.218 67 68 54
-16.496 22.121 1.440 159 135 97
-16.382 22.121 1.467 162 139 97
-16.295 22.121 1.446 153 138 105
-16.413 22.120 1.313 164 145 105
-16.492 22.121 1.423 163 140 98
-16.336 22.121 1.425 160 137 93
-16.445 22.120 1.247 123 128 106
-16.470 22.120 1.306 164 149 116
-16.457 22.121 1.316 167 148 108
-16.476 22.121 1.371 163 139 103
-16.342 22.121 1.379 162 140 99
-16.418 22.122 1.503 121 106 73
-16.466 22.122 1.515 129 144 125
-16.457 22.121 1.397 164 140 104
-16.376 22.121 1.361 162 145 102
-16.343 22.121 1.414 162 141 98
-16.396 22.121 1.495 165 138 95
-16.412 22.121 1.485 161 136 95
-16.434 22.120 1.190 92 91 71
-16.387 22.121 1.348 162 143 103
-16.446 22.121 1.352 163 144 102
-16.433 22.121 1.323 166 143 102
-16.353 22.122 1.519 107 121 108
-16.377 22.121 1.414 164 139 99
-16.447 22.121 1.433 158 136 95
-16.523 22.121 1.416 154 135 103
-16.437 22.121 1.405 159 140 98
-16.479 22.121 1.463 162 137 97
-16.385 22.120 1.196 118 111 83
-16.434 22.120 1.259 61 63 50
-16.405 22.120 1.198 125 125 97
-16.392 22.120 1.161 104 97 79
-16.358 22.121 1.364 164 142 101
-16.522 22.121 1.445 158 136 99
-16.418 22.121 1.337 160 142 102
-16.433 22.120 1.180 101 100 96
-16.399 22.121 1.467 160 138 97
-16.352 22.120 1.266 44 44 32
-16.413 22.122 1.522 104 122 110
-16.396 22.120 1.232 128 131 114
-16.433 22.120 1.229 57 59 48
-16.335 22.121 1.363 164 140 102
-16.427 22.120 1.264 132 134 123
-16.473 22.120 1.294 172 173 155
-16.358 22.120 1.297 117 114 97
-16.399 22.121 1.369 159 140 98
-16.512 22.121 1.431 165 137 98
-16.501 22.121 1.460 160 134 97
-16.395 22.121 1.450 158 135 93
-16.418 22.122 1.513 112 119 101
-16.426 22.121 1.327 171 148 107
-16.436 22.120 1.149 115 117 95
-16.484 22.121 1.375 163 139 103
-16.323 22.121 1.507 140 133 104
-16.384 22.121 1.429 162 138 100
-16.381 22.121 1.470 163 140 98
-16.406 22.120 1.258 92 95 84
-16.420 22.122 1.523 102 118 107
-16.477 22.122 1.505 89 91 69
-16.369 22.121 1.336 164 145 103
-16.423 22.121 1.347 166 145 102
-16.410 22.121 1.453 160 137 95
-16.377 22.120 1.249 123 121 100
-16.408 22.120 1.183 149 150 144
-16.357 22.121 1.340 166 144 105
-16.504 22.121 1.358 163 141 104
-16.465 22.120 1.246 116 118 94
-16.454 22.121 1.347 162 142 105
-16.313 22.121 1.402 162 140 99
-16.314 22.121 1.506 150 145 115
-16.440 22.121 1.344 165 143 106
-16.402 22.121 1.347 164 142 103
-16.429 22.121 1.363 162 140 99
-16.295 22.121 1.486 155 139 106
-16.470 22.120 1.249 117 121 96
-16.448 22.121 1.354 164 145 103
-16.409 22.120 1.236 125 127 106
-16.382 22.122 1.505 125 122 89
-16.376 22.120 1.293 152 151 133
-16.485 22.121 1.352 163 140 106
-16.404 22.120 1.297 103 104 86
-16.309 22.121 1.477 164 139 98
-16.466 22.120 1.252 121 126 104
-16.418 22.120 1.155 100 93 75
-16.340 22.120 1.333 166 145 102
-16.425 22.122 1.525 103 119 106
-16.288 22.121 1.507 149 148 118
-16.382 22.120 1.268 57 59 46
-16.449 22.121 1.462 162 134 95
-16.280 22.121 1.504 110 109 79
-16.520 22.121 1.371 160 137 103
-16.285 22.121 1.506 144 143 113
-16.403 22.120 1.273 149 152 143
-16.483 22.121 1.362 163 140 106
-16.384 22.120 1.319 163 144 104
-16.416 22.120 1.164 101 98 81
-16.438 22.121 1.395 163 138 98
-16.369 22.120 1.297 127 124 107
-16.306 22.121 1.415 160 138 99
-16.402 22.121 1.476 159 137 96
-16.424 22.121 1.392 164 141 100
-16.467 22.120 1.288 160 161 145
-16.486 22.121 1.390 163 139 101
-16.437 22.121 1.327 166 142 106
-16.514 22.121 1.464 160 134 97
-16.427 22.121 1.376 161 138 96
-16.374 22.121 1.353 161 144 101
-16.481 22.121 1.467 162 137 97
-16.516 22.121 1.457 160 134 97
-16.490 22.121 1.362 164 142 105
-16.444 22.121 1.339 165 141 107
-16.396 22.121 1.481 160 137 95
-16.427 22.121 1.433 159 137 98
-16.338 22.121 1.470 162 138 100
-16.407 22.121 1.399 162 138 100
-16.352 22.120 1.282 142 135 119
-16.402 22.120 1.321 170 145 104
-16.368 22.121 1.465 163 140 98
-16.509 22.121 1.412 162 136 99
-16.463 22.120 1.305 165 150 117
-16.411 22.120 1.264 133 136 127
-16.326 22.121 1.474 164 141 100
-16.422 22.120 1.262 53 56 45
-16.478 22.121 1.360 163 140 106
-16.343 22.121 1.406 161 142 99
-16.505 22.121 1.347 164 142 103
-16.307 22.121 1.461 163 140 99
-16.418 22.120 1.242 120 122 100
-16.425 22.121 1.451 159 138 95
-16.282 22.121 1.492 137 133 106
-16.447 22.120 1.307 163 147 111
-16.362 22.121 1.459 163 140 96
-16.483 22.121 1.477 158 133 93
-16.430 22.121 1.468 163 135 96
-16.442 22.121 1.472 160 135 94
-16.467 22.122 1.525 98 109 93
-16.436 22.121 1.428 162 138 102
-16.460 22.121 1.404 162 136 99
-16.325 22.121 1.502 164 141 99
-16.297 22.121 1.503 154 146 109
-16.338 22.121 1.385 163 141 102
-16.437 22.121 1.408 159 140 100
-16.390 22.121 1.450 164 136 96
-16.421 22.120 1.279 143 143 131
-16.404 22.121 1.377 162 140 99
-16.405 22.121 1.401 163 138 97
-16.330 22.121 1.382 162 140 101
-16.412 22.120 1.221 108 110 97
-16.459 22.120 1.254 136 144 123
-16.484 22.121 1.395 162 136 99
-16.455 22.121 1.358 161 142 102
-16.407 22.121 1.436 161 138 97
-16.470 22.120 1.286 160 161 145
-16.467 22.121 1.162 107 107 83
-16.519 22.123 1.185 42 42 34
-16.524 22.121 1.345 157 141 116
-16.465 22.121 1.146 135 132 113
-16.508 22.121 1.266 38 35 18
-16.490 22.121 1.255 108 106 93
-16.501 22.121 1.270 136 133 114
-16.478 22.121 1.183 33 31 18
-16.522 22.121 1.359 156 137 105
-16.500 22.122 1.190 143 142 122
-16.527 22.123 1.227 64 70 56
-16.493 22.121 1.268 135 134 116
-16.478 22.122 1.145 130 128 107
-16.513 22.121 1.300 102 97 78
-16.487 22.122 1.149 119 114 92
-16.516 22.121 1.299 104 99 80
-16.506 22.123 1.178 130 126 123
-16.465 22.120 1.188 94 95 79
-16.521 22.122 1.295 50 47 30
-16.464 22.120 1.188 94 95 79
-16.491 22.122 1.184 32 33 17
-16.526 22.123 1.200 55 54 36
-16.477 22.121 1.208 156 151 129
-16.512 22.122 1.209 146 140 118
-16.502 22.122 1.214 131 126 107
-16.514 22.123 1.204 144 140 111
-16.483 22.121 1.211 162 160 139
-16.465 22.120 1.184 35 35 23
-16.512 22.122 1.222 140 140 128
-16.524 22.121 1.359 153 139 110
-16.514 22.123 1.183 44 41 36
-16.490 22.122 1.167 118 117 99
-16.525 22.121 1.362 153 139 110
-16.456 22.120 1.184 69 69 59
-16.524 22.124 1.153 124 123 103
-16.515 22.121 1.328 167 144 113
-16.503 22.122 1.189 135 132 115
-16.506 22.121 1.276 145 144 116
-16.506 22.122 1.186 40 37 30
-16.505 22.121 1.284 146 144 123
-16.477 22.120 1.230 57 58 44
-16.517 22.124 1.143 61 63 39
-16.465 22.120 1.194 125 125 101
-16.511 22.121 1.307 169 146 114
-16.527 22.121 1.347 151 141 116
-16.496 22.121 1.257 36 33 24
-16.481 22.121 1.178 162 159 150
-16.484 22.120 1.251 115 119 96
-16.451 22.120 1.139 92 91 73
-16.467 22.120 1.193 143 143 119
-16.514 22.123 1.153 122 123 91
-16.522 22.121 1.358 156 137 105
-16.525 22.122 1.279 48 49 35
-16.499 22.122 1.215 127 122 103
-16.506 22.122 1.243 141 137 102
-16.511 22.123 1.144 103 103 75
-16.525 22.122 1.284 40 40 30
-16.448 22.120 1.157 104 101 82
-16.480 22.121 1.202 144 140 113
-16.470 22.120 1.214 131 130 112
-16.527 22.122 1.310 156 144 120
-16.508 22.123 1.139 134 133 112
-16.510 22.123 1.168 96 94 79
-16.501 22.121 1.241 141 137 100
-16.466 22.120 1.197 135 133 108
-16.515 22.123 1.196 147 145 122
-16.520 22.124 1.150 117 117 91
-16.519 22.122 1.256 41 41 33
-16.517 22.122 1.273 156 155 134
-16.466 22.120 1.189 94 92 77
-16.506 22.121 1.268 134 132 111
-16.485 22.122 1.167 117 116 98
-16.509 22.122 1.212 151 146 126
-16.487 22.122 1.171 65 66 52
-16.527 22.123 1.258 84 88 74
-16.523 22.121 1.366 158 139 107
-16.507 22.122 1.239 140 135 103
-16.497 22.121 1.280 160 159 141
-16.494 22.121 1.260 107 105 93
-16.473 22.120 1.230 63 64 50
-16.494 22.121 1.245 142 139 108
-16.464 22.120 1.184 35 35 23
-16.495 22.122 1.178 140 140 130
-16.446 22.120 1.140 58 57 39
-16.492 22.122 1.143 60 57 38
-16.473 22.120 1.221 93 95 84
-16.444 22.120 1.146 90 89 71
-16.513 22.122 1.260 106 102 93
-16.471 22.120 1.219 51 52 38
-16.527 22.122 1.321 154 142 120
-16.523 22.123 1.214 62 65 46
-16.517 22.121 1.315 162 141 112
-16.519 22.121 1.341 163 140 109
-16.498 22.121 1.255 36 33 24
-16.463 22.120 1.189 94 95 79
-16.490 22.121 1.230 128 127 107
-16.515 22.123 1.186 44 41 36
-16.517 22.122 1.281 150 148 125
