-8.123 22.090 1.504 125 117 80
-8.218 22.090 1.455 143 119 75
-8.085 22.091 1.375 149 128 83
-8.189 22.090 1.391 152 127 86
-8.208 22.090 1.429 148 123 83
-8.098 22.090 1.502 151 136 93
-8.177 22.090 1.436 147 119 79
-8.176 22.090 1.417 144 121 79
-8.125 22.090 1.527 100 108 95
-8.280 22.090 1.402 146 118 81
-8.165 22.090 1.500 145 117 77
-8.291 22.090 1.382 144 119 79
-8.145 22.090 1.512 95 105 78
-8.208 22.090 1.386 148 124 80
-8.118 22.090 1.475 161 129 88
-8.205 22.090 1.412 147 123 79
-8.081 22.090 1.510 121 124 95
-8.108 22.090 1.526 99 107 94
-8.132 22.090 1.353 148 124 80
-8.229 22.090 1.422 146 122 78
-8.141 22.090 1.454 141 118 76
-8.268 22.090 1.439 142 115 72
-8.127 22.090 1.379 152 129 88
-8.182 22.090 1.485 144 119 78
-8.281 22.090 1.407 145 117 80
-8.238 22.090 1.411 148 124 80
-8.108 22.090 1.495 153 130 86
-8.107 22.090 1.532 97 108 91
-8.142 22.090 1.470 146 121 80
-8.100 22.090 1.459 156 127 85
-8.132 22.090 1.470 146 118 79
-8.200 22.090 1.485 143 118 77
-8.095 22.090 1.468 157 128 86
-8.114 22.090 1.539 98 113 90
-8.117 22.090 1.531 94 111 92
-8.194 22.090 1.461 143 119 75
-8.109 22.090 1.380 147 123 85
-8.126 22.090 1.455 127 105 66
-8.287 22.090 1.415 144 119 79
-8.224 22.090 1.392 145 121 77
-8.242 22.090 1.432 145 121 77
-8.186 22.090 1.491 145 120 80
-8.168 22.090 1.369 146 123 79
-8.089 22.090 1.468 154 131 90
-8.276 22.090 1.441 144 117 74
-8.275 22.090 1.400 145 121 77
-8.134 22.090 1.466 146 121 81
-8.105 22.090 1.373 145 122 80
-8.122 22.090 1.380 153 129 91
-8.095 22.090 1.404 150 125 84
-8.092 22.091 1.367 147 125 76
-8.127 22.090 1.435 149 124 83
-8.126 22.090 1.533 95 109 92
-8.202 22.090 1.457 140 116 72
-8.191 22.090 1.387 147 122 81
-8.170 22.090 1.390 149 125 81
-8.289 22.090 1.385 144 119 79
-8.216 22.090 1.373 144 119 78
-8.214 22.090 1.405 144 120 74
-8.136 22.090 1.476 149 121 81
-8.268 22.090 1.430 149 121 81
-8.184 22.090 1.386 149 125 81
-8.153 22.090 1.391 150 123 78
-8.084 22.090 1.508 114 109 79
-8.275 22.090 1.396 145 121 77
-8.138 22.090 1.389 148 123 82
-8.159 22.090 1.473 145 120 79
-8.140 22.090 1.480 147 120 77
-8.142 22.090 1.411 149 124 83
-8.290 22.090 1.428 144 121 79
-8.207 22.090 1.459 145 121 77
-8.276 22.090 1.399 144 120 76
-8.117 22.090 1.443 147 119 79
-8.224 22.090 1.377 144 119 78
-8.291 22.090 1.384 144 119 79
-8.216 22.090 1.384 151 126 85
-8.201 22.090 1.434 141 118 76
-8.199 22.090 1.435 143 120 78
-8.191 22.090 1.403 145 120 79
-8.256 22.090 1.438 139 116 74
-8.213 22.090 1.430 147 122 82
-8.170 22.090 1.471 143 118 77
-8.189 22.090 1.450 145 121 77
-8.231 22.090 1.374 148 123 82
-8.083 22.090 1.395 149 128 83
-8.174 22.090 1.405 145 122 80
-8.175 22.090 1.510 99 100 69
-8.129 22.090 1.537 101 113 93
-8.253 22.090 1.457 135 110 70
-8.169 22.090 1.461 143 119 75
-8.094 22.090 1.503 154 136 96
-8.117 22.090 1.440 148 120 80
-8.175 22.090 1.382 148 124 80
-8.191 22.090 1.488 142 117 77
-8.207 22.090 1.423 145 120 80
-8.151 22.090 1.508 95 96 64
-8.117 22.090 1.356 153 126 79
-8.228 22.090 1.458 140 115 74
-8.263 22.090 1.435 146 121 80
-8.257 22.090 1.393 147 123 79
-8.258 22.090 1.409 146 123 79
-8.256 22.090 1.457 139 114 74
-8.168 22.090 1.483 144 119 78
-8.117 22.090 1.502 155 133 94
-8.179 22.090 1.472 144 119 78
-8.189 22.090 1.379 147 123 79
-8.107 22.090 1.379 147 123 85
-8.112 22.090 1.453 140 116 70
-8.165 22.090 1.435 147 122 81
-8.163 22.090 1.443 144 121 79
-8.274 22.090 1.374 142 117 77
-8.088 22.090 1.413 149 122 79
-8.172 22.090 1.387 151 127 83
-8.142 22.090 1.458 143 118 77
-8.142 22.090 1.398 147 123 77
-8.225 22.090 1.385 144 119 78
-8.158 22.090 1.391 149 125 79
-8.128 22.090 1.533 95 109 92
-8.142 22.090 1.524 101 106 99
-8.267 22.090 1.434 146 118 78
-8.122 22.090 1.495 156 129 84
-8.241 22.090 1.446 145 120 80
-8.250 22.090 1.427 144 120 74
-8.251 22.090 1.423 145 121 75
-8.179 22.090 1.475 146 121 80
-8.135 22.090 1.535 96 110 93
-8.172 22.090 1.440 143 118 77
-8.133 22.090 1.536 96 110 93
-8.140 22.090 1.408 139 114 73
-8.106 22.090 1.395 152 128 92
-8.225 22.090 1.417 144 120 76
-8.232 22.090 1.416 145 121 77
-8.126 22.090 1.358 152 125 80
-8.208 22.090 1.401 149 125 79
-8.080 22.090 1.537 125 131 105
-8.084 22.090 1.540 107 112 90
-8.129 22.090 1.490 158 129 85
-8.173 22.090 1.369 147 124 80
-8.216 22.090 1.420 148 123 82
-8.183 22.090 1.489 145 120 80
-8.233 22.090 1.404 144 120 76
-8.086 22.090 1.425 145 120 79
-8.141 22.090 1.474 150 123 80
-8.098 22.090 1.442 152 125 82
-8.204 22.090 1.431 147 122 82
-8.116 22.090 1.469 159 127 86
-8.107 22.090 1.484 153 130 86
-8.152 22.090 1.466 145 121 75
-8.094 22.090 1.388 149 127 80
-8.184 22.090 1.457 147 123 79
-8.089 22.090 1.443 155 133 94
-8.127 22.090 1.503 152 133 93
-8.126 22.090 1.452 140 118 79
-8.253 22.090 1.434 147 124 83
-8.223 22.090 1.415 144 120 76
-8.267 22.090 1.407 145 117 77
-8.180 22.090 1.430 145 120 79
-8.157 22.090 1.398 147 123 77
-8.131 22.090 1.376 148 123 82
-8.248 22.090 1.389 145 121 77
-8.095 22.090 1.515 105 113 92
-8.086 22.090 1.460 146 128 90
-8.195 22.090 1.480 143 118 77
-8.101 22.090 1.371 148 125 81
-8.130 22.090 1.391 147 124 83
-8.243 22.090 1.429 145 121 77
-8.113 22.090 1.543 95 104 83
-8.218 22.090 1.384 149 124 83
-8.170 22.090 1.468 145 120 79
-8.103 22.090 1.538 101 115 92
-8.086 22.090 1.496 150 128 91
-8.210 22.090 1.488 143 115 78
-8.186 22.090 1.444 148 123 82
-8.103 22.090 1.527 99 110 96
-8.084 22.090 1.419 149 126 85
-8.132 22.090 1.446 140 115 74
-8.219 22.090 1.453 145 122 78
-8.132 22.090 1.498 156 128 88
-8.140 22.090 1.443 144 119 78
-8.114 22.090 1.538 98 113 90
-8.130 22.090 1.470 152 124 85
-8.089 22.090 1.535 101 113 91
-8.235 22.090 1.459 143 120 79
-8.181 22.090 1.370 147 123 79
-8.172 22.090 1.359 146 123 81
-8.192 22.090 1.489 142 117 77
-8.138 22.090 1.473 149 121 81
-8.180 22.090 1.442 149 121 81
-8.094 22.090 1.441 154 127 84
-8.246 22.090 1.428 144 120 76
-8.083 22.090 1.469 150 136 101
-8.104 22.090 1.440 149 125 79
-8.269 22.090 1.407 145 117 77
-8.143 22.090 1.439 144 119 78
-8.113 22.090 1.365 149 125 79
-8.149 22.090 1.501 149 125 87
-8.147 22.090 1.449 143 119 75
-8.230 22.090 1.414 143 119 75
-8.144 22.090 1.400 146 122 76
-8.182 22.090 1.448 147 119 79
-8.239 22.090 1.460 142 119 78
-8.108 22.090 1.470 162 129 86
-8.154 22.090 1.362 152 128 84
-8.294 22.090 1.413 139 118 75
-8.119 22.090 1.429 149 124 83
-8.245 22.090 1.389 144 120 76
-8.259 22.090 1.437 138 115 73
-8.185 22.090 1.498 150 119 73
-8.267 22.090 1.377 144 119 79
-8.181 22.090 1.491 145 120 80
-8.097 22.090 1.514 103 111 90
-8.245 22.090 1.435 142 117 76
-8.091 22.090 1.529 97 112 93
-8.081 22.090 1.452 145 132 97
-8.085 22.090 1.508 114 109 79
-8.193 22.090 1.468 146 121 80
-8.133 22.090 1.514 98 111 91
-8.192 22.090 1.449 146 121 80
-8.169 22.090 1.405 147 122 81
-8.133 22.090 1.407 148 125 83
-8.248 22.090 1.451 142 116 79
-8.119 22.090 1.532 95 110 91
-8.220 22.090 1.422 146 121 80
-8.190 22.090 1.486 142 117 76
-8.148 22.090 1.438 148 123 82
-8.246 22.090 1.398 144 120 74
-8.243 22.090 1.404 146 121 80
-8.222 22.090 1.386 147 123 79
-8.183 22.090 1.397 145 121 77
-8.105 22.090 1.517 101 109 94
-8.294 22.090 1.422 144 123 80
-8.155 22.090 1.479 141 117 71
-8.189 22.090 1.450 145 121 77
-8.101 22.090 1.444 149 122 79
-8.275 22.090 1.429 149 120 80
-8.134 22.090 1.363 151 127 83
-8.124 22.090 1.377 149 124 84
-8.142 22.090 1.417 145 120 79
-8.094 22.090 1.397 149 126 82
-8.271 22.090 1.414 146 118 79
-8.092 22.090 1.502 151 133 93
-8.126 22.090 1.364 150 126 82
-8.234 22.090 1.396 145 121 75
-8.203 22.090 1.434 141 118 76
-8.111 22.090 1.354 151 124 77
-8.213 22.090 1.421 147 122 81
-8.197 22.090 1.475 147 122 81
-8.109 22.090 1.415 149 126 84
-8.080 22.090 1.433 146 135 103
-8.200 22.090 1.403 150 122 82
-8.090 22.090 1.398 148 126 79
-8.235 22.090 1.373 146 121 80
-8.109 22.090 1.401 149 129 94
-8.284 22.090 1.374 148 122 85
-8.228 22.090 1.449 142 119 77
-8.254 22.090 1.419 144 121 79
-8.200 22.090 1.393 148 123 82
-8.271 22.090 1.389 147 122 81
-8.080 22.090 1.453 144 135 102
-8.085 22.090 1.539 104 112 91
-8.085 22.091 1.349 150 127 83
-8.192 22.090 1.366 149 122 79
-8.144 22.090 1.366 148 124 80
-8.216 22.090 1.392 144 120 76
-8.193 22.090 1.403 145 120 79
-8.138 22.090 1.492 154 125 81
-8.162 22.090 1.499 146 118 78
-8.177 22.090 1.386 146 122 78
-8.255 22.090 1.425 145 122 81
-8.205 22.090 1.420 146 121 80
-8.151 22.090 1.417 147 122 81
-8.131 22.090 1.442 144 119 78
-8.232 22.090 1.377 146 121 80
-8.283 22.090 1.396 146 121 80
-8.157 22.090 1.450 141 117 73
-8.088 22.090 1.421 147 123 79
-8.290 22.090 1.412 142 119 77
-8.089 22.090 1.542 103 111 90
-8.122 22.090 1.485 155 126 84
-8.190 22.090 1.491 142 117 77
-8.154 22.090 1.474 143 119 73
-8.081 22.090 1.536 125 131 105
-8.086 22.090 1.536 103 113 89
-8.090 22.090 1.510 103 106 79
-8.119 22.090 1.361 151 127 81
-8.116 22.090 1.454 141 117 73
-8.151 22.090 1.398 149 122 75
-8.164 22.090 1.367 147 124 82
-8.096 22.090 1.380 150 128 81
-8.243 22.090 1.451 142 116 79
-8.113 22.090 1.423 147 124 82
-8.146 22.090 1.467 147 123 79
-8.079 22.091 1.348 138 125 83
-8.127 22.090 1.420 146 123 81
-8.281 22.090 1.385 145 120 80
-8.266 22.090 1.390 146 121 80
-8.282 22.090 1.398 146 122 78
-8.096 22.090 1.463 159 130 86
-8.183 22.090 1.371 146 122 78
-8.198 22.090 1.409 148 120 80
-8.097 22.090 1.502 151 136 93
-8.173 22.090 1.450 143 119 75
-8.279 22.090 1.470 149 121 84
-8.240 22.090 1.529 100 108 95
-8.201 22.090 1.530 95 107 93
-8.209 22.090 1.506 130 119 89
-8.232 22.090 1.497 147 114 69
-8.231 22.090 1.516 95 107 87
-8.162 22.090 1.540 94 108 93
-8.273 22.089 1.508 100 99 71
-8.235 22.090 1.506 127 117 82
-8.160 22.090 1.523 95 111 98
-8.206 22.090 1.494 145 119 86
-8.278 22.090 1.469 147 119 80
-8.273 22.090 1.453 146 118 79
-8.279 22.090 1.466 143 115 76
-8.230 22.090 1.540 93 105 93
-8.222 22.090 1.503 139 120 80
-8.167 22.090 1.518 90 107 91
-8.231 22.090 1.522 94 106 92
-8.282 22.090 1.458 142 116 79
-8.147 22.090 1.531 95 109 94
-8.263 22.089 1.510 98 94 67
-8.209 22.090 1.532 95 108 91
-8.248 22.090 1.484 141 116 76
-8.281 22.090 1.470 149 121 84
-8.187 22.090 1.536 95 108 91
-8.296 22.089 1.477 142 118 80
-8.192 22.090 1.531 95 108 91
-8.277 22.089 1.521 131 142 128
-8.269 22.089 1.511 99 98 70
-8.190 22.090 1.542 93 110 94
-8.265 22.090 1.492 143 115 76
-8.249 22.089 1.544 89 100 84
-8.273 22.090 1.451 146 118 79
-8.255 22.090 1.484 144 119 79
-8.280 22.089 1.499 143 114 72
-8.275 22.089 1.512 81 86 64
-8.197 22.090 1.503 145 116 74
-8.188 22.090 1.509 121 111 76
-8.168 22.090 1.517 97 112 93
-8.279 22.090 1.456 146 118 81
-8.278 22.089 1.500 145 120 80
-8.185 22.090 1.538 95 109 92
-8.259 22.090 1.481 141 116 76
-8.293 22.090 1.451 142 118 80
-8.286 22.090 1.462 141 115 78
-8.254 22.090 1.484 142 117 77
-8.211 22.090 1.537 93 107 90
-8.279 22.089 1.530 133 141 126
-8.270 22.089 1.511 83 86 65
-8.247 22.090 1.482 141 116 76
-8.281 22.090 1.482 145 117 80
-8.243 22.090 1.520 92 105 88
-8.266 22.089 1.502 144 116 77
-8.240 22.089 1.535 103 111 98
-8.172 22.090 1.525 94 108 93
-8.249 22.090 1.491 143 116 73
-8.199 22.090 1.540 91 107 94
-8.232 22.090 1.495 145 118 75
-8.190 22.090 1.531 95 108 91
-8.290 22.089 1.501 140 115 75
-8.274 22.089 1.522 131 142 128
-8.285 22.089 1.490 142 116 79
-8.174 22.090 1.530 93 106 89
-8.277 22.090 1.488 145 117 78
-8.213 22.090 1.502 147 117 79
-8.250 22.089 1.531 135 143 128
-8.157 22.090 1.528 97 111 98
-8.180 22.090 1.511 103 104 73
-8.255 22.090 1.463 142 117 77
-8.277 22.089 1.519 89 100 84
-8.213 22.090 1.541 93 110 92
-8.279 22.089 1.531 133 141 126
-8.192 22.090 1.543 93 110 94
-8.265 22.090 1.472 146 118 79
-8.287 22.089 1.502 141 116 76
-8.295 22.090 1.456 140 116 78
-8.285 22.090 1.444 143 118 77
-8.204 22.090 1.496 144 119 79
-8.228 22.090 1.486 143 116 73
-8.290 22.089 1.535 92 105 88
-8.278 22.090 1.457 145 117 78
-8.164 22.090 1.531 94 106 92
-8.294 22.089 1.520 92 104 90
-8.281 22.089 1.493 147 119 82
-8.172 22.090 1.515 91 101 76
-8.220 22.090 1.536 93 107 92
-8.170 22.090 1.545 94 104 80
-8.288 22.089 1.520 94 107 90
-8.290 22.089 1.538 92 106 89
-8.221 22.090 1.485 142 114 74
-8.162 22.090 1.536 95 107 93
-8.185 22.090 1.526 95 109 92
-8.175 22.090 1.528 94 107 90
-8.193 22.090 1.508 124 114 79
-8.289 22.090 1.451 144 120 82
-8.278 22.090 1.477 147 119 80
-8.181 22.090 1.535 95 108 91
-8.226 22.090 1.545 95 104 85
-8.285 22.089 1.542 94 108 91
-8.151 22.090 1.536 94 111 95
-8.268 22.090 1.491 143 115 76
-8.267 22.089 1.521 114 125 111
-8.224 22.090 1.512 96 101 78
-8.295 22.090 1.457 140 116 78
-8.137 22.090 1.259 114 118 91
-8.141 22.090 1.256 128 126 101
-8.120 22.090 1.255 123 121 96
-8.086 22.090 1.276 84 99 76
-8.109 22.090 1.274 86 101 80
-8.084 22.090 1.263 118 123 101
-8.087 22.090 1.255 132 130 105
-8.111 22.090 1.255 133 131 106
-8.116 22.090 1.265 126 131 108
-8.097 22.090 1.254 131 130 102
-8.080 22.090 1.261 102 105 84
-8.112 22.090 1.254 133 131 106
-8.102 22.090 1.258 122 121 93
-8.208 22.090 1.289 83 101 79
-8.200 22.090 1.286 113 127 102
-8.117 22.090 1.327 151 122 82
-8.087 22.091 1.339 154 125 85
-8.249 22.090 1.325 151 120 76
-8.129 22.090 1.309 146 127 87
-8.156 22.090 1.303 104 116 94
-8.100 22.090 1.339 148 123 82
-8.222 22.090 1.329 149 120 78
-8.177 22.090 1.350 148 121 76
-8.281 22.090 1.347 148 120 81
-8.173 22.090 1.312 145 126 86
-8.233 22.089 1.262 100 102 78
-8.223 22.090 1.311 146 126 89
-8.208 22.090 1.278 85 104 84
-8.292 22.089 1.292 81 90 73
-8.132 22.090 1.320 153 128 87
-8.248 22.090 1.320 149 120 78
-8.213 22.090 1.315 143 119 81
-8.225 22.090 1.324 154 123 79
-8.107 22.090 1.294 87 96 75
-8.110 22.090 1.297 91 98 80
-8.219 22.090 1.332 147 120 77
-8.221 22.090 1.333 147 120 77
-8.107 22.090 1.294 87 96 75
-8.256 22.090 1.313 147 121 84
-8.255 22.090 1.347 146 122 76
-8.155 22.090 1.351 149 122 77
-8.150 22.090 1.284 86 101 80
-8.113 22.090 1.276 85 102 83
-8.287 22.090 1.329 145 117 77
-8.239 22.090 1.366 147 123 79
-8.252 22.090 1.343 149 125 79
-8.260 22.089 1.290 80 93 73
-8.093 22.091 1.340 157 125 84
-8.225 22.090 1.314 145 125 88
-8.214 22.090 1.329 151 122 80
-8.118 22.090 1.330 154 125 83
-8.146 22.090 1.282 85 100 79
-8.274 22.089 1.292 82 95 75
-8.176 22.090 1.298 88 97 80
-8.173 22.090 1.254 125 125 101
-8.291 22.090 1.329 147 119 79
-8.288 22.089 1.283 81 96 77
-8.176 22.090 1.308 146 128 88
-8.208 22.090 1.309 142 126 92
-8.079 22.091 1.333 149 127 86
-8.295 22.090 1.336 144 119 79
-8.169 22.090 1.271 98 110 98
-8.215 22.090 1.337 147 122 81
-8.094 22.090 1.328 156 125 81
-8.281 22.090 1.355 144 119 79
-8.263 22.090 1.367 147 122 82
-8.196 22.090 1.271 99 109 98
-8.255 22.089 1.258 118 123 91
-8.158 22.090 1.302 74 86 66
-8.161 22.090 1.353 153 126 81
-8.270 22.090 1.329 147 119 79
-8.154 22.090 1.327 151 123 76
-8.101 22.091 1.346 148 124 80
-8.212 22.090 1.357 148 124 78
-8.292 22.090 1.359 146 121 81
-8.175 22.090 1.298 88 97 80
-8.109 22.090 1.301 79 81 67
-8.151 22.090 1.334 153 124 80
-8.089 22.091 1.341 160 128 87
-8.255 22.090 1.314 147 121 84
-8.182 22.090 1.270 102 114 102
-8.112 22.090 1.293 86 100 77
-8.189 22.090 1.284 92 108 81
-8.201 22.090 1.263 134 135 119
-8.146 22.090 1.341 153 126 83
-8.252 22.089 1.294 81 94 76
-8.232 22.089 1.276 84 97 77
-8.190 22.090 1.343 145 121 75
-8.130 22.090 1.317 150 127 86
-8.171 22.090 1.304 100 110 86
-8.223 22.090 1.301 86 94 71
-8.241 22.090 1.295 82 95 77
-8.216 22.090 1.282 117 136 116
-8.189 22.090 1.343 144 120 74
-8.271 22.089 1.287 80 95 74
-8.296 22.089 1.279 80 93 75
-8.117 22.090 1.329 151 122 82
-8.116 22.090 1.311 147 128 88
-8.204 22.090 1.347 144 121 77
-8.168 22.090 1.303 102 114 90
-8.144 22.090 1.317 148 125 83
-8.260 22.089 1.299 85 93 80
-8.117 22.090 1.293 86 100 77
-8.106 22.090 1.311 141 123 83
-8.216 22.089 1.259 121 119 98
-8.089 22.090 1.324 160 129 85
-8.117 22.090 1.314 150 131 89
-8.135 22.090 1.338 152 123 79
-8.183 22.090 1.278 86 103 84
-8.160 22.090 1.296 91 99 88
-8.224 22.090 1.330 146 117 75
-8.206 22.090 1.315 148 124 86
-8.277 22.089 1.313 143 119 81
-8.163 22.090 1.273 81 95 82
-8.261 22.089 1.283 78 96 72
-8.081 22.090 1.312 149 131 93
-8.207 22.090 1.337 146 121 80
-8.239 22.089 1.265 118 122 95
-8.180 22.090 1.279 86 101 78
-8.169 22.090 1.256 127 125 102
-8.175 22.090 1.270 99 111 99
-8.281 22.090 1.340 144 118 81
-8.124 22.090 1.269 94 102 79
-8.211 22.090 1.302 86 94 71
-8.132 22.090 1.337 152 123 79
-8.269 22.090 1.331 147 119 79
-8.111 22.090 1.308 133 115 75
-8.292 22.089 1.294 81 90 73
-8.213 22.090 1.346 147 124 80
-8.279 22.090 1.321 150 123 80
-8.253 22.089 1.274 86 100 77
-8.282 22.089 1.260 106 108 84
-8.269 22.090 1.317 148 120 81
-8.139 22.090 1.282 85 100 79
-8.159 22.090 1.306 148 130 90
-8.153 22.090 1.318 150 126 82
-8.276 22.089 1.258 119 122 93
-8.173 22.090 1.299 80 89 68
-8.235 22.089 1.255 132 133 102
-8.248 22.089 1.262 117 122 92
-8.257 22.089 1.275 83 98 77
-8.169 22.090 1.257 127 125 102
-8.168 22.090 1.284 150 164 139
-8.209 22.090 1.318 148 120 80
-8.197 22.090 1.293 96 105 88
-8.271 22.090 1.369 145 120 80
-8.230 22.089 1.272 88 100 80
-8.242 22.090 1.331 149 120 78
-8.176 22.090 1.273 88 102 87
-8.225 22.090 1.308 137 121 87
-8.269 22.090 1.342 147 122 82
-8.217 22.090 1.315 143 119 81
-8.221 22.090 1.307 141 125 92
-8.264 22.090 1.366 146 121 81
-8.290 22.089 1.257 127 129 105
-8.245 22.090 1.296 83 94 78
-8.273 22.089 1.285 81 96 75
-8.255 22.090 1.305 125 104 77
-8.216 22.090 1.289 83 101 79
-8.243 22.089 1.265 117 121 94
-8.211 22.090 1.269 65 70 50
-8.218 22.090 1.349 143 120 76
-8.276 22.089 1.310 138 118 83
-8.256 22.089 1.289 81 94 74
-8.269 22.089 1.278 81 96 75
-8.160 22.090 1.339 150 128 81
-8.286 22.089 1.264 104 108 85
-8.215 22.090 1.283 117 136 116
-8.143 22.090 1.273 90 103 83
-8.241 22.090 1.361 145 121 77
-8.156 22.090 1.335 147 125 78
-8.192 22.090 1.333 144 122 75
-8.097 22.091 1.344 154 125 83
-8.162 22.090 1.309 144 126 86
-8.159 22.090 1.308 148 130 90
-8.202 22.090 1.279 83 102 82
-8.208 22.090 1.352 146 124 77
-8.221 22.090 1.299 81 89 65
-8.201 22.090 1.294 86 93 77
-8.274 22.090 1.339 144 118 81
-8.106 22.090 1.316 149 127 88
-8.167 22.090 1.330 152 128 82
-8.170 22.090 1.276 90 107 88
-8.146 22.090 1.259 120 126 98
-8.264 22.089 1.255 133 131 106
-8.214 22.090 1.295 89 101 79
-8.156 22.090 1.260 120 127 93
-8.169 22.090 1.283 150 164 139
-8.112 22.090 1.338 155 126 84
-8.234 22.089 1.259 121 121 97
-8.253 22.090 1.343 148 124 78
-8.291 22.090 1.349 146 118 78
-8.190 22.090 1.306 147 129 89
-8.253 22.089 1.272 86 100 77
-8.279 22.090 1.320 150 123 80
-8.086 22.090 1.289 84 99 78
-8.183 22.090 1.350 145 118 73
-8.182 22.090 1.341 145 123 76
-8.088 22.090 1.298 91 100 83
-8.175 22.090 1.304 97 107 82
-8.215 22.090 1.339 149 126 84
-8.118 22.090 1.319 150 127 86
-8.262 22.090 1.343 146 122 78
-8.203 22.090 1.261 100 98 77
-8.182 22.090 1.266 72 80 67
-8.258 22.089 1.297 82 93 77
-8.207 22.090 1.280 85 104 84
-8.100 22.090 1.299 93 99 85
-8.275 22.090 1.364 145 120 80
-8.129 22.090 1.283 82 100 78
-8.205 22.090 1.356 145 121 75
-8.176 22.090 1.309 146 128 88
-8.222 22.089 1.263 118 120 99
-8.243 22.090 1.327 151 122 78
-8.235 22.090 1.354 146 122 76
-8.209 22.090 1.267 68 73 51
-8.080 22.090 1.322 149 130 87
-8.240 22.090 1.328 150 121 77
-8.240 22.090 1.322 150 121 79
-8.192 22.090 1.272 98 108 97
-8.286 22.089 1.283 80 93 73
-8.233 22.090 1.285 81 96 77
-8.269 22.089 1.271 98 107 86
-8.260 22.089 1.280 79 97 75
-8.205 22.090 1.284 80 99 79
-8.292 22.090 1.331 147 122 82
-8.098 22.090 1.336 155 128 85
-8.212 22.090 1.321 150 121 79
-8.198 22.090 1.330 153 129 83
-8.083 22.090 1.298 89 98 79
-8.098 22.090 1.283 81 100 78
-8.173 22.090 1.282 103 117 92
-8.244 22.090 1.305 136 120 87
-8.196 22.090 1.304 80 89 60
-8.130 22.090 1.286 82 100 76
-8.107 22.090 1.336 155 126 84
-8.155 22.090 1.272 96 110 97
