-32.782 23.081 2.653 215 205 196
-32.783 23.115 2.653 219 210 201
-32.775 23.094 2.654 215 205 196
-32.774 23.088 2.654 216 203 195
-32.790 23.115 2.652 221 212 203
-32.777 23.066 2.654 216 206 197
-32.785 23.083 2.653 217 207 198
-32.778 23.132 2.654 217 208 203
-32.782 23.146 2.655 214 207 201
-32.790 23.124 2.653 220 211 202
-32.782 23.139 2.655 216 207 202
-32.814 23.127 2.654 218 211 201
-32.792 23.138 2.654 216 209 201
-32.814 23.138 2.655 216 209 201
-32.831 23.128 2.655 220 213 203
-32.813 23.127 2.654 218 211 201
-32.797 23.138 2.654 216 209 201
-32.808 23.133 2.655 217 210 202
-32.794 23.146 2.655 214 207 199
-32.793 23.116 2.652 221 212 203
-32.790 23.148 2.655 214 207 201
-32.811 23.128 2.654 218 211 201
-32.815 23.137 2.655 214 210 201
-32.807 23.130 2.654 217 210 202
-32.727 23.114 2.461 236 235 231
-32.728 23.058 2.469 201 203 189
-32.739 23.014 2.443 212 193 189
-32.732 23.060 2.457 201 198 189
-32.734 23.048 2.453 210 192 188
-32.717 23.100 2.495 207 193 193
-32.724 23.083 2.479 203 194 189
-32.744 22.975 2.433 153 139 139
-32.722 23.078 2.486 206 195 189
-32.733 23.026 2.458 206 196 187
-32.734 23.030 2.455 210 195 188
-32.726 23.121 2.462 248 247 243
-32.727 23.109 2.461 207 203 200
-32.722 23.099 2.478 196 190 190
-32.729 23.061 2.465 200 202 191
-32.723 23.110 2.474 220 216 217
-32.749 22.919 2.426 218 213 210
-32.733 23.065 2.452 206 197 192
-32.739 23.002 2.445 221 197 193
-32.741 22.980 2.440 208 184 184
-32.724 23.066 2.481 203 199 188
-32.729 23.087 2.461 204 196 193
-32.731 23.076 2.458 200 193 185
-32.746 22.946 2.431 149 141 139
-32.719 23.104 2.486 198 194 193
-32.743 22.968 2.438 178 160 160
-32.738 23.000 2.447 219 195 191
-32.733 23.045 2.457 202 193 184
-32.726 23.089 2.470 207 196 194
-32.725 23.107 2.468 210 206 203
-32.748 22.942 2.427 226 218 216
-32.735 23.051 2.449 208 193 188
-32.733 23.035 2.456 215 194 189
-32.742 22.995 2.436 184 164 165
-32.735 23.000 2.456 209 195 186
-32.735 23.025 2.453 211 194 187
-32.732 23.057 2.456 202 195 187
-32.744 22.972 2.432 152 138 138
-32.721 23.082 2.488 210 199 195
-32.725 23.097 2.469 206 196 195
-32.732 23.073 2.456 202 195 189
-32.732 23.082 2.455 203 193 191
-32.728 23.073 2.467 201 192 185
-32.750 22.931 2.423 247 242 239
-32.733 23.046 2.455 208 193 188
-32.726 23.110 2.464 227 223 220
-32.727 23.104 2.462 194 190 187
-32.723 23.095 2.475 207 197 196
-32.744 22.957 2.435 160 148 148
-32.742 22.988 2.436 187 166 165
-32.735 23.045 2.450 213 194 190
-32.733 23.062 2.454 204 197 189
-32.723 23.105 2.474 192 186 186
-32.736 23.013 2.451 212 193 187
-32.735 22.947 2.456 194 190 181
-32.721 22.849 2.481 142 181 163
-32.719 22.944 2.486 130 198 173
-32.720 22.992 2.487 142 192 165
-32.735 22.953 2.456 198 191 181
-32.716 23.084 2.498 216 198 196
-32.722 22.961 2.482 145 187 163
-32.726 23.031 2.476 172 193 174
-32.745 22.935 2.435 153 145 143
-32.726 22.868 2.471 146 179 160
-32.726 22.874 2.470 142 181 160
-32.727 22.869 2.469 143 181 160
-32.723 22.933 2.479 159 199 173
-32.740 22.963 2.446 208 187 184
-32.727 22.835 2.468 190 187 178
-32.745 22.848 2.432 156 151 148
-32.724 22.792 2.472 196 188 185
-32.721 23.050 2.487 180 205 184
-32.729 22.828 2.464 193 188 182
-32.718 23.013 2.491 185 206 189
-32.727 22.905 2.469 161 190 168
-32.738 22.971 2.449 213 189 185
-32.751 22.899 2.422 254 254 254
-32.751 22.874 2.421 255 255 250
-32.732 22.997 2.463 196 197 183
-32.731 22.987 2.463 197 197 185
-32.718 22.923 2.489 131 183 160
-32.720 22.942 2.484 141 199 174
-32.720 22.831 2.481 182 189 182
-32.726 22.823 2.470 192 187 181
-32.722 23.058 2.485 193 204 188
-32.742 22.957 2.442 189 173 173
-32.722 22.788 2.477 199 194 190
-32.722 22.832 2.478 184 189 183
-32.722 22.817 2.476 192 187 184
-32.738 22.981 2.450 217 193 189
-32.723 22.943 2.480 160 200 174
-32.729 22.910 2.466 170 193 173
-32.729 22.878 2.465 160 191 173
-32.721 22.806 2.479 193 188 184
-32.735 22.896 2.454 184 186 175
-32.727 22.950 2.472 162 187 165
-32.721 22.880 2.482 136 184 162
-32.725 22.898 2.474 153 199 173
-32.730 22.997 2.467 186 195 178
-32.744 22.850 2.433 159 154 151
-32.741 22.953 2.443 201 183 181
-32.753 22.872 2.416 254 254 254
-32.743 22.904 2.438 169 159 157
-32.730 22.944 2.465 182 194 180
-32.719 22.941 2.488 138 202 178
-32.726 23.038 2.475 168 186 170
-32.720 22.976 2.486 173 207 182
-32.717 23.073 2.496 218 197 194
-32.730 22.838 2.463 188 183 177
-32.750 22.860 2.422 255 255 250
-32.723 22.912 2.478 148 181 160
-32.753 22.863 2.417 255 255 253
-32.753 22.870 2.416 254 254 254
-32.719 22.992 2.489 136 189 161
-32.738 22.889 2.447 192 185 179
-32.737 22.921 2.449 197 183 180
-32.729 22.883 2.465 161 192 174
-32.716 23.015 2.495 187 205 191
-32.719 22.924 2.486 133 186 160
-32.739 22.882 2.446 191 181 179
-32.729 22.992 2.469 186 194 179
-32.722 23.044 2.485 167 202 180
-32.733 22.904 2.458 181 187 175
-32.734 22.949 2.458 195 191 182
-32.731 22.835 2.459 191 186 180
-32.734 22.987 2.457 208 195 187
-32.734 22.940 2.458 191 188 179
-32.736 22.899 2.452 188 184 175
-32.723 22.997 2.481 153 191 166
-32.730 22.859 2.462 179 185 175
-32.733 22.897 2.458 182 190 177
-32.734 22.914 2.456 186 188 177
-32.730 22.974 2.465 192 201 182
-32.737 22.826 2.446 192 184 181
-32.724 23.055 2.481 192 201 184
-32.723 22.969 2.480 163 198 174
-32.734 22.997 2.458 203 197 185
-32.724 22.825 2.473 192 187 181
-32.718 22.996 2.491 153 199 173
-32.742 22.837 2.437 162 152 151
-32.735 22.816 2.451 193 185 182
-32.720 22.986 2.485 151 195 170
-32.745 22.871 2.433 158 150 148
-32.723 22.943 2.478 160 200 174
-32.730 23.007 2.466 197 200 183
-32.721 22.910 2.481 158 190 169
-32.735 22.960 2.456 200 191 182
-32.729 23.026 2.470 181 195 178
-32.721 23.064 2.487 203 201 189
-32.720 22.776 2.479 235 227 225
-32.729 22.952 2.467 180 193 176
-32.734 22.997 2.458 203 197 185
-32.724 23.057 2.481 192 201 184
-32.721 23.073 2.486 208 197 191
-32.717 22.912 2.489 153 186 169
-32.724 23.027 2.479 175 200 179
-32.720 23.011 2.487 180 203 185
-32.739 22.846 2.444 194 186 183
-32.723 22.916 2.478 146 180 156
-32.731 22.865 2.461 175 185 174
-32.727 22.981 2.471 173 196 178
-32.729 22.860 2.465 172 186 173
-32.720 22.829 2.481 184 186 181
-32.728 22.929 2.468 173 194 175
-32.720 22.829 2.482 184 186 181
-32.728 23.017 2.471 187 201 184
-32.738 22.846 2.445 194 186 183
-32.739 22.879 2.446 190 180 178
-32.726 23.039 2.475 168 186 170
-32.739 22.890 2.446 192 183 178
-32.724 22.804 2.473 195 190 186
-32.721 22.895 2.481 159 188 170
-32.732 22.861 2.458 186 186 178
-32.733 22.951 2.458 192 192 180
-32.726 23.044 2.476 172 195 175
-32.717 22.928 2.490 125 190 166
-32.742 22.911 2.440 167 157 155
-32.719 22.861 2.485 121 189 166
-32.722 22.864 2.478 117 185 160
-32.730 22.974 2.466 192 201 182
-32.719 22.881 2.485 152 191 172
-32.727 23.037 2.474 167 185 169
-32.736 22.921 2.452 194 183 177
-32.731 22.958 2.464 186 192 178
-32.743 22.939 2.439 170 160 158
-32.720 22.889 2.484 166 187 172
-32.732 22.903 2.460 176 190 173
-32.724 23.061 2.481 197 201 186
-32.739 22.837 2.444 191 181 180
-32.741 22.860 2.440 174 169 166
-32.719 22.779 2.482 233 225 222
-32.727 22.922 2.471 151 181 157
-32.736 22.962 2.453 204 189 182
-32.728 22.987 2.471 171 192 173
-32.720 22.982 2.486 159 199 172
-32.721 22.979 2.485 168 204 178
-32.743 22.886 2.437 152 144 141
-32.735 22.971 2.456 207 194 185
-32.739 22.821 2.444 189 181 178
-32.743 22.837 2.435 159 149 148
-32.722 22.780 2.476 227 219 216
-32.716 23.049 2.495 175 204 186
-32.730 23.005 2.466 197 200 183
-32.721 22.882 2.481 138 183 162
-32.717 22.950 2.491 111 191 162
-32.722 22.979 2.483 168 204 178
-32.723 22.932 2.478 154 194 168
-32.738 22.966 2.450 209 188 185
-32.718 23.026 2.492 154 192 169
-32.720 22.966 2.557 170 208 185
-32.720 22.980 2.568 159 203 180
-32.722 22.889 2.588 182 199 191
-32.722 22.816 2.564 194 190 191
-32.719 22.954 2.534 167 202 182
-32.719 22.974 2.539 177 201 188
-32.718 22.819 2.499 191 187 184
-32.720 22.847 2.532 144 187 180
-32.724 22.795 2.598 195 194 190
-32.721 22.780 2.539 206 197 198
-32.719 22.931 2.541 143 194 175
-32.724 22.895 2.616 173 200 191
-32.722 22.883 2.576 193 198 191
-32.717 23.001 2.509 173 200 185
-32.724 22.808 2.601 198 197 195
-32.719 22.924 2.531 146 197 178
-32.723 22.912 2.601 141 206 184
-32.716 23.084 2.504 214 199 196
-32.717 22.917 2.491 144 183 165
-32.719 22.764 2.499 235 228 222
-32.721 22.789 2.546 199 195 194
-32.718 22.814 2.487 192 191 186
-32.718 23.039 2.534 157 198 182
-32.721 22.896 2.574 193 196 187
-32.720 22.808 2.529 193 191 192
-32.720 22.794 2.530 194 193 191
-32.718 22.881 2.497 186 188 185
-32.717 23.018 2.510 184 208 194
-32.724 22.806 2.614 192 196 197
-32.719 22.863 2.523 144 195 186
-32.719 22.945 2.534 147 199 177
-32.724 22.796 2.595 195 194 190
-32.717 22.960 2.507 170 208 185
-32.722 22.932 2.589 135 209 186
-32.719 22.974 2.533 174 198 184
-32.720 22.859 2.537 121 195 180
-32.719 22.997 2.543 166 202 188
-32.722 22.905 2.584 167 201 187
-32.717 22.920 2.500 138 182 167
-32.726 22.816 2.642 204 203 201
-32.716 23.072 2.509 212 199 193
-32.722 22.835 2.577 178 195 185
-32.719 22.880 2.531 145 188 178
-32.724 22.832 2.603 183 200 194
-32.721 22.853 2.554 136 193 178
-32.719 22.848 2.522 142 185 178
-32.720 22.971 2.562 166 208 184
-32.721 22.867 2.559 164 197 186
-32.718 22.944 2.514 123 196 169
-32.721 22.834 2.558 181 198 192
-32.717 23.023 2.505 170 203 184
-32.721 22.899 2.567 195 196 188
-32.722 22.908 2.592 137 207 183
-32.724 22.863 2.618 172 198 185
-32.718 22.889 2.500 183 188 181
-32.719 23.016 2.542 171 201 189
-32.720 22.797 2.518 189 189 191
-32.720 22.919 2.543 164 195 180
-32.720 22.933 2.556 129 199 175
-32.718 23.034 2.534 148 195 177
-32.717 22.958 2.502 153 209 182
-32.718 22.987 2.516 157 188 172
-32.721 22.816 2.542 192 190 191
-32.724 22.838 2.609 179 200 191
-32.717 23.010 2.510 188 206 194
-32.725 22.849 2.624 185 200 193
-32.720 22.926 2.560 139 202 181
-32.719 22.824 2.517 182 190 192
-32.723 22.904 2.602 143 208 186
-32.719 22.850 2.523 137 184 176
-32.721 22.871 2.559 178 201 193
-32.718 23.025 2.539 159 200 186
-32.722 22.800 2.556 190 191 193
-32.723 22.820 2.579 196 196 194
-32.720 22.872 2.536 130 194 178
-32.718 22.891 2.513 184 186 183
-32.721 22.895 2.565 197 197 189
-32.720 22.909 2.556 184 197 187
-32.720 22.791 2.525 199 190 191
-32.723 22.886 2.601 127 200 173
-32.719 22.915 2.527 164 196 183
-32.721 22.950 2.570 135 205 177
-32.719 22.893 2.531 170 196 187
-32.726 22.832 2.642 203 202 198
-32.720 22.772 2.527 217 208 209
-32.717 22.940 2.493 115 195 170
-32.720 22.864 2.539 119 196 178
-32.719 22.834 2.509 173 192 188
-32.721 22.780 2.550 203 199 198
-32.722 22.816 2.576 196 196 194
-32.718 22.803 2.497 192 189 184
-32.724 22.806 2.595 197 193 192
-32.723 22.871 2.604 126 195 174
-32.721 22.856 2.565 148 190 176
-32.720 22.843 2.542 150 191 183
-32.725 22.824 2.623 194 199 193
-32.720 22.917 2.556 167 198 183
-32.723 22.915 2.602 142 207 185
-32.719 22.940 2.526 133 195 172
-32.718 23.026 2.536 161 199 186
-32.723 22.803 2.586 198 194 191
-32.719 22.902 2.536 178 199 190
-32.718 22.806 2.496 191 190 185
-32.717 23.017 2.520 186 203 195
-32.722 22.896 2.581 192 195 188
-32.718 22.905 2.514 184 193 188
-32.722 22.896 2.594 153 206 188
-32.724 22.868 2.613 146 199 183
-32.721 22.836 2.547 171 194 186
-32.726 22.822 2.641 201 200 196
-32.722 22.853 2.578 152 198 185
-32.722 22.803 2.569 197 193 192
-32.721 22.801 2.538 197 191 193
-32.718 22.989 2.523 150 192 178
-32.719 22.862 2.522 144 195 186
-32.719 22.810 2.511 190 190 190
-32.717 23.030 2.519 147 189 175
-32.720 22.957 2.567 150 211 180
-32.721 22.870 2.559 169 201 190
-32.721 22.810 2.551 191 191 191
-32.721 22.853 2.557 140 193 177
-32.718 22.806 2.489 189 190 184
-32.717 23.045 2.521 185 211 202
-32.723 22.836 2.588 170 197 188
-32.723 22.851 2.604 147 201 185
-32.718 22.835 2.500 179 192 185
-32.717 22.872 2.491 165 198 187
-32.721 22.846 2.550 144 191 181
-32.722 22.923 2.584 131 203 179
-32.724 22.870 2.621 181 201 190
-32.717 23.077 2.517 205 198 190
-32.723 22.898 2.596 143 206 185
-32.719 22.999 2.546 169 203 189
-32.720 22.856 2.546 120 191 175
-32.721 22.788 2.550 200 196 197
-32.716 23.076 2.500 215 194 191
-32.717 22.995 2.504 149 188 167
-32.722 22.851 2.581 153 199 186
-32.720 22.786 2.530 202 193 194
-32.718 22.885 2.498 189 185 182
-32.717 23.007 2.511 183 203 191
-32.718 22.956 2.516 168 203 181
-32.720 22.901 2.555 192 195 188
-32.722 22.890 2.585 191 196 190
-32.722 22.860 2.579 154 198 185
-32.721 22.837 2.553 176 195 189
-32.721 22.900 2.568 195 196 188
-32.719 22.769 2.507 225 217 214
-32.720 22.794 2.518 190 190 192
-32.720 22.994 2.559 166 203 185
-32.718 22.932 2.519 120 194 169
-32.723 22.838 2.586 171 197 188
-32.718 22.865 2.496 157 193 183
-32.719 22.850 2.525 138 185 177
-32.722 22.831 2.565 180 197 191
-32.716 23.045 2.500 164 198 181
-32.718 23.014 2.538 179 205 194
-32.723 22.869 2.595 159 200 186
-32.723 22.833 2.583 180 197 189
-32.718 22.829 2.492 186 193 186
-32.723 22.841 2.601 161 202 188
-32.719 22.779 2.498 213 208 204
-32.723 22.902 2.609 164 205 191
-32.720 22.886 2.543 159 195 185
-32.718 23.037 2.526 147 189 175
-32.717 22.994 2.502 149 188 167
-32.720 22.963 2.558 166 208 184
-32.718 22.931 2.522 130 191 173
-32.719 22.799 2.499 194 189 186
-32.722 22.928 2.593 135 209 186
-32.719 22.966 2.534 182 203 188
-32.717 22.954 2.498 129 204 173
-32.720 22.844 2.536 153 192 187
-32.724 22.817 2.608 194 198 197
-32.719 22.884 2.525 166 193 186
-32.720 22.955 2.558 154 207 181
-32.717 22.994 2.509 152 185 168
-32.721 22.788 2.534 205 195 196
-32.721 22.952 2.582 139 201 176
-32.715 23.099 2.504 212 198 198
-32.721 22.924 2.578 132 202 178
-32.721 22.929 2.569 122 205 177
-32.721 22.911 2.577 161 200 182
-32.721 22.846 2.546 144 191 181
-32.723 22.859 2.590 158 198 187
-32.717 23.055 2.510 192 204 192
-32.718 22.991 2.525 149 193 178
-32.719 22.845 2.516 152 182 182
-32.720 22.903 2.552 190 195 189
-32.718 22.956 2.511 153 197 172
-32.718 22.806 2.497 191 190 185
-32.724 22.846 2.618 180 200 191
-32.718 22.848 2.488 133 182 163
-32.717 23.064 2.520 205 197 194
-32.717 22.960 2.494 139 202 173
-32.720 22.951 2.555 143 203 177
-32.720 22.843 2.536 153 192 187
-32.722 22.872 2.585 176 197 188
-32.721 22.889 2.564 196 196 188
-32.718 22.944 2.518 128 198 170
-32.724 22.817 2.605 196 198 197
-32.717 23.050 2.520 192 211 205
-32.719 22.904 2.525 174 194 183
-32.715 23.098 2.505 213 197 198
-32.720 22.804 2.529 193 191 192
-32.721 22.840 2.562 167 195 183
-32.717 22.871 2.489 152 199 181
-32.717 22.968 2.502 173 202 180
-32.719 22.971 2.546 176 200 186
-32.721 22.884 2.556 184 190 186
-32.720 22.922 2.559 147 202 181
-32.717 23.066 2.521 210 199 195
-32.724 22.827 2.610 189 200 194
-32.725 22.831 2.628 194 201 194
-32.717 23.046 2.524 180 206 197
-32.722 22.942 2.584 131 211 184
-32.720 22.934 2.560 123 203 178
-32.722 22.860 2.571 155 193 182
-32.719 22.978 2.534 174 202 188
-32.719 23.013 2.543 176 204 190
-32.724 22.843 2.615 181 202 195
-32.719 22.893 2.517 186 186 184
-32.718 22.923 2.519 138 191 173
-32.717 22.972 2.502 172 201 179
-32.720 22.773 2.526 217 208 209
-32.719 22.892 2.527 170 196 185
-32.725 22.844 2.641 197 199 196
-32.720 22.847 2.535 144 189 182
-32.723 22.904 2.610 164 205 191
-32.723 22.897 2.612 170 202 191
-32.719 22.987 2.549 156 199 182
-32.725 22.820 2.622 197 199 194
-32.720 22.983 2.557 153 200 180
-32.725 22.839 2.626 192 202 194
-32.725 22.846 2.626 190 201 195
-32.720 22.981 2.556 158 203 183
-32.719 22.807 2.501 195 191 188
-32.718 22.846 2.493 141 183 169
-32.718 22.845 2.505 155 181 178
-32.717 23.053 2.520 196 207 201
-32.720 22.878 2.551 175 196 189
-32.722 22.818 2.562 193 189 190
-32.721 22.905 2.570 179 202 186
-32.720 22.871 2.536 130 194 178
-32.716 23.067 2.508 218 205 199
-32.721 22.844 2.545 144 191 181
-32.725 22.862 2.631 199 200 195
-32.719 22.986 2.552 156 199 182
-32.720 22.895 2.547 186 195 190
-32.719 22.937 2.541 141 196 177
-32.718 22.894 2.510 182 187 183
-32.717 22.995 2.506 149 184 164
-32.716 23.076 2.503 215 196 192
-32.723 22.862 2.588 166 199 190
-32.722 22.891 2.590 171 205 191
-32.719 22.773 2.501 226 218 215
-32.717 22.936 2.499 107 191 168
-32.718 22.964 2.524 177 204 185
-32.722 22.929 2.583 132 207 184
-32.722 22.888 2.578 193 199 189
-32.722 22.899 2.593 150 207 188
-32.720 22.781 2.528 206 197 198
-32.718 22.894 2.508 183 190 183
-32.720 22.829 2.536 181 197 194
-32.717 22.970 2.502 171 199 177
-32.719 22.784 2.501 203 198 194
-32.720 22.832 2.532 176 195 191
-32.724 22.817 2.601 198 196 197
-32.721 22.932 2.563 123 206 180
-32.719 22.809 2.517 184 190 190
-32.720 22.995 2.560 166 203 185
-32.721 22.912 2.573 164 201 184
-32.719 22.837 2.511 171 192 187
-32.719 22.836 2.518 166 192 189
-32.717 23.005 2.502 183 207 191
-32.719 22.991 2.554 159 200 182
-32.726 22.812 2.635 199 198 196
-32.725 22.814 2.617 190 199 196
-32.720 22.777 2.520 210 204 204
-32.722 22.803 2.563 196 191 195
-32.719 22.997 2.554 171 205 189
-32.719 22.877 2.526 162 193 187
-32.721 22.802 2.547 192 192 192
-32.717 23.049 2.522 189 209 200
-32.723 22.836 2.588 170 197 188
-32.724 22.834 2.607 180 199 193
-32.718 22.871 2.504 169 194 188
-32.722 22.923 2.592 134 209 186
-32.723 22.813 2.585 200 194 194
-32.719 22.898 2.523 173 194 185
-32.719 22.841 2.511 157 189 186
-32.720 22.985 2.565 155 204 182
-32.716 23.030 2.500 147 186 165
-32.717 22.995 2.511 159 190 174
-32.719 22.934 2.529 133 195 174
-32.725 22.824 2.625 194 199 193
-32.724 22.822 2.616 191 200 197
-32.717 22.982 2.499 152 196 169
-32.718 22.825 2.491 188 190 185
-32.721 22.893 2.561 196 196 188
-32.721 22.915 2.574 156 201 181
-32.722 22.913 2.585 153 202 183
-32.720 22.797 2.522 189 191 188
-32.719 22.908 2.527 174 196 184
-32.714 23.105 2.499 215 201 201
-32.715 23.100 2.502 212 196 197
-32.720 22.919 2.551 162 194 179
-32.722 22.899 2.586 171 201 189
-32.757 23.095 2.590 216 205 199
-32.723 23.091 2.524 214 199 194
-32.731 23.110 2.533 222 211 205
-32.738 22.892 2.646 194 199 192
-32.785 23.111 2.640 217 210 200
-32.718 23.053 2.532 193 206 197
-32.730 23.014 2.573 179 212 195
-32.729 22.913 2.619 176 202 189
-32.754 23.011 2.624 148 200 178
-32.748 22.974 2.629 190 204 191
-32.747 23.026 2.603 154 209 186
-32.745 23.005 2.608 163 208 187
-32.777 23.057 2.647 213 206 196
-32.752 22.948 2.648 204 199 195
-32.731 23.001 2.583 166 209 189
-32.736 23.105 2.545 218 205 197
-32.731 22.913 2.623 182 204 192
-32.746 22.951 2.636 207 198 193
-32.735 22.902 2.637 198 199 193
-32.731 22.985 2.589 150 204 181
-32.739 22.943 2.625 192 202 193
-32.737 22.991 2.599 150 204 181
-32.771 23.021 2.652 209 205 196
-32.753 22.993 2.629 178 207 187
-32.751 23.103 2.576 220 207 201
-32.764 23.097 2.604 208 204 195
-32.753 23.026 2.614 130 210 183
-32.728 22.848 2.647 208 207 203
-32.779 23.083 2.639 212 208 197
-32.755 22.990 2.635 191 203 189
-32.740 22.930 2.634 207 199 196
-32.738 23.079 2.559 215 200 193
-32.729 22.916 2.618 177 203 190
-32.776 23.082 2.634 210 208 196
-32.787 23.091 2.652 216 207 198
-32.760 23.046 2.619 142 215 186
-32.741 23.069 2.570 206 203 198
-32.727 22.927 2.609 161 208 190
-32.760 22.971 2.653 208 201 193
-32.754 22.994 2.631 186 207 190
-32.725 23.021 2.560 166 208 188
-32.743 23.087 2.567 215 201 198
-32.759 23.025 2.627 158 210 187
-32.732 22.999 2.584 164 209 188
-32.761 23.016 2.636 188 211 195
-32.753 23.060 2.598 191 211 199
-32.769 23.054 2.633 186 207 190
-32.725 22.933 2.601 149 211 188
-32.746 23.032 2.597 158 210 188
-32.739 23.069 2.566 207 202 198
-32.741 22.952 2.625 187 200 190
-32.723 23.050 2.543 187 211 197
-32.746 23.067 2.582 207 202 196
-32.747 22.925 2.649 208 198 196
-32.745 23.009 2.607 161 206 185
-32.746 23.016 2.606 158 207 185
-32.775 23.072 2.636 211 207 195
-32.739 22.913 2.639 200 199 194
-32.728 22.891 2.628 198 197 192
-32.743 23.078 2.571 215 201 198
-32.728 23.083 2.538 225 202 196
-32.730 22.882 2.635 202 199 192
-32.730 23.062 2.551 205 201 192
-32.751 23.047 2.600 166 213 195
-32.738 23.104 2.549 218 203 196
-32.724 22.977 2.578 159 207 185
-32.722 23.037 2.547 157 202 182
-32.735 22.880 2.647 202 199 192
-32.769 23.042 2.639 197 211 196
-32.760 23.041 2.622 143 213 185
-32.742 23.025 2.592 166 211 191
-32.766 23.019 2.643 205 205 195
-32.772 23.107 2.616 214 212 200
-32.741 22.934 2.633 207 199 196
-32.740 23.098 2.557 217 202 197
-32.715 23.108 2.501 227 213 213
-32.769 23.085 2.618 206 208 195
-32.740 22.897 2.649 198 201 194
-32.772 23.046 2.643 203 209 197
-32.755 22.969 2.645 206 202 193
-32.787 23.113 2.644 220 213 203
-32.735 23.049 2.567 187 207 196
-32.715 23.099 2.506 211 197 197
-32.729 23.066 2.548 207 198 189
-32.724 23.020 2.559 173 212 193
-32.750 22.939 2.649 206 198 195
-32.732 22.989 2.590 151 203 181
-32.777 23.091 2.632 212 210 198
-32.766 23.067 2.621 180 205 186
-32.768 23.034 2.640 194 208 193
-32.755 23.000 2.630 181 212 194
-32.769 23.099 2.614 210 210 198
-32.723 23.018 2.558 173 212 193
-32.737 22.928 2.629 194 199 192
-32.752 23.085 2.585 215 202 196
-32.719 23.075 2.524 213 200 194
-32.736 22.887 2.646 197 198 190
-32.726 23.023 2.562 168 210 190
-32.731 23.075 2.547 215 201 192
-32.744 23.015 2.601 165 210 189
-32.728 23.025 2.566 162 204 184
-32.755 23.040 2.612 135 220 191
-32.741 22.958 2.621 171 197 184
-32.729 22.930 2.612 166 209 190
-32.749 23.007 2.616 157 212 189
-32.740 22.977 2.612 154 211 192
-32.717 23.094 2.512 214 204 202
-32.781 23.090 2.641 212 208 197
-32.726 23.062 2.543 199 199 189
-32.735 23.019 2.582 174 213 194
-32.717 23.104 2.508 209 197 197
-32.761 22.978 2.653 208 201 193
-32.740 23.032 2.585 160 205 185
-32.731 23.109 2.534 222 211 205
-32.736 23.039 2.575 162 205 188
-32.740 22.918 2.639 205 200 196
-32.761 23.014 2.635 190 211 196
-32.730 23.069 2.549 207 198 189
-32.729 22.917 2.618 173 204 189
-32.755 22.996 2.632 186 207 190
-32.754 23.108 2.581 219 208 202
-32.734 22.924 2.625 188 201 192
-32.785 23.090 2.649 215 208 198
-32.775 23.080 2.633 210 208 196
-32.736 23.095 2.547 220 201 195
-32.736 22.980 2.601 153 211 189
-32.747 23.014 2.607 156 204 182
-32.749 23.025 2.607 144 208 182
-32.783 23.109 2.637 216 209 199
-32.732 23.067 2.554 209 202 192
-32.760 23.068 2.607 199 211 197
-32.743 22.922 2.643 208 200 197
-32.727 22.876 2.632 201 196 192
-32.777 23.074 2.639 214 206 195
-32.761 23.085 2.604 211 209 197
-32.761 23.011 2.637 195 206 192
-32.731 23.057 2.556 196 209 199
-32.720 23.038 2.542 157 202 182
-32.777 23.083 2.636 210 206 195
-32.753 23.030 2.613 133 218 189
-32.756 23.108 2.585 217 208 201
-32.725 23.075 2.535 219 202 195
-32.726 22.873 2.630 197 196 191
-32.730 23.054 2.556 194 207 197
-32.745 23.089 2.569 216 202 199
-32.723 22.924 2.601 145 208 187
-32.743 23.034 2.590 155 208 190
-32.770 23.089 2.618 208 208 196
-32.754 23.013 2.623 143 197 174
-32.771 23.045 2.641 203 209 197
-32.770 23.055 2.635 197 210 193
-32.731 22.973 2.595 161 210 189
-32.750 23.015 2.613 131 199 174
-32.737 23.057 2.569 198 208 199
-32.749 22.945 2.644 208 198 196
-32.742 23.061 2.577 199 204 197
-32.727 22.907 2.616 175 201 188
-32.726 22.991 2.576 156 203 183
-32.722 23.007 2.561 176 207 189
-32.776 23.070 2.639 211 207 195
-32.752 23.083 2.585 214 201 195
-32.780 23.083 2.642 213 209 198
-32.774 23.037 2.651 213 206 198
-32.722 22.985 2.572 159 202 182
-32.757 23.099 2.590 214 205 198
-32.767 23.022 2.643 204 206 195
-32.750 22.959 2.639 210 203 197
-32.749 22.941 2.645 206 198 195
-32.758 23.029 2.622 140 210 184
-32.764 23.067 2.617 177 210 191
-32.758 22.984 2.644 209 205 196
-32.734 22.893 2.638 198 197 192
-32.743 23.090 2.564 216 202 199
-32.758 23.024 2.625 147 209 184
-32.762 23.079 2.608 206 210 196
-32.741 23.028 2.589 163 208 188
-32.722 23.028 2.552 156 200 183
-32.758 23.005 2.634 195 209 194
-32.732 23.016 2.577 178 212 195
-32.746 23.005 2.611 163 211 189
-32.735 22.936 2.620 185 202 192
-32.778 23.091 2.633 212 210 198
-32.724 23.047 2.546 177 210 193
-32.764 23.011 2.643 206 203 194
-32.738 22.995 2.599 155 202 182
-32.731 22.903 2.627 191 201 193
-32.774 23.071 2.634 207 208 194
-32.728 23.002 2.575 168 207 188
-32.753 23.109 2.577 219 208 202
-32.755 22.991 2.634 190 202 188
-32.724 23.092 2.527 215 197 193
-32.732 23.086 2.545 224 201 195
-32.722 23.082 2.527 221 202 196
-32.760 22.993 2.644 209 202 194
-32.719 23.061 2.530 209 206 199
-32.775 23.058 2.644 211 207 196
-32.778 23.081 2.638 212 208 197
-32.719 23.056 2.533 197 204 196
-32.727 22.847 2.647 207 208 203
-32.761 23.107 2.595 216 209 201
-32.717 23.076 2.519 209 196 190
-32.727 22.875 2.632 201 196 192
-32.721 23.011 2.557 179 210 192
-32.748 23.102 2.570 218 205 199
-32.769 23.050 2.634 178 205 186
-32.741 23.107 2.555 217 204 198
-32.737 22.896 2.644 196 199 192
-32.723 22.961 2.585 156 208 185
-32.757 22.990 2.639 199 202 191
-32.746 22.978 2.622 171 212 194
-32.764 23.017 2.640 200 206 194
-32.727 22.969 2.589 161 209 187
-32.758 23.105 2.589 216 207 200
-32.726 23.031 2.557 154 197 178
-32.751 22.999 2.624 159 202 182
-32.750 23.017 2.613 131 199 174
-32.722 22.986 2.571 157 202 182
-32.724 22.900 2.615 181 204 196
-32.726 22.943 2.598 142 204 181
-32.736 23.021 2.582 170 211 193
-32.729 23.035 2.561 158 199 185
-32.752 22.937 2.653 207 197 196
-32.745 22.937 2.640 209 198 196
-32.762 23.084 2.605 208 208 196
-32.747 23.018 2.606 154 208 184
-32.750 22.971 2.635 203 205 194
-32.740 22.893 2.650 195 200 193
-32.736 22.908 2.636 198 199 193
-32.742 23.098 2.561 216 203 197
-32.738 23.017 2.590 177 214 196
-32.730 23.030 2.566 163 200 183
-32.749 22.972 2.631 191 203 191
-32.723 23.104 2.519 212 201 197
-32.767 23.057 2.628 173 205 184
-32.779 23.058 2.652 214 205 196
-32.731 23.029 2.570 165 202 185
-32.758 22.975 2.649 206 202 193
-32.752 23.059 2.597 188 212 198
-32.732 22.974 2.597 157 211 188
-32.731 22.890 2.634 199 199 191
-32.724 22.878 2.626 199 202 195
-32.756 23.017 2.625 147 199 177
-32.744 22.903 2.654 199 198 194
-32.733 23.012 2.582 174 211 193
-32.736 22.968 2.607 154 208 185
-32.754 23.014 2.622 143 197 174
-32.724 22.907 2.612 174 201 192
-32.731 22.848 2.653 210 207 202
-32.777 23.089 2.633 212 210 198
-32.781 23.104 2.635 215 211 200
-32.764 22.785 2.528 206 208 197
-32.777 22.780 2.564 202 204 203
-32.755 22.793 2.563 186 188 183
-32.774 22.778 2.498 215 218 211
-32.780 22.775 2.512 213 218 211
-32.767 22.781 2.497 207 215 202
-32.795 22.775 2.628 203 205 202
-32.800 22.769 2.587 214 214 216
-32.751 22.797 2.598 182 188 186
-32.757 22.793 2.592 186 192 190
-32.760 22.790 2.574 189 194 190
-32.740 22.805 2.621 183 186 175
-32.777 22.778 2.538 211 213 208
-32.749 22.798 2.593 184 189 185
-32.777 22.781 2.581 204 206 205
-32.787 22.771 2.512 216 221 214
-32.753 22.797 2.612 182 189 182
-32.756 22.793 2.589 187 193 191
-32.816 22.761 2.602 212 213 215
-32.770 22.789 2.644 187 188 182
-32.772 22.778 2.487 217 221 222
-32.745 22.799 2.574 186 187 179
-32.774 22.786 2.624 194 196 193
-32.753 22.798 2.631 185 188 181
-32.763 22.793 2.639 186 187 181
-32.779 22.783 2.624 198 198 196
-32.743 22.802 2.607 181 186 180
-32.760 22.794 2.624 187 189 184
-32.773 22.781 2.545 207 209 206
-32.767 22.790 2.629 189 191 186
-32.791 22.777 2.644 200 199 197
-32.772 22.778 2.490 217 221 222
-32.752 22.793 2.552 190 197 190
-32.784 22.772 2.506 213 218 212
-32.772 22.784 2.577 200 202 201
-32.793 22.772 2.575 211 211 213
-32.766 22.792 2.646 186 187 181
-32.772 22.783 2.566 197 199 196
-32.796 22.772 2.610 208 208 210
-32.771 22.787 2.613 195 197 194
-32.765 22.785 2.529 208 209 204
-32.781 22.779 2.575 204 206 205
-32.795 22.775 2.642 201 202 197
-32.798 22.772 2.615 207 209 208
-32.757 22.796 2.631 186 189 182
-32.756 22.797 2.647 183 184 176
-32.760 22.793 2.616 184 189 185
-32.752 22.798 2.621 185 187 182
-32.771 22.784 2.578 200 202 201
-32.774 22.782 2.567 199 201 200
-32.798 22.771 2.610 208 210 209
-32.755 22.792 2.551 192 199 192
-32.755 22.798 2.640 184 185 177
-32.768 22.789 2.615 191 193 190
-32.842 22.748 2.635 212 212 214
-32.766 22.785 2.551 202 204 201
-32.809 22.764 2.602 210 211 213
-32.802 22.771 2.634 205 207 204
-32.749 22.797 2.578 188 190 185
-32.744 22.805 2.651 177 182 176
-32.810 22.765 2.612 210 211 213
-32.769 22.780 2.487 215 222 215
-32.742 22.805 2.635 183 186 175
-32.783 22.776 2.562 206 208 207
-32.740 22.805 2.622 183 186 175
-32.754 22.794 2.581 187 192 188
-32.825 22.758 2.634 212 213 215
-32.771 22.785 2.580 200 202 201
-32.749 22.796 2.562 184 185 177
-32.751 22.797 2.587 186 191 187
-32.772 22.784 2.582 201 203 202
-32.748 22.798 2.580 188 190 185
-32.803 22.766 2.570 215 215 217
-32.748 22.800 2.619 182 187 180
-32.799 22.772 2.637 204 204 202
-32.794 22.769 2.543 216 218 215
-32.776 22.780 2.556 206 208 205
-32.785 22.781 2.646 196 195 191
-32.765 22.787 2.563 195 197 194
-32.748 22.797 2.580 188 190 185
-32.817 22.761 2.616 212 213 215
-32.809 22.763 2.572 216 217 221
-32.747 22.797 2.572 186 187 181
-32.753 22.791 2.526 200 200 192
-32.806 22.763 2.552 216 218 217
-32.779 22.777 2.528 215 217 212
-32.788 22.777 2.603 207 207 207
-32.759 22.795 2.633 186 189 182
-32.808 22.765 2.597 213 214 216
-32.821 22.757 2.587 217 218 220
-32.828 22.756 2.632 212 213 215
-32.762 22.792 2.614 187 189 186
-32.757 22.793 2.596 189 191 188
-32.819 22.758 2.586 217 218 220
-32.749 22.799 2.604 182 188 184
-32.811 22.764 2.615 211 212 214
-32.817 22.760 2.605 211 212 214
-32.780 22.778 2.556 207 209 206
-32.777 22.776 2.497 213 218 214
-32.826 22.756 2.620 213 212 217
-32.782 22.779 2.580 207 209 208
-32.814 22.760 2.585 217 218 222
-32.764 22.789 2.586 197 199 196
-32.757 22.789 2.522 202 205 198
-32.806 22.763 2.559 216 218 217
-32.795 22.769 2.542 216 218 215
-32.812 22.763 2.605 211 212 214
-32.782 22.775 2.536 214 216 211
-32.811 22.765 2.620 211 211 213
-32.766 22.787 2.569 192 194 191
-32.791 22.773 2.577 211 211 211
-32.749 22.796 2.568 183 185 180
-32.815 22.762 2.621 213 213 215
-32.805 22.765 2.564 215 217 216
-32.775 22.778 2.509 212 218 208
-32.791 22.775 2.603 209 209 211
-32.753 22.791 2.526 200 200 192
-32.795 22.769 2.553 213 215 214
-32.779 22.782 2.608 199 201 200
-32.811 22.765 2.628 211 211 211
-32.800 22.768 2.577 214 214 216
-32.733 22.811 2.643 183 186 175
-32.768 22.789 2.620 191 193 190
-32.764 22.781 2.470 222 222 232
-32.813 22.763 2.615 212 213 215
-32.747 22.800 2.598 182 187 183
-32.786 22.779 2.615 204 206 205
-32.832 22.753 2.622 213 212 217
-32.851 22.747 2.650 208 204 205
-32.800 22.772 2.645 202 201 199
-32.848 22.746 2.639 212 210 211
-32.782 22.784 2.652 191 190 186
-32.801 22.773 2.648 204 200 199
-32.836 22.753 2.642 211 212 214
-32.799 22.773 2.646 202 201 199
-32.830 22.759 2.651 208 204 205
-32.841 22.753 2.652 206 204 207
-32.844 22.749 2.641 211 211 213
-32.832 22.757 2.647 208 206 207
-32.822 22.763 2.651 209 205 206
-32.812 22.766 2.644 208 208 206
-32.756 22.788 2.507 200 210 186
-32.734 22.774 2.501 214 219 212
-32.735 22.789 2.555 192 197 191
-32.732 22.775 2.510 215 220 214
-32.745 22.789 2.531 201 201 201
-32.733 22.800 2.598 182 186 189
-32.759 22.780 2.474 213 225 225
-32.749 22.787 2.520 204 206 203
-32.723 22.767 2.506 217 222 216
-32.736 22.776 2.508 213 218 211
-32.729 22.777 2.525 215 217 212
-32.746 22.773 2.478 215 225 226
-32.727 22.785 2.561 193 195 192
-32.732 22.808 2.625 182 185 176
-32.728 22.770 2.500 215 220 214
-32.749 22.795 2.546 194 197 178
-32.737 22.805 2.604 179 187 172
-32.730 22.806 2.624 183 185 184
-32.759 22.778 2.468 218 226 228
-32.746 22.791 2.538 199 199 199
-32.728 22.801 2.612 182 186 187
-32.764 22.781 2.466 218 227 226
-32.729 22.799 2.600 184 189 183
-32.749 22.785 2.513 208 210 205
-32.727 22.792 2.584 189 194 190
-32.760 22.780 2.472 214 225 227
-32.732 22.792 2.569 188 193 187
-32.748 22.793 2.540 196 198 187
-32.742 22.792 2.550 192 197 191
-32.741 22.792 2.552 191 195 194
-32.730 22.792 2.573 188 193 189
-32.749 22.787 2.518 205 207 204
-32.729 22.778 2.530 213 215 212
-32.740 22.794 2.561 183 188 182
-32.735 22.806 2.613 180 187 171
-32.743 22.779 2.502 210 215 209
-32.742 22.775 2.488 216 222 218
-32.727 22.779 2.538 210 212 209
-32.742 22.799 2.574 184 190 180
-32.736 22.775 2.502 213 218 211
-32.740 22.798 2.576 185 191 181
-32.725 22.777 2.536 211 213 210
-32.737 22.804 2.601 179 187 172
-32.720 22.763 2.497 217 226 221
-32.749 22.787 2.520 204 206 203
-32.737 22.774 2.497 210 220 212
-32.739 22.782 2.519 211 213 210
-32.728 22.770 2.501 215 220 214
-32.733 22.802 2.601 182 186 189
-32.745 22.794 2.550 191 197 187
-32.748 22.779 2.466 219 224 227
-32.748 22.798 2.455 224 229 235
-32.754 22.828 2.437 228 231 238
-32.742 22.788 2.462 221 226 229
-32.745 22.814 2.446 228 231 236
-32.730 22.792 2.461 221 226 229
-32.744 22.831 2.437 227 231 234
-32.751 22.827 2.438 227 230 235
-32.757 22.839 2.430 220 223 228
-32.728 22.763 2.479 219 225 223
-32.730 22.780 2.469 218 224 224
-32.750 22.826 2.439 227 230 235
-32.743 22.801 2.454 224 229 235
-32.758 22.830 2.435 225 228 235
-32.762 22.787 2.460 223 228 231
-32.764 22.784 2.461 222 227 230
-32.758 22.830 2.435 225 228 235
-32.737 22.784 2.465 219 224 227
-32.760 22.796 2.455 224 228 237
-32.736 22.791 2.461 221 226 229
-32.762 22.796 2.455 224 229 235
-32.760 22.779 2.465 221 226 229
-32.737 22.768 2.475 219 225 223
-32.744 22.777 2.468 219 225 225
-32.733 22.782 2.467 219 224 227
-32.745 22.799 2.455 224 229 235
-32.775 23.125 2.560 227 218 211
-32.783 23.130 2.551 225 221 212
-32.772 23.127 2.542 225 222 215
-32.792 23.126 2.592 227 218 209
-32.753 23.121 2.535 226 223 216
-32.753 23.118 2.553 222 215 207
-32.763 23.116 2.585 224 213 207
-32.788 23.127 2.575 215 206 199
-32.772 23.124 2.560 224 215 208
-32.793 23.129 2.578 216 207 200
-32.771 23.122 2.568 220 209 203
-32.744 23.117 2.539 225 221 212
-32.754 23.114 2.577 222 209 201
-32.743 23.119 2.523 224 219 213
-32.792 23.117 2.646 220 213 203
-32.791 23.127 2.587 228 219 210
-32.764 23.125 2.538 223 223 215
-32.783 23.124 2.587 228 219 212
-32.791 23.116 2.646 220 213 203
-32.789 23.117 2.639 219 212 202
-32.770 23.117 2.594 221 212 205
-32.765 23.120 2.566 218 208 199
-32.742 23.115 2.541 228 221 213
-32.736 23.118 2.515 233 223 221
-32.777 23.121 2.591 225 216 209
-32.748 23.121 2.522 225 220 216
-32.792 23.130 2.571 222 213 206
-32.784 23.120 2.610 217 213 204
-32.745 23.116 2.543 226 222 213
-32.747 23.117 2.542 224 219 213
-32.777 23.115 2.620 216 213 204
-32.755 23.115 2.573 222 209 201
-32.783 23.125 2.579 221 212 205
-32.753 23.117 2.557 218 209 202
-32.770 23.126 2.541 225 222 215
-32.756 23.121 2.538 225 222 215
-32.789 23.125 2.594 225 216 207
-32.769 23.121 2.572 218 207 201
-32.782 23.126 2.569 221 212 205
-32.780 23.121 2.596 222 213 206
-32.773 23.124 2.561 224 215 208
-32.790 23.125 2.595 225 216 207
