-27.122 23.531 1.488 149 122 79
-27.134 23.531 1.465 153 126 79
-27.127 23.531 1.457 151 125 76
-27.224 23.534 1.395 158 131 88
-27.182 23.533 1.433 157 128 86
-27.361 23.540 1.468 163 159 134
-27.211 23.535 1.485 149 122 79
-27.097 23.531 1.561 116 108 87
-27.131 23.530 1.369 158 132 83
-27.165 23.534 1.552 159 163 138
-27.213 23.535 1.537 114 107 78
-27.266 23.536 1.438 154 126 79
-27.095 23.529 1.362 87 83 58
-27.178 23.533 1.479 152 125 80
-27.243 23.535 1.431 153 126 83
-27.183 23.532 1.331 37 32 13
-27.362 23.540 1.452 161 159 134
-27.317 23.538 1.410 154 131 87
-27.264 23.536 1.402 158 133 92
-27.312 23.538 1.484 148 121 76
-27.107 23.528 1.296 143 140 109
-27.257 23.537 1.515 146 122 78
-27.137 23.532 1.471 150 123 78
-27.150 23.531 1.415 158 131 84
-27.176 23.533 1.478 152 125 80
-27.144 23.531 1.397 157 130 85
-27.133 23.530 1.353 158 128 74
-27.093 23.529 1.354 117 113 86
-27.220 23.535 1.527 148 124 78
-27.199 23.535 1.536 112 105 76
-27.335 23.539 1.477 143 120 78
-27.288 23.537 1.441 147 123 75
-27.346 23.539 1.475 131 116 83
-27.216 23.535 1.523 149 122 75
-27.255 23.535 1.415 154 130 86
-27.290 23.537 1.464 150 123 80
-27.345 23.539 1.468 121 108 73
-27.105 23.532 1.563 134 129 110
-27.168 23.533 1.457 155 128 83
-27.280 23.536 1.398 152 128 84
-27.113 23.530 1.407 150 135 102
-27.228 23.533 1.345 162 135 88
-27.122 23.532 1.532 142 122 89
-27.195 23.533 1.416 156 132 88
-27.108 23.528 1.295 143 140 109
-27.141 23.530 1.312 106 107 76
-27.254 23.536 1.496 146 122 78
-27.095 23.528 1.328 93 89 64
-27.099 23.530 1.424 111 109 84
-27.274 23.536 1.447 152 124 77
-27.230 23.536 1.535 130 116 81
-27.138 23.533 1.555 112 120 96
-27.242 23.536 1.515 146 122 78
-27.191 23.534 1.502 151 122 78
-27.194 23.534 1.529 146 122 76
-27.189 23.534 1.491 150 123 80
-27.204 23.535 1.545 107 113 87
-27.181 23.532 1.324 34 34 32
-27.159 23.531 1.317 28 30 19
-27.096 23.528 1.290 149 144 115
-27.263 23.537 1.491 146 122 78
-27.318 23.538 1.453 150 121 77
-27.231 23.536 1.529 148 124 78
-27.345 23.539 1.463 123 110 75
-27.134 23.530 1.326 116 120 95
-27.112 23.531 1.523 151 135 109
-27.111 23.530 1.423 150 135 102
-27.127 23.532 1.530 155 126 86
-27.276 23.537 1.465 150 123 80
-27.161 23.531 1.310 79 83 68
-27.126 23.532 1.491 151 123 76
-27.218 23.535 1.487 153 126 83
-27.155 23.533 1.532 144 122 81
-27.098 23.530 1.450 108 106 81
-27.111 23.531 1.521 146 130 104
-27.333 23.539 1.453 150 123 76
-27.108 23.529 1.343 151 141 105
-27.165 23.533 1.469 153 126 79
-27.100 23.529 1.395 117 113 86
-27.101 23.531 1.514 106 99 81
-27.206 23.533 1.353 165 141 95
-27.221 23.534 1.387 160 133 90
-27.166 23.533 1.519 151 122 78
-27.162 23.531 1.358 159 132 87
-27.114 23.531 1.502 151 135 101
-27.134 23.531 1.416 156 129 84
-27.191 23.534 1.538 112 105 76
-27.284 23.536 1.398 155 128 85
-27.215 23.534 1.389 158 134 90
-27.229 23.534 1.416 157 130 85
-27.136 23.531 1.386 160 133 90
-27.182 23.533 1.457 157 130 85
-27.300 23.538 1.475 147 120 77
-27.342 23.539 1.469 133 117 81
-27.281 23.537 1.498 150 122 74
-27.171 23.533 1.472 156 129 84
-27.203 23.534 1.437 158 129 85
-27.142 23.533 1.546 110 114 89
-27.166 23.534 1.550 102 106 81
-27.211 23.534 1.449 159 130 88
-27.274 23.536 1.385 155 131 87
-27.149 23.531 1.390 158 131 86
-27.270 23.537 1.470 149 122 79
-27.151 23.531 1.340 162 130 81
-27.239 23.536 1.492 148 121 78
-27.128 23.532 1.508 150 123 80
-27.280 23.537 1.488 143 120 76
-27.196 23.534 1.492 151 124 81
-27.151 23.533 1.525 150 122 75
-27.094 23.529 1.345 101 101 77
-27.104 23.531 1.546 112 107 88
-27.267 23.536 1.420 151 127 81
-27.105 23.530 1.447 145 140 111
-27.128 23.531 1.422 157 129 82
-27.210 23.534 1.447 158 131 88
-27.108 23.529 1.366 146 133 101
-27.216 23.533 1.357 157 133 89
-27.117 23.530 1.420 155 127 88
-27.215 23.534 1.426 158 131 88
-27.288 23.537 1.474 146 119 76
-27.298 23.537 1.422 154 127 82
-27.258 23.536 1.458 152 125 82
-27.226 23.534 1.365 157 133 89
-27.300 23.538 1.482 144 120 76
-27.135 23.530 1.319 98 111 85
-27.207 23.533 1.370 161 137 91
-27.108 23.530 1.412 146 137 106
-27.148 23.530 1.307 104 111 80
-27.227 23.534 1.353 157 134 90
-27.122 23.531 1.471 146 122 76
-27.110 23.529 1.316 120 123 96
-27.121 23.530 1.348 155 133 86
-27.304 23.537 1.443 146 125 82
-27.247 23.534 1.369 160 132 92
-27.111 23.530 1.375 154 138 102
-27.186 23.533 1.456 157 128 86
-27.231 23.535 1.447 152 124 84
-27.115 23.530 1.377 154 135 95
-27.097 23.529 1.411 111 107 80
-27.159 23.534 1.562 114 118 93
-27.174 23.531 1.332 39 34 15
-27.191 23.534 1.459 155 126 84
-27.127 23.529 1.304 108 110 86
-27.111 23.531 1.467 152 139 107
-27.231 23.534 1.416 156 129 84
-27.283 23.536 1.389 157 130 87
-27.135 23.531 1.452 154 130 82
-27.255 23.535 1.368 158 130 90
-27.244 23.535 1.392 155 132 90
-27.130 23.530 1.318 100 110 85
-27.193 23.533 1.402 155 132 90
-27.253 23.536 1.464 150 123 80
-27.119 23.529 1.336 156 134 97
-27.240 23.535 1.464 148 124 80
-27.272 23.536 1.413 152 128 84
-27.098 23.530 1.451 108 106 81
-27.123 23.530 1.391 158 130 83
-27.259 23.537 1.521 148 120 73
-27.184 23.534 1.532 146 124 83
-27.115 23.529 1.326 121 121 93
-27.142 23.531 1.420 157 131 82
-27.198 23.533 1.360 159 132 87
-27.093 23.528 1.325 118 112 90
-27.154 23.532 1.439 156 127 83
-27.109 23.532 1.557 140 137 120
-27.220 23.534 1.430 155 128 85
-27.099 23.530 1.473 107 102 80
-27.349 23.539 1.450 150 144 110
-27.129 23.531 1.467 153 126 79
-27.158 23.532 1.423 158 130 83
-27.120 23.529 1.329 88 84 55
-27.155 23.533 1.543 110 114 87
-27.218 23.533 1.366 156 132 88
-27.151 23.533 1.515 151 124 81
-27.228 23.535 1.485 150 123 80
-27.288 23.537 1.480 144 120 76
-27.226 23.533 1.348 157 135 88
-27.242 23.535 1.419 156 129 86
-27.154 23.530 1.316 93 94 76
-27.146 23.530 1.328 65 66 52
-27.139 23.530 1.337 166 137 93
-27.211 23.534 1.399 159 135 89
-27.119 23.531 1.495 149 126 85
-27.121 23.529 1.331 83 72 42
-27.150 23.530 1.321 58 60 47
-27.196 23.533 1.440 158 129 85
-27.344 23.539 1.467 131 116 77
-27.280 23.536 1.425 153 126 79
-27.109 23.531 1.526 143 131 107
-27.125 23.532 1.500 155 122 81
-27.243 23.535 1.408 158 130 90
-27.117 23.529 1.325 118 118 92
-27.096 23.529 1.396 113 109 82
-27.172 23.531 1.324 33 35 32
-27.095 23.528 1.291 139 134 105
-27.101 23.528 1.311 140 139 111
-27.202 23.535 1.523 152 125 78
-27.191 23.535 1.540 110 108 83
-27.098 23.528 1.300 137 133 108
-27.266 23.537 1.515 145 121 77
-27.170 23.532 1.392 159 132 89
-27.224 23.533 1.348 157 135 88
-27.118 23.531 1.509 146 126 91
-27.136 23.532 1.489 153 124 82
-27.297 23.538 1.490 143 120 76
-27.128 23.532 1.485 153 125 78
-27.269 23.536 1.451 152 123 81
-27.169 23.531 1.354 160 133 90
-27.225 23.535 1.508 148 123 82
-27.272 23.536 1.428 152 125 78
-27.107 23.529 1.322 139 137 112
-27.100 23.530 1.445 105 103 78
-27.339 23.538 1.416 147 130 87
-27.184 23.533 1.399 159 131 91
-27.294 23.537 1.456 151 124 81
-27.193 23.533 1.417 156 132 88
-27.355 23.540 1.465 167 162 133
-27.317 23.538 1.443 148 125 81
-27.131 23.530 1.352 158 128 74
-27.138 23.531 1.388 158 131 88
-27.190 23.532 1.356 161 134 89
-27.176 23.533 1.444 158 129 89
-27.259 23.535 1.374 158 130 90
-27.208 23.535 1.496 151 124 81
-27.111 23.529 1.340 147 133 96
-27.333 23.539 1.445 149 126 84
-27.297 23.537 1.461 150 123 80
-27.255 23.536 1.468 149 122 79
-27.125 23.531 1.470 152 126 77
-27.097 23.528 1.318 144 139 117
-27.099 23.529 1.327 126 122 95
-27.177 23.532 1.346 160 134 83
-27.165 23.531 1.358 159 132 87
-27.183 23.533 1.457 157 130 85
-27.284 23.537 1.472 151 124 81
-27.104 23.529 1.325 146 142 117
-27.132 23.531 1.438 154 128 79
-27.298 23.537 1.436 148 125 81
-27.119 23.531 1.445 156 128 88
-27.189 23.533 1.392 157 135 88
-27.229 23.534 1.420 156 129 84
-27.233 23.534 1.402 159 131 91
-27.187 23.533 1.420 154 130 86
-27.214 23.533 1.364 156 132 88
-27.139 23.533 1.555 148 152 127
-27.109 23.530 1.391 149 136 102
-27.334 23.539 1.452 150 123 76
-27.136 23.530 1.363 160 134 85
-27.097 23.530 1.455 105 103 78
-27.178 23.532 1.377 156 129 84
-27.120 23.529 1.303 108 111 84
-27.175 23.533 1.426 159 130 86
-27.107 23.531 1.499 146 142 115
-27.258 23.535 1.400 159 132 89
-27.282 23.537 1.461 149 122 79
-27.215 23.533 1.379 160 136 92
-27.133 23.532 1.540 107 113 79
-27.176 23.532 1.365 160 133 90
-27.124 23.529 1.298 108 108 80
-27.306 23.538 1.447 146 124 83
-27.277 23.536 1.378 156 133 91
-27.324 23.538 1.427 150 123 76
-27.101 23.528 1.294 141 137 108
-27.355 23.540 1.469 169 164 135
-27.151 23.531 1.397 158 131 86
-27.102 23.531 1.483 122 115 96
-27.154 23.530 1.313 100 102 80
-27.157 23.531 1.368 160 133 86
-27.139 23.530 1.327 87 85 70
-27.194 23.534 1.454 156 127 85
-27.129 23.531 1.470 153 126 79
-27.276 23.536 1.393 159 135 91
-27.256 23.535 1.408 155 130 89
-27.124 23.531 1.432 159 126 81
-27.188 23.533 1.425 156 129 86
-27.263 23.536 1.439 154 125 81
-27.150 23.530 1.297 112 111 81
-27.303 23.538 1.488 144 120 76
-27.127 23.530 1.378 161 133 86
-27.207 23.534 1.437 155 128 85
-27.188 23.532 1.377 156 132 86
-27.176 23.532 1.385 160 133 88
-27.178 23.533 1.465 155 128 83
-27.302 23.537 1.395 156 132 88
-27.099 23.528 1.291 132 127 98
-27.118 23.531 1.511 146 126 91
-27.160 23.533 1.480 154 126 79
-27.195 23.532 1.353 158 135 93
-27.177 23.533 1.479 152 125 80
-27.218 23.534 1.416 158 131 86
-27.149 23.533 1.562 138 142 117
-27.150 23.531 1.401 157 130 85
-27.094 23.531 1.526 134 128 102
-27.163 23.532 1.420 157 130 83
-27.250 23.536 1.448 151 123 83
-27.193 23.534 1.492 150 123 80
-27.110 23.528 1.289 141 138 105
-27.213 23.533 1.387 158 134 90
-27.340 23.539 1.442 146 126 89
-27.105 23.529 1.326 146 142 117
-27.173 23.533 1.463 152 125 80
-27.288 23.537 1.481 144 121 77
-27.359 23.540 1.465 164 160 135
-27.206 23.533 1.381 158 134 88
-27.231 23.536 1.528 148 124 78
-27.213 23.535 1.499 154 123 79
-27.299 23.537 1.444 146 125 82
-27.325 23.538 1.450 153 124 80
-27.162 23.534 1.560 146 150 125
-27.143 23.533 1.546 110 114 89
-27.248 23.535 1.440 151 123 83
-27.125 23.530 1.408 160 129 85
-27.251 23.536 1.482 147 123 79
-27.139 23.531 1.424 159 131 83
-27.147 23.530 1.304 105 107 83
-27.190 23.534 1.523 150 123 76
-27.286 23.537 1.469 150 123 80
-27.235 23.534 1.373 158 133 93
-27.192 23.534 1.511 146 123 81
-27.254 23.536 1.498 150 122 74
-27.179 23.532 1.363 161 134 91
-27.331 23.539 1.452 152 124 77
-27.141 23.533 1.547 110 114 89
-27.226 23.536 1.523 149 122 75
-27.176 23.532 1.356 162 135 92
-27.217 23.535 1.467 152 125 82
-27.343 23.539 1.452 142 127 88
-27.334 23.539 1.468 144 120 76
-27.232 23.536 1.515 147 123 79
-27.160 23.532 1.400 157 130 87
-27.135 23.532 1.506 154 122 81
-27.096 23.530 1.420 111 107 80
-27.156 23.530 1.301 105 107 83
-27.113 23.530 1.405 156 134 97
-27.181 23.532 1.371 160 133 88
-27.172 23.532 1.380 161 134 89
-27.233 23.534 1.370 160 135 94
-27.237 23.535 1.440 151 123 83
-27.136 23.530 1.374 158 131 84
-27.115 23.529 1.338 151 135 99
-27.267 23.537 1.496 143 120 76
-27.104 23.529 1.378 151 142 113
-27.268 23.536 1.407 157 132 91
-27.238 23.534 1.396 153 132 89
-27.154 23.532 1.485 152 124 77
-27.126 23.530 1.372 160 132 84
-27.213 23.534 1.434 154 127 84
-27.120 23.529 1.307 111 110 79
-27.148 23.530 1.341 162 129 78
-27.225 23.535 1.507 148 123 82
-27.206 23.535 1.528 154 130 84
-27.098 23.531 1.527 109 103 79
-27.189 23.532 1.339 163 136 93
-27.135 23.532 1.493 151 122 80
-27.154 23.532 1.411 159 132 85
-27.255 23.536 1.508 145 121 77
-27.280 23.536 1.389 159 135 91
-27.273 23.537 1.499 151 123 75
-27.251 23.536 1.516 145 121 77
-27.350 23.540 1.473 132 121 91
-27.291 23.537 1.433 152 128 80
-27.095 23.528 1.322 96 90 68
-27.114 23.531 1.473 150 132 96
-27.183 23.533 1.440 156 127 85
-27.200 23.535 1.540 117 115 90
-27.113 23.529 1.314 109 112 81
-27.217 23.535 1.535 125 111 76
-27.184 23.532 1.334 117 102 71
-27.126 23.529 1.294 117 118 87
-27.170 23.532 1.387 159 132 87
-27.164 23.531 1.338 158 135 94
-27.170 23.533 1.516 152 125 82
-27.285 23.537 1.434 152 126 77
-27.178 23.533 1.423 156 127 83
-27.128 23.531 1.470 153 126 79
-27.333 23.539 1.480 144 121 79
-27.127 23.530 1.399 157 128 84
-27.276 23.536 1.426 153 126 79
-27.118 23.529 1.335 141 127 92
-27.265 23.536 1.466 150 123 80
-27.162 23.532 1.433 159 130 86
-27.143 23.532 1.511 148 123 82
-27.214 23.534 1.408 161 134 89
-27.331 23.539 1.473 146 122 78
-27.179 23.534 1.538 104 99 67
-27.106 23.530 1.396 147 138 107
-27.222 23.534 1.420 158 131 88
-27.133 23.532 1.511 148 124 78
-27.218 23.534 1.434 153 126 83
-27.222 23.533 1.359 156 133 89
-27.152 23.531 1.346 162 132 82
-27.252 23.535 1.410 156 129 86
-27.135 23.530 1.369 159 132 85
-27.162 23.533 1.530 149 127 86
-27.111 23.532 1.561 144 141 124
-27.288 23.536 1.385 157 129 89
-27.299 23.537 1.394 155 131 87
-27.234 23.536 1.527 143 119 73
-27.107 23.529 1.326 136 134 109
-27.258 23.536 1.489 147 123 79
-27.289 23.537 1.418 152 128 82
-27.103 23.531 1.515 121 114 96
-27.246 23.535 1.391 157 132 91
-27.159 23.532 1.412 161 134 89
-27.217 23.535 1.537 105 98 69
-27.108 23.529 1.353 153 140 105
-27.152 23.532 1.428 155 127 80
-27.334 23.539 1.460 153 126 81
-27.275 23.537 1.513 144 121 79
-27.232 23.535 1.477 147 120 77
-27.164 23.532 1.448 153 124 84
-27.281 23.537 1.468 150 123 80
-27.187 23.533 1.404 153 130 88
-27.257 23.536 1.444 155 126 84
-27.138 23.530 1.338 165 129 77
-27.149 23.533 1.523 152 121 75
-27.194 23.532 1.363 160 133 88
-27.182 23.534 1.555 115 119 94
-27.134 23.529 1.300 105 107 83
-27.103 23.530 1.408 128 127 99
-27.100 23.530 1.467 100 95 73
-27.248 23.534 1.360 160 133 90
-27.239 23.536 1.515 146 122 78
-27.111 23.529 1.313 119 119 91
-27.095 23.529 1.406 110 106 79
-27.312 23.538 1.440 149 126 82
-27.181 23.533 1.451 156 129 84
-27.120 23.530 1.413 159 127 86
-27.192 23.534 1.475 152 125 82
-27.199 23.534 1.435 159 130 86
-27.151 23.530 1.312 101 103 79
-27.208 23.534 1.485 152 125 82
-27.355 23.539 1.447 168 161 135
-27.159 23.533 1.550 151 155 130
-27.298 23.538 1.477 145 121 77
-27.320 23.538 1.437 149 125 79
-27.259 23.537 1.507 144 120 76
-27.294 23.537 1.444 147 124 80
-27.158 23.532 1.459 155 127 80
-27.216 23.534 1.447 155 128 85
-27.107 23.529 1.372 149 136 104
-27.151 23.533 1.564 136 140 115
-27.226 23.534 1.432 155 128 85
-27.342 23.539 1.423 136 122 85
-27.294 23.537 1.434 151 127 81
-27.198 23.532 1.339 165 138 95
-27.299 23.538 1.502 143 120 76
-27.097 23.528 1.286 160 153 127
-27.315 23.537 1.410 154 130 86
-27.245 23.536 1.463 148 124 80
-27.169 23.533 1.525 150 122 75
-27.099 23.529 1.361 129 125 100
-27.112 23.529 1.365 156 140 106
-27.201 23.532 1.340 165 138 95
-27.180 23.534 1.502 154 126 79
-27.101 23.531 1.562 96 89 70
-27.150 23.532 1.491 152 124 77
-27.154 23.533 1.558 156 160 135
-27.216 23.535 1.513 149 126 84
-27.177 23.531 1.315 39 34 30
-27.209 23.533 1.394 158 134 88
-27.098 23.531 1.540 123 112 92
-27.183 23.534 1.555 115 119 94
-27.232 23.535 1.471 151 124 81
-27.280 23.536 1.408 155 132 90
-27.180 23.534 1.496 154 127 82
-27.131 23.531 1.395 156 129 86
-27.257 23.536 1.423 155 128 83
-27.303 23.538 1.488 144 120 76
-27.232 23.535 1.416 156 129 84
-27.224 23.533 1.357 157 134 90
-27.175 23.534 1.530 151 127 81
-27.098 23.530 1.430 108 106 81
-27.137 23.533 1.566 108 116 92
-27.199 23.534 1.484 153 126 83
-27.170 23.534 1.542 111 111 83
-27.248 23.536 1.460 151 124 81
-27.208 23.533 1.360 156 132 86
-27.343 23.539 1.423 136 122 85
-27.111 23.532 1.544 136 134 119
-27.115 23.531 1.505 150 134 100
-27.322 23.539 1.491 149 120 76
-27.227 23.534 1.362 158 135 91
-27.220 23.534 1.412 159 132 87
-27.172 23.534 1.547 104 108 83
-27.246 23.535 1.402 160 132 92
-27.274 23.536 1.402 157 134 93
-27.251 23.536 1.506 145 121 77
-27.119 23.530 1.410 158 130 91
-27.304 23.538 1.479 146 122 78
-27.147 23.533 1.556 107 111 86
-27.109 23.529 1.373 149 136 104
-27.183 23.534 1.482 152 125 80
-27.162 23.531 1.357 159 132 87
-27.264 23.535 1.371 157 132 91
-27.131 23.530 1.391 157 130 87
-27.124 23.531 1.494 151 123 76
-27.140 23.531 1.392 157 130 85
-27.267 23.535 1.372 157 132 91
-27.123 23.531 1.435 160 127 82
-27.259 23.535 1.400 159 132 89
-27.234 23.534 1.399 152 131 88
-27.332 23.539 1.457 153 126 81
-27.337 23.538 1.410 153 132 87
-27.331 23.538 1.368 156 129 84
-27.317 23.537 1.281 163 157 131
-27.345 23.538 1.291 128 122 98
-27.336 23.537 1.281 174 163 141
-27.333 23.537 1.287 177 171 145
-27.328 23.537 1.313 115 115 87
-27.265 23.535 1.360 158 134 88
-27.364 23.539 1.400 167 160 142
-27.292 23.536 1.315 41 38 31
-27.296 23.536 1.298 36 36 28
-27.356 23.539 1.420 166 161 139
-27.279 23.535 1.290 92 90 69
-27.347 23.539 1.411 149 142 114
-27.360 23.539 1.297 172 164 143
-27.316 23.537 1.327 118 112 86
-27.356 23.538 1.289 172 164 143
-27.299 23.536 1.356 156 133 83
-27.297 23.536 1.330 42 39 32
-27.358 23.539 1.395 165 160 141
-27.157 23.530 1.281 168 161 135
-27.235 23.533 1.298 34 31 22
-27.177 23.531 1.309 30 29 24
-27.287 23.536 1.368 154 130 84
-27.237 23.534 1.323 45 48 31
-27.305 23.537 1.375 157 133 89
-27.180 23.531 1.292 150 145 115
-27.340 23.538 1.331 128 117 85
-27.274 23.535 1.343 159 141 93
-27.329 23.538 1.404 152 129 79
-27.267 23.535 1.344 159 138 85
-27.338 23.538 1.402 144 127 84
-27.343 23.538 1.281 174 163 143
-27.189 23.532 1.286 145 142 107
-27.303 23.537 1.388 155 131 87
-27.221 23.533 1.290 136 133 102
-27.192 23.532 1.322 40 37 28
-27.337 23.538 1.313 116 121 91
-27.268 23.535 1.334 44 34 32
-27.326 23.537 1.302 125 124 106
-27.310 23.536 1.294 39 37 22
-27.355 23.539 1.352 176 164 138
-27.235 23.534 1.307 39 35 26
-27.336 23.538 1.298 115 116 85
-27.311 23.537 1.302 47 47 39
-27.352 23.539 1.349 180 169 141
-27.363 23.539 1.281 169 161 142
-27.323 23.537 1.328 126 112 75
-27.361 23.539 1.417 163 158 138
-27.183 23.531 1.304 33 34 20
-27.237 23.534 1.337 109 98 76
-27.199 23.532 1.285 148 145 110
-27.298 23.536 1.345 159 138 95
-27.270 23.535 1.301 35 34 30
-27.232 23.534 1.335 118 101 71
-27.310 23.537 1.370 157 133 87
-27.289 23.536 1.287 139 138 110
-27.326 23.538 1.381 154 129 88
-27.299 23.536 1.308 35 35 35
-27.253 23.534 1.294 38 36 23
-27.225 23.533 1.323 39 41 38
-27.292 23.536 1.383 156 131 90
-27.181 23.531 1.294 112 108 81
-27.238 23.534 1.328 39 39 29
-27.194 23.532 1.322 36 36 26
-27.297 23.536 1.367 155 131 85
-27.333 23.538 1.334 155 130 90
-27.326 23.538 1.402 152 131 88
-27.287 23.536 1.296 39 39 29
-27.267 23.535 1.338 140 126 91
-27.317 23.537 1.382 154 129 88
-27.184 23.531 1.293 106 105 84
-27.352 23.539 1.410 170 166 141
-27.162 23.531 1.296 118 114 85
-27.250 23.534 1.335 66 55 35
-27.263 23.535 1.342 152 134 84
-27.340 23.538 1.405 146 129 86
-27.256 23.534 1.293 33 34 20
-27.345 23.539 1.404 104 95 62
-27.242 23.534 1.331 44 41 36
-27.250 23.534 1.354 160 133 88
-27.326 23.537 1.310 115 115 87
-27.355 23.538 1.310 173 167 141
-27.197 23.532 1.294 62 61 41
-27.318 23.537 1.390 155 131 87
-27.291 23.536 1.310 36 37 32
-27.257 23.535 1.336 42 31 11
-27.360 23.539 1.388 163 160 141
-27.188 23.532 1.298 77 78 64
-27.350 23.538 1.334 175 165 138
-27.351 23.539 1.422 168 162 136
-27.207 23.532 1.320 40 36 27
-27.285 23.536 1.371 155 131 87
-27.341 23.538 1.367 130 112 76
-27.326 23.537 1.297 117 116 95
-27.344 23.538 1.337 137 121 88
-27.347 23.538 1.313 159 155 128
-27.350 23.538 1.319 173 172 151
-27.328 23.538 1.395 155 132 88
-27.359 23.538 1.297 172 164 143
-27.354 23.539 1.400 167 162 142
-27.338 23.538 1.353 152 130 91
-27.350 23.538 1.313 171 169 146
-27.297 23.536 1.370 156 132 86
-27.309 23.536 1.293 39 37 22
-27.330 23.538 1.338 159 127 86
-27.292 23.536 1.315 41 38 31
-27.214 23.533 1.290 112 108 83
-27.218 23.533 1.282 151 146 114
-27.228 23.533 1.313 39 36 27
-27.226 23.533 1.343 164 136 89
-27.293 23.536 1.290 90 89 69
-27.300 23.536 1.289 144 139 117
-27.273 23.535 1.303 36 35 33
-27.178 23.531 1.304 54 55 41
-27.298 23.536 1.293 36 34 21
-27.310 23.537 1.336 159 142 114
-27.326 23.537 1.311 115 115 87
-27.283 23.536 1.318 41 37 26
-27.346 23.538 1.318 101 105 80
-27.339 23.538 1.404 146 129 86
-27.196 23.532 1.292 127 126 98
-27.204 23.532 1.301 39 38 33
-27.360 23.538 1.293 175 167 146
-27.268 23.535 1.281 153 148 119
-27.230 23.533 1.311 38 35 26
-27.294 23.536 1.309 35 35 33
-27.303 23.536 1.300 29 28 24
-27.191 23.532 1.294 115 114 93
-27.328 23.537 1.294 87 85 60
-27.333 23.538 1.369 152 128 84
-27.296 23.536 1.309 33 33 33
-27.311 23.537 1.345 159 132 87
-27.310 23.536 1.288 142 137 115
-27.295 23.536 1.368 155 131 85
-27.328 23.537 1.306 128 124 95
-27.319 23.537 1.325 123 123 97
-27.354 23.539 1.392 168 163 143
-27.358 23.539 1.406 161 159 138
-27.360 23.539 1.313 168 162 140
-27.237 23.534 1.305 31 30 26
-27.272 23.535 1.307 42 37 34
-27.362 23.539 1.294 177 169 150
-27.334 23.538 1.331 151 131 94
-27.306 23.536 1.293 44 42 29
-27.309 23.537 1.361 155 131 83
-27.299 23.536 1.360 156 132 84
-27.339 23.538 1.310 111 111 83
-27.316 23.537 1.298 62 61 43
-27.332 23.538 1.316 110 117 86
-27.348 23.538 1.363 162 149 117
-27.229 23.533 1.314 39 36 27
-27.342 23.538 1.286 171 163 140
-27.271 23.535 1.328 42 41 37
-27.289 23.536 1.312 38 38 30
-27.275 23.535 1.345 154 132 82
-27.299 23.537 1.364 156 132 84
-27.177 23.531 1.296 110 108 87
-27.291 23.536 1.338 48 37 17
-27.253 23.534 1.306 108 103 97
-27.342 23.538 1.377 127 111 75
-27.211 23.533 1.311 41 37 28
-27.355 23.538 1.318 171 169 148
-27.328 23.538 1.398 155 132 88
-27.184 23.531 1.290 138 137 109
-27.338 23.538 1.355 153 131 92
-27.350 23.539 1.381 170 164 138
-27.355 23.539 1.417 166 161 139
-27.332 23.540 1.566 112 116 91
-27.340 23.540 1.519 145 122 81
-27.331 23.540 1.568 112 116 91
-27.222 23.536 1.553 109 115 89
-27.330 23.539 1.539 122 115 86
-27.346 23.540 1.488 116 101 70
-27.198 23.535 1.552 102 108 82
-27.345 23.540 1.541 108 103 74
-27.364 23.540 1.487 164 156 133
-27.265 23.537 1.531 142 120 79
-27.214 23.536 1.569 106 110 87
-27.307 23.539 1.560 107 112 90
-27.235 23.536 1.559 109 114 92
-27.364 23.540 1.495 166 155 133
-27.343 23.540 1.524 136 118 82
-27.340 23.539 1.486 141 121 84
-27.352 23.540 1.505 161 152 123
-27.225 23.536 1.555 105 110 87
-27.325 23.539 1.544 110 112 91
-27.302 23.539 1.547 112 114 93
-27.350 23.540 1.567 113 111 86
-27.209 23.535 1.546 103 109 83
-27.348 23.540 1.528 131 118 86
-27.304 23.539 1.561 109 114 92
-27.353 23.540 1.555 144 139 117
-27.348 23.540 1.525 132 119 85
-27.192 23.535 1.560 108 113 90
-27.360 23.540 1.494 167 156 134
-27.279 23.538 1.547 110 114 91
-27.358 23.540 1.521 165 156 127
-27.328 23.539 1.500 150 119 75
-27.319 23.539 1.552 111 114 93
-27.327 23.539 1.514 142 118 74
-27.313 23.539 1.506 142 117 76
-27.305 23.539 1.551 110 113 92
-27.304 23.538 1.516 146 119 76
-27.329 23.539 1.511 143 118 77
-27.267 23.537 1.532 142 120 79
-27.304 23.539 1.570 113 117 94
-27.363 23.541 1.546 159 155 128
-27.349 23.540 1.501 142 131 101
-27.282 23.538 1.564 107 112 90
-27.331 23.540 1.542 120 113 85
-27.323 23.539 1.551 111 114 93
-27.356 23.540 1.482 173 163 138
-27.317 23.539 1.556 111 114 93
-27.351 23.540 1.533 147 140 111
-27.316 23.539 1.503 145 118 75
-27.262 23.537 1.566 106 109 88
-27.325 23.539 1.526 144 117 72
-27.296 23.538 1.508 142 119 77
-27.283 23.538 1.555 111 114 93
-27.363 23.540 1.502 163 155 132
-27.319 23.539 1.502 146 117 73
-27.356 23.540 1.540 163 159 132
-27.301 23.538 1.507 142 119 77
-27.263 23.537 1.543 109 113 86
-27.297 23.538 1.546 112 114 93
-27.334 23.540 1.529 133 117 83
-27.347 23.540 1.507 117 101 67
-27.277 23.538 1.571 111 113 89
-27.330 23.539 1.520 141 114 71
-27.350 23.540 1.520 131 117 82
-27.291 23.538 1.536 131 124 95
-27.229 23.536 1.558 106 111 88
-27.305 23.539 1.565 109 114 92
-27.354 23.540 1.507 172 162 135
-27.328 23.539 1.544 117 112 92
-27.337 23.540 1.571 102 106 79
-27.239 23.536 1.568 105 108 87
-27.327 23.539 1.505 145 120 79
-27.241 23.536 1.532 147 125 84
-27.192 23.535 1.562 105 110 87
-27.292 23.538 1.531 142 120 79
-27.252 23.537 1.557 108 113 91
-27.331 23.539 1.537 106 97 66
-27.276 23.538 1.548 110 113 92
-27.295 23.538 1.547 112 114 93
-27.260 23.537 1.566 107 110 89
-27.319 23.539 1.535 134 118 84
-27.307 23.539 1.539 106 102 77
-27.273 23.537 1.528 139 115 69
-27.254 23.537 1.546 110 114 91
-27.333 23.539 1.520 138 113 72
-27.364 23.541 1.553 159 152 126
-27.260 23.537 1.533 117 103 66
-27.357 23.540 1.501 163 157 133
-27.356 23.540 1.483 173 163 138
-27.333 23.539 1.534 121 108 76
-27.305 23.539 1.552 110 113 92
-27.259 23.537 1.558 108 113 91
-27.309 23.539 1.557 108 113 91
-27.340 23.540 1.551 110 112 90
-27.329 23.539 1.489 150 121 77
-27.363 23.540 1.487 163 155 132
-27.313 23.539 1.506 142 117 76
-27.163 23.534 1.570 109 111 87
-27.287 23.538 1.543 113 117 94
-27.258 23.537 1.547 110 114 91
-27.363 23.540 1.476 164 158 134
-27.215 23.536 1.568 106 110 87
-27.358 23.541 1.570 161 157 132
