-5.295 23.888 1.518 93 105 85
-5.199 23.883 1.525 104 113 94
-5.249 23.885 1.504 163 158 138
-5.315 23.889 1.502 146 134 118
-5.433 23.894 1.429 170 163 145
-5.309 23.889 1.510 170 161 146
-5.295 23.887 1.459 164 162 141
-5.412 23.893 1.449 165 163 142
-5.427 23.894 1.456 166 165 145
-5.424 23.896 1.542 99 109 85
-5.235 23.885 1.543 111 114 95
-5.373 23.893 1.547 96 108 88
-5.363 23.892 1.500 163 161 140
-5.353 23.892 1.548 94 106 84
-5.338 23.891 1.552 91 101 77
-5.340 23.888 1.428 168 163 144
-5.275 23.887 1.513 120 121 89
-5.368 23.891 1.482 161 160 139
-5.221 23.883 1.469 160 156 144
-5.409 23.893 1.441 165 163 142
-5.440 23.894 1.426 170 163 145
-5.270 23.887 1.533 99 108 89
-5.358 23.892 1.540 92 106 89
-5.323 23.888 1.472 163 160 141
-5.436 23.896 1.493 166 161 139
-5.277 23.886 1.498 162 157 135
-5.354 23.890 1.470 165 162 145
-5.347 23.890 1.493 166 159 141
-5.216 23.884 1.544 106 109 90
-5.401 23.892 1.442 167 165 144
-5.335 23.889 1.458 164 163 145
-5.288 23.887 1.487 163 157 141
-5.410 23.894 1.471 161 158 141
-5.321 23.888 1.447 164 163 142
-5.345 23.889 1.431 168 163 143
-5.426 23.894 1.438 166 165 144
-5.293 23.889 1.545 91 108 92
-5.432 23.893 1.398 170 168 147
-5.395 23.892 1.445 168 163 143
-5.280 23.886 1.487 164 157 139
-5.307 23.887 1.458 164 161 142
-5.260 23.884 1.457 162 161 141
-5.375 23.893 1.519 98 104 78
-5.353 23.892 1.533 93 108 89
-5.249 23.885 1.502 160 157 138
-5.393 23.894 1.544 91 106 87
-5.395 23.891 1.422 168 163 143
-5.438 23.895 1.465 166 166 142
-5.443 23.894 1.414 171 166 144
-5.223 23.885 1.550 106 108 87
-5.364 23.890 1.419 169 164 145
-5.335 23.891 1.549 90 102 88
-5.439 23.895 1.458 166 165 144
-5.404 23.893 1.466 164 161 144
-5.419 23.894 1.465 165 163 142
-5.303 23.887 1.444 163 160 141
-5.423 23.894 1.453 165 164 144
-5.200 23.883 1.529 103 115 95
-5.248 23.884 1.458 160 161 143
-5.272 23.887 1.536 91 105 82
-5.382 23.893 1.529 99 112 92
-5.415 23.894 1.472 165 162 143
-5.294 23.888 1.517 103 108 86
-5.345 23.892 1.542 93 108 87
-5.328 23.890 1.532 96 111 82
-5.443 23.896 1.493 166 162 137
-5.440 23.893 1.398 172 167 145
-5.259 23.886 1.531 132 140 119
-5.203 23.882 1.474 161 157 146
-5.376 23.892 1.483 161 160 139
-5.258 23.887 1.550 102 109 93
-5.439 23.896 1.491 166 161 139
-5.246 23.885 1.527 95 99 85
-5.261 23.886 1.511 162 157 135
-5.291 23.886 1.451 164 161 142
-5.319 23.889 1.484 163 158 139
-5.428 23.895 1.470 165 163 140
-5.246 23.884 1.489 157 158 142
-5.416 23.894 1.469 167 164 145
-5.274 23.887 1.515 105 108 79
-5.368 23.893 1.553 91 96 73
-5.364 23.890 1.424 168 163 144
-5.307 23.888 1.503 163 154 139
-5.404 23.892 1.421 167 165 144
-5.300 23.887 1.459 164 162 141
-5.283 23.887 1.521 97 106 89
-5.354 23.890 1.448 162 159 140
-5.426 23.893 1.400 170 168 147
-5.285 23.888 1.525 95 106 92
-5.381 23.891 1.436 161 156 136
-5.342 23.890 1.493 164 155 138
-5.308 23.887 1.461 164 161 142
-5.445 23.896 1.478 167 165 142
-5.308 23.887 1.442 163 160 141
-5.383 23.892 1.465 163 160 145
-5.210 23.882 1.485 162 155 145
-5.249 23.885 1.502 160 157 138
-5.197 23.883 1.543 122 125 104
-5.271 23.885 1.454 164 162 141
-5.260 23.886 1.502 160 158 137
-5.350 23.889 1.438 161 159 138
-5.403 23.892 1.408 167 165 144
-5.419 23.893 1.434 167 165 144
-5.425 23.893 1.425 166 165 145
-5.305 23.887 1.471 158 157 136
-5.396 23.891 1.421 168 163 143
-5.291 23.886 1.451 164 161 142
-5.297 23.887 1.468 158 160 138
-5.340 23.891 1.527 98 110 86
-5.250 23.886 1.544 103 112 95
-5.204 23.882 1.488 159 155 143
-5.226 23.884 1.529 133 145 123
-5.304 23.887 1.454 164 161 142
-5.343 23.890 1.474 158 156 135
-5.400 23.894 1.519 99 103 76
-5.266 23.885 1.480 159 156 139
-5.194 23.883 1.543 123 126 105
-5.402 23.893 1.470 164 161 144
-5.392 23.894 1.512 169 163 139
-5.228 23.885 1.533 137 149 129
-5.290 23.888 1.520 94 107 87
-5.385 23.892 1.462 167 161 147
-5.403 23.895 1.537 92 109 90
-5.346 23.891 1.502 166 153 134
-5.410 23.893 1.454 165 162 143
-5.385 23.891 1.416 169 164 144
-5.333 23.889 1.476 159 154 135
-5.406 23.893 1.465 164 161 144
-5.330 23.890 1.518 100 103 84
-5.192 23.882 1.519 131 130 112
-5.302 23.889 1.524 92 109 93
-5.301 23.887 1.456 164 162 141
-5.429 23.895 1.498 164 162 137
-5.326 23.888 1.448 165 164 143
-5.329 23.890 1.532 96 111 82
-5.375 23.891 1.457 163 160 143
-5.323 23.889 1.498 145 130 111
-5.253 23.886 1.545 97 103 89
-5.295 23.888 1.518 93 105 85
-5.414 23.893 1.434 167 165 144
-5.254 23.885 1.493 160 159 141
-5.305 23.888 1.513 135 134 116
-5.397 23.892 1.436 166 164 141
-5.239 23.884 1.471 157 158 142
-5.328 23.888 1.448 165 164 143
-5.377 23.892 1.500 163 161 140
-5.292 23.888 1.536 97 108 78
-5.307 23.888 1.494 156 146 134
-5.293 23.886 1.447 164 161 144
-5.257 23.886 1.528 151 155 140
-5.215 23.882 1.476 162 156 144
-5.367 23.893 1.549 98 106 85
-5.364 23.891 1.489 162 161 141
-5.347 23.892 1.543 95 110 87
-5.212 23.883 1.529 96 108 88
-5.380 23.894 1.538 92 106 91
-5.279 23.886 1.462 166 162 137
-5.230 23.884 1.505 165 163 138
-5.440 23.896 1.497 165 161 136
-5.196 23.882 1.509 142 131 113
-5.341 23.888 1.429 168 163 143
-5.389 23.891 1.431 164 159 137
-5.207 23.884 1.554 100 100 76
-5.345 23.892 1.543 95 110 87
-5.273 23.887 1.518 105 108 79
-5.334 23.890 1.502 150 133 107
-5.401 23.892 1.424 165 163 142
-5.428 23.894 1.446 166 165 144
-5.321 23.890 1.530 93 108 87
-5.240 23.886 1.547 105 108 89
-5.304 23.889 1.540 95 107 87
-5.263 23.885 1.479 161 158 141
-5.360 23.890 1.437 160 155 135
-5.420 23.893 1.444 165 163 142
-5.311 23.889 1.510 174 162 146
-5.355 23.891 1.484 162 161 140
-5.404 23.892 1.441 165 163 142
-5.347 23.891 1.511 179 165 138
-5.355 23.892 1.547 96 108 86
-5.368 23.891 1.454 163 160 143
-5.311 23.887 1.458 164 161 142
-5.277 23.886 1.474 155 152 133
-5.200 23.882 1.503 162 150 134
-5.283 23.887 1.508 163 162 134
-5.396 23.894 1.519 99 103 76
-5.340 23.891 1.515 105 105 79
-5.340 23.891 1.542 92 107 84
-5.441 23.895 1.450 167 165 144
-5.444 23.895 1.441 168 166 145
-5.389 23.894 1.545 94 109 90
-5.411 23.895 1.513 170 173 146
-5.432 23.894 1.455 167 165 144
-5.298 23.888 1.523 89 106 88
-5.437 23.894 1.422 172 163 146
-5.352 23.890 1.472 164 161 142
-5.263 23.885 1.483 161 158 141
-5.265 23.885 1.484 158 155 138
-5.393 23.893 1.490 162 161 140
-5.373 23.892 1.497 163 162 142
-5.429 23.894 1.445 166 165 144
-5.291 23.888 1.509 161 159 138
-5.428 23.895 1.493 163 163 137
-5.381 23.890 1.416 169 163 147
-5.270 23.886 1.479 159 156 139
-5.342 23.890 1.475 157 155 134
-5.283 23.888 1.551 93 96 75
-5.401 23.893 1.488 163 162 141
-5.419 23.893 1.426 168 165 146
-5.207 23.882 1.478 161 157 146
-5.401 23.892 1.430 167 165 144
-5.436 23.894 1.415 172 165 146
-5.347 23.890 1.478 160 158 137
-5.274 23.887 1.517 105 108 79
-5.201 23.882 1.501 158 149 132
-5.427 23.893 1.402 168 167 146
-5.307 23.888 1.479 160 157 138
-5.339 23.889 1.462 162 159 142
-5.205 23.883 1.542 100 108 87
-5.407 23.894 1.487 163 162 142
-5.308 23.889 1.545 90 107 91
-5.409 23.894 1.481 160 159 139
-5.268 23.885 1.461 163 161 140
-5.273 23.886 1.469 159 158 138
-5.372 23.893 1.538 93 107 92
-5.418 23.895 1.519 111 113 89
-5.254 23.885 1.489 158 157 139
-5.204 23.883 1.523 106 111 91
-5.244 23.885 1.514 115 118 89
-5.287 23.888 1.523 96 105 88
-5.268 23.887 1.529 104 110 96
-5.355 23.890 1.454 164 161 144
-5.388 23.893 1.487 163 162 141
-5.209 23.883 1.526 101 110 89
-5.347 23.890 1.483 163 161 140
-5.386 23.891 1.442 163 158 138
-5.347 23.890 1.481 162 160 139
-5.409 23.894 1.473 161 158 141
-5.414 23.894 1.488 162 161 140
-5.410 23.892 1.408 169 167 146
-5.354 23.891 1.510 168 163 133
-5.304 23.887 1.455 164 161 142
-5.413 23.894 1.465 165 162 143
-5.387 23.891 1.427 169 164 142
-5.408 23.895 1.537 95 110 89
-5.422 23.895 1.494 162 162 138
-5.332 23.888 1.442 165 163 142
-5.411 23.894 1.485 161 160 140
-5.345 23.890 1.477 159 157 136
-5.222 23.883 1.475 160 156 144
-5.385 23.892 1.452 166 161 142
-5.371 23.891 1.445 162 160 139
-5.239 23.884 1.504 161 161 135
-5.364 23.891 1.478 158 156 135
-5.372 23.892 1.497 163 162 142
-5.310 23.887 1.448 164 161 142
-5.281 23.887 1.519 101 106 84
-5.376 23.891 1.437 161 156 136
-5.368 23.891 1.473 154 152 131
-5.248 23.884 1.483 157 158 142
-5.313 23.890 1.542 92 105 85
-5.191 23.883 1.552 123 122 101
-5.204 23.883 1.541 101 109 88
-5.218 23.884 1.540 101 105 88
-5.361 23.890 1.443 164 162 141
-5.213 23.883 1.518 107 109 88
-5.412 23.895 1.534 94 109 88
-5.404 23.893 1.443 165 163 142
-5.414 23.892 1.403 169 167 146
-5.302 23.888 1.497 159 152 136
-5.400 23.893 1.462 164 161 146
-5.411 23.896 1.553 94 99 76
-5.346 23.889 1.436 165 160 140
-5.405 23.894 1.487 163 162 142
-5.440 23.894 1.429 171 164 146
-5.347 23.891 1.507 172 158 132
-5.339 23.889 1.436 169 164 144
-5.404 23.894 1.521 98 104 78
-5.413 23.895 1.505 166 161 139
-5.241 23.884 1.496 160 159 141
-5.273 23.887 1.542 93 104 88
-5.306 23.889 1.549 91 105 88
-5.373 23.893 1.551 98 106 85
-5.200 23.883 1.547 117 119 98
-5.335 23.889 1.449 165 164 144
-5.442 23.896 1.482 167 165 142
-5.232 23.884 1.512 154 154 126
-5.268 23.885 1.459 163 161 140
-5.345 23.891 1.528 97 109 87
-5.423 23.896 1.521 115 117 93
-5.409 23.895 1.528 94 108 85
-5.345 23.891 1.515 105 107 85
-5.238 23.883 1.467 158 159 143
-5.425 23.893 1.404 167 166 145
-5.400 23.892 1.416 168 166 145
-5.348 23.889 1.448 163 160 141
-5.246 23.886 1.532 150 160 136
-5.446 23.896 1.479 167 165 142
-5.311 23.889 1.518 98 106 93
-5.323 23.888 1.439 162 160 139
-5.352 23.889 1.438 159 157 136
-5.443 23.894 1.419 172 165 147
-5.368 23.893 1.542 93 107 90
-5.351 23.892 1.381 170 167 148
-5.432 23.895 1.375 174 172 147
-5.289 23.897 1.304 182 179 160
-5.378 23.892 1.388 169 167 146
-5.374 23.894 1.359 176 171 149
-5.284 23.893 1.343 174 173 153
-5.408 23.895 1.359 170 168 147
-5.273 23.889 1.398 171 165 151
-5.367 23.898 1.312 176 174 153
-5.212 23.896 1.287 113 109 97
-5.296 23.890 1.386 172 167 148
-5.246 23.887 1.414 165 166 152
-5.191 23.884 1.439 160 157 142
-5.217 23.885 1.427 161 157 145
-5.278 23.896 1.306 185 180 161
-5.191 23.888 1.383 172 170 157
-5.305 23.887 1.435 163 162 142
-5.320 23.888 1.425 167 164 145
-5.372 23.890 1.412 168 162 146
-5.368 23.898 1.313 176 174 153
-5.346 23.897 1.313 176 175 157
-5.363 23.894 1.367 174 169 149
-5.228 23.888 1.399 168 166 151
-5.296 23.888 1.418 167 166 145
-5.283 23.887 1.423 165 167 145
-5.340 23.897 1.315 177 176 158
-5.364 23.891 1.398 167 165 144
-5.270 23.889 1.402 166 160 144
-5.299 23.897 1.300 182 180 159
-5.218 23.887 1.404 168 164 152
-5.297 23.889 1.409 160 161 143
-5.233 23.884 1.445 158 159 145
-5.249 23.888 1.404 164 162 147
-5.306 23.891 1.387 170 167 148
-5.216 23.894 1.320 181 178 161
-5.364 23.891 1.407 163 158 139
-5.373 23.892 1.394 169 167 146
-5.324 23.891 1.390 168 167 147
-5.383 23.894 1.369 170 169 151
-5.210 23.894 1.318 188 182 168
-5.302 23.892 1.364 177 175 152
-5.352 23.896 1.337 178 173 153
-5.400 23.892 1.398 170 167 148
-5.335 23.889 1.417 168 162 146
-5.294 23.889 1.409 162 163 145
-5.216 23.884 1.446 159 155 144
-5.367 23.894 1.358 176 171 149
-5.250 23.891 1.367 173 171 156
-5.240 23.893 1.335 177 174 157
-5.328 23.890 1.401 166 165 145
-5.228 23.884 1.443 158 156 143
-5.351 23.896 1.331 179 174 155
-5.318 23.896 1.321 176 175 155
-5.218 23.895 1.301 185 179 167
-5.392 23.897 1.333 175 172 153
-5.284 23.886 1.443 164 161 144
-5.261 23.893 1.338 175 174 156
-5.326 23.897 1.309 177 174 159
-5.207 23.886 1.410 167 167 155
-5.219 23.892 1.335 179 176 159
-5.228 23.885 1.434 157 155 140
-5.282 23.895 1.327 175 173 158
-5.331 23.892 1.383 170 168 147
-5.275 23.896 1.307 186 181 162
-5.443 23.896 1.363 174 172 149
-5.192 23.892 1.327 188 185 168
-5.239 23.896 1.294 193 191 170
-5.313 23.890 1.395 165 164 144
-5.296 23.893 1.346 176 174 153
-5.384 23.896 1.341 176 171 149
-5.228 23.890 1.376 172 171 153
-5.361 23.891 1.402 168 165 146
-5.373 23.894 1.362 174 169 147
-5.412 23.894 1.381 169 167 144
-5.356 23.897 1.324 179 174 155
-5.245 23.884 1.455 160 161 145
-5.329 23.890 1.397 165 167 146
-5.199 23.886 1.419 162 162 154
-5.400 23.894 1.371 170 168 145
-5.207 23.894 1.313 191 185 169
-5.305 23.896 1.315 177 175 160
-5.321 23.895 1.331 176 173 154
-5.358 23.897 1.315 177 176 155
-5.429 23.898 1.335 173 170 151
-5.336 23.895 1.334 179 174 155
-5.407 23.896 1.352 170 168 147
-5.319 23.894 1.345 178 173 153
-5.398 23.894 1.369 169 169 145
-5.321 23.891 1.383 172 170 149
-5.341 23.897 1.319 176 175 157
-5.190 23.892 1.328 166 160 138
-5.235 23.888 1.397 166 165 147
-5.204 23.892 1.339 177 175 160
-5.198 23.891 1.349 177 175 160
-5.389 23.896 1.343 174 172 151
-5.332 23.891 1.396 165 167 146
-5.373 23.893 1.375 167 166 146
-5.225 23.894 1.314 186 180 166
-5.400 23.893 1.381 169 167 146
-5.229 23.896 1.296 179 176 159
-5.195 23.885 1.418 165 165 157
-5.359 23.892 1.388 169 167 146
-5.281 23.887 1.432 165 164 146
-5.222 23.895 1.296 177 173 161
-5.326 23.896 1.326 177 174 155
-5.212 23.895 1.301 179 173 161
-5.339 23.893 1.370 173 172 154
-5.303 23.893 1.351 179 174 154
-5.383 23.895 1.350 174 170 145
-5.392 23.893 1.378 169 168 147
-5.272 23.894 1.328 176 174 159
-5.393 23.897 1.336 174 172 151
-5.309 23.891 1.381 170 168 147
-5.193 23.886 1.415 164 166 155
-5.202 23.893 1.323 180 177 160
-5.389 23.892 1.393 168 165 146
-5.246 23.885 1.443 159 160 142
-5.386 23.894 1.372 169 169 145
-5.253 23.890 1.382 174 171 154
-5.366 23.892 1.389 168 166 145
-5.371 23.896 1.341 177 173 148
-5.356 23.894 1.352 176 171 149
-5.269 23.889 1.400 169 163 147
-5.394 23.894 1.374 169 169 145
-5.300 23.893 1.352 179 174 152
-5.289 23.888 1.416 163 164 146
-5.283 23.895 1.321 176 174 159
-5.371 23.897 1.323 178 173 154
-5.412 23.894 1.377 170 168 143
-5.265 23.891 1.368 172 169 150
-5.237 23.895 1.312 186 180 164
-5.304 23.895 1.333 175 174 156
-5.190 23.893 1.313 106 100 78
-5.301 23.889 1.408 160 159 141
-5.312 23.888 1.427 166 163 144
-5.348 23.890 1.406 165 160 141
-5.253 23.897 1.290 122 124 100
-5.224 23.892 1.343 177 175 160
-5.225 23.888 1.395 168 165 150
-5.219 23.884 1.444 158 154 143
-5.402 23.894 1.372 170 168 145
-5.252 23.895 1.307 187 180 164
-5.298 23.896 1.307 181 178 161
-5.383 23.897 1.330 176 171 151
-5.376 23.893 1.383 169 167 146
-5.208 23.896 1.287 103 97 83
-5.247 23.893 1.336 176 174 159
-5.392 23.897 1.334 175 172 153
-5.267 23.894 1.326 177 175 160
-5.249 23.896 1.303 188 181 165
-5.254 23.890 1.375 168 166 151
-5.259 23.886 1.439 159 157 142
-5.365 23.890 1.413 170 164 148
-5.227 23.889 1.376 172 171 153
-5.255 23.887 1.411 166 164 149
-5.271 23.886 1.433 163 162 144
-5.337 23.894 1.353 176 171 151
-5.203 23.885 1.431 159 156 147
-5.402 23.892 1.395 170 167 148
-5.382 23.892 1.396 167 165 144
-5.406 23.893 1.385 168 166 145
-5.282 23.896 1.307 183 180 161
-5.407 23.898 1.321 173 170 151
-5.191 23.882 1.468 162 161 141
-5.404 23.894 1.380 169 167 144
-5.359 23.895 1.343 179 174 152
-5.302 23.889 1.403 161 160 140
-5.284 23.889 1.396 170 164 150
-5.224 23.893 1.324 180 177 160
-5.262 23.894 1.334 175 174 156
-5.396 23.892 1.400 169 166 147
-5.216 23.882 1.465 161 157 145
-5.232 23.889 1.381 174 173 155
-5.349 23.892 1.384 170 168 147
-5.250 23.893 1.340 175 173 158
-5.203 23.893 1.329 179 176 159
-5.314 23.894 1.340 178 173 154
-5.387 23.896 1.347 173 171 150
-5.347 23.890 1.405 165 160 141
-5.198 23.890 1.361 176 174 159
-5.264 23.891 1.371 166 163 146
-5.229 23.895 1.309 187 181 165
-5.304 23.889 1.408 160 159 141
-5.267 23.895 1.323 178 176 161
-5.314 23.891 1.387 171 168 149
-5.231 23.887 1.408 164 162 147
-5.261 23.894 1.324 178 176 161
-5.296 23.897 1.306 182 179 162
-5.243 23.889 1.384 171 170 152
-5.203 23.893 1.325 180 177 160
-5.313 23.891 1.381 172 170 149
-5.283 23.896 1.306 182 179 160
-5.335 23.897 1.310 178 174 162
-5.199 23.885 1.420 162 162 154
-5.197 23.895 1.300 82 76 60
-5.314 23.895 1.331 175 174 156
-5.429 23.895 1.364 172 170 147
-5.241 23.896 1.291 148 148 124
-5.302 23.895 1.328 174 175 157
-5.422 23.893 1.396 170 168 147
-5.225 23.887 1.415 169 165 153
-5.408 23.892 1.397 170 167 148
-5.354 23.895 1.342 177 172 150
-5.434 23.894 1.390 171 166 144
-5.208 23.894 1.314 180 174 158
-5.349 23.896 1.332 178 173 153
-5.206 23.883 1.454 157 155 143
-5.278 23.890 1.383 174 169 150
-5.389 23.891 1.410 169 164 144
-5.200 23.885 1.425 160 160 152
-5.317 23.895 1.339 178 173 154
-5.201 23.889 1.378 174 170 158
-5.305 23.893 1.349 179 174 154
-5.201 23.882 1.466 160 156 147
-5.194 23.892 1.331 189 186 169
-5.292 23.888 1.416 166 165 144
-5.297 23.896 1.315 178 177 159
-5.403 23.892 1.396 170 167 148
-5.248 23.884 1.455 160 161 143
-5.356 23.896 1.326 179 174 155
-5.217 23.885 1.430 160 156 144
-5.370 23.891 1.406 165 160 141
-5.385 23.892 1.389 167 164 145
-5.249 23.884 1.452 160 161 143
-5.191 23.884 1.441 162 159 144
-5.289 23.892 1.363 178 176 151
-5.193 23.895 1.297 103 98 79
-5.192 23.895 1.295 120 115 93
-5.427 23.898 1.328 173 170 151
-5.272 23.887 1.429 164 165 147
-5.394 23.896 1.340 173 171 150
-5.225 23.895 1.310 187 181 167
-5.224 23.896 1.291 149 145 133
-5.236 23.894 1.317 184 178 164
-5.210 23.884 1.442 158 156 144
-5.409 23.896 1.351 171 169 148
-5.279 23.891 1.367 175 174 153
-5.281 23.888 1.414 164 163 145
-5.311 23.897 1.309 177 174 159
-5.290 23.894 1.340 176 173 154
-5.270 23.885 1.446 163 160 143
-5.314 23.894 1.346 179 174 154
-5.289 23.893 1.345 175 173 152
-5.234 23.891 1.355 175 173 158
-5.208 23.894 1.308 188 182 168
-5.286 23.893 1.349 174 173 153
-5.441 23.896 1.363 175 170 148
-5.429 23.894 1.381 173 168 146
-5.352 23.889 1.423 168 163 144
-5.244 23.890 1.369 165 166 152
-5.292 23.892 1.369 174 173 152
-5.376 23.894 1.369 168 167 149
-5.205 23.895 1.302 179 173 159
-5.229 23.891 1.351 177 175 160
-5.312 23.890 1.400 162 161 141
-5.209 23.888 1.392 168 164 152
-5.293 23.896 1.315 178 177 159
-5.271 23.896 1.304 186 181 162
-5.235 23.894 1.314 187 181 165
-5.271 23.888 1.415 167 164 147
-5.342 23.890 1.410 165 159 143
-5.205 23.890 1.364 176 174 159
-5.253 23.887 1.411 166 164 149
-5.318 23.892 1.369 176 171 151
-5.381 23.894 1.370 169 168 150
-5.205 23.896 1.282 97 91 75
-5.297 23.895 1.327 172 175 158
-5.367 23.891 1.405 163 158 139
-5.209 23.895 1.301 179 173 159
-5.264 23.892 1.359 175 174 156
-5.389 23.897 1.324 173 170 151
-5.229 23.890 1.367 173 171 156
-5.362 23.892 1.386 169 167 146
-5.194 23.889 1.378 173 169 157
-5.277 23.886 1.444 162 159 142
-5.275 23.888 1.416 163 165 143
-5.438 23.895 1.366 175 170 148
-5.228 23.894 1.312 186 180 166
-5.249 23.889 1.390 170 167 150
-5.312 23.893 1.354 178 173 153
-5.248 23.896 1.299 185 182 163
-5.289 23.888 1.412 163 164 146
-5.232 23.888 1.396 165 164 146
-5.321 23.889 1.416 165 162 143
-5.239 23.892 1.349 175 173 158
-5.383 23.893 1.376 168 167 147
-5.291 23.888 1.410 163 164 146
-5.367 23.891 1.404 166 163 144
-5.327 23.893 1.361 177 175 154
-5.373 23.896 1.338 177 172 150
-5.310 23.891 1.386 172 169 150
-5.219 23.890 1.368 177 171 157
-5.294 23.895 1.320 177 176 158
-5.329 23.895 1.338 178 173 154
-5.223 23.891 1.360 172 170 155
-5.224 23.896 1.288 107 105 92
-5.289 23.887 1.427 167 166 146
-5.336 23.889 1.415 164 161 144
-5.244 23.886 1.427 164 165 151
-5.248 23.888 1.406 164 162 147
-5.440 23.894 1.387 173 168 146
-5.344 23.891 1.389 169 167 146
-5.393 23.894 1.367 170 168 145
-5.269 23.896 1.299 184 181 162
-5.370 23.898 1.317 176 174 153
-5.299 23.897 1.302 182 180 159
-5.227 23.893 1.329 176 173 156
-5.417 23.893 1.388 171 169 148
-5.391 23.896 1.340 174 172 151
-5.257 23.885 1.442 161 159 144
-5.221 23.887 1.412 169 165 153
-5.385 23.895 1.357 172 170 149
-5.211 23.895 1.297 179 173 161
-5.229 23.890 1.370 172 171 153
-5.352 23.896 1.329 179 174 155
-5.190 23.883 1.450 160 158 143
-5.391 23.895 1.353 172 170 149
-5.210 23.885 1.432 156 153 144
-5.196 23.884 1.438 155 155 145
-5.268 23.893 1.341 174 173 155
-5.257 23.890 1.378 172 169 152
-5.362 23.893 1.378 168 167 147
-5.216 23.888 1.391 166 162 150
-5.304 23.892 1.368 173 171 150
-5.211 23.892 1.343 177 175 160
-5.303 23.893 1.355 179 174 152
-5.378 23.890 1.413 171 165 149
-5.196 23.886 1.408 165 167 154
-5.278 23.896 1.302 187 182 163
-5.247 23.889 1.392 170 167 150
-5.444 23.898 1.334 173 173 149
-5.224 23.890 1.371 173 170 153
-5.203 23.889 1.377 175 171 159
-5.195 23.895 1.296 103 98 79
-5.229 23.893 1.334 177 174 157
-5.436 23.897 1.531 95 97 75
-5.445 23.897 1.533 169 165 138
-5.429 23.896 1.544 99 107 84
-5.441 23.897 1.536 123 123 99
-5.432 23.896 1.552 96 96 68
-5.424 23.896 1.546 99 104 81
-5.440 23.897 1.552 137 138 107
-5.205 23.896 1.253 169 164 145
-5.192 23.896 1.253 170 164 150
-5.415 23.898 1.294 146 147 133
-5.289 23.897 1.262 146 141 121
-5.389 23.898 1.275 61 57 45
-5.206 23.896 1.271 114 113 85
-5.385 23.898 1.286 143 144 112
-5.239 23.897 1.280 139 140 122
-5.217 23.897 1.278 57 53 44
-5.282 23.897 1.290 104 108 81
-5.435 23.899 1.301 186 183 168
-5.424 23.899 1.261 165 160 140
-5.190 23.896 1.270 143 141 120
-5.301 23.897 1.277 67 68 52
-5.400 23.898 1.281 134 135 104
-5.355 23.898 1.260 145 145 119
-5.401 23.898 1.313 176 174 149
-5.356 23.898 1.282 148 151 124
-5.267 23.897 1.282 126 128 107
-5.435 23.899 1.277 33 40 22
-5.292 23.897 1.259 161 156 136
-5.251 23.897 1.254 166 161 142
-5.231 23.897 1.256 166 161 141
-5.274 23.897 1.284 105 109 84
-5.291 23.897 1.265 130 125 105
-5.427 23.899 1.284 119 121 99
-5.321 23.898 1.283 157 157 133
-5.364 23.898 1.260 159 157 132
-5.230 23.897 1.270 131 129 108
-5.368 23.898 1.263 146 146 120
-5.268 23.897 1.259 162 157 137
-5.382 23.898 1.258 162 160 135
-5.413 23.899 1.253 165 159 135
-5.227 23.897 1.274 46 44 32
-5.362 23.898 1.294 157 158 127
-5.240 23.897 1.272 48 49 31
-5.358 23.898 1.255 166 164 139
-5.292 23.897 1.264 131 126 106
-5.446 23.899 1.271 162 158 133
-5.387 23.898 1.270 151 146 124
-5.434 23.899 1.271 154 150 125
-5.383 23.898 1.267 132 132 106
-5.434 23.899 1.284 35 38 29
-5.257 23.897 1.250 167 164 145
-5.402 23.898 1.310 175 174 143
-5.241 23.897 1.264 130 123 105
-5.398 23.898 1.310 174 173 142
-5.353 23.898 1.305 177 177 153
-5.320 23.898 1.295 166 165 137
-5.425 23.899 1.295 124 125 117
-5.392 23.898 1.272 143 138 116
-5.312 23.898 1.258 163 158 136
-5.442 23.899 1.277 99 102 81
-5.298 23.897 1.287 129 129 103
-5.332 23.898 1.262 150 146 121
-5.363 23.898 1.303 177 176 155
-5.225 23.897 1.258 162 157 137
-5.266 23.897 1.254 166 161 141
-5.274 23.897 1.265 131 125 103
-5.315 23.898 1.270 128 122 98
-5.402 23.898 1.306 174 175 143
-5.388 23.898 1.262 154 149 127
-5.251 23.897 1.258 160 155 136
-5.371 23.898 1.287 137 137 109
-5.425 23.899 1.276 71 72 56
-5.343 23.898 1.288 139 142 111
-5.311 23.897 1.289 139 139 111
-5.261 23.897 1.268 130 123 104
-5.312 23.897 1.296 190 189 161
-5.274 23.897 1.255 166 161 141
-5.408 23.898 1.292 97 99 77
-5.411 23.898 1.287 104 107 80
-5.370 23.898 1.254 163 161 136
-5.272 23.897 1.275 63 61 48
-5.307 23.897 1.265 131 126 104
-5.336 23.898 1.301 180 178 157
-5.405 23.898 1.297 174 176 154
-5.343 23.898 1.273 47 48 34
-5.424 23.898 1.318 175 171 159
-5.406 23.898 1.283 129 129 101
-5.337 23.898 1.271 116 116 90
-5.399 23.898 1.269 139 132 113
-5.311 23.898 1.271 119 113 89
-5.383 23.898 1.275 52 51 33
-5.405 23.898 1.276 65 64 46
-5.380 23.898 1.278 135 134 113
-5.245 23.897 1.270 145 138 119
-5.348 23.898 1.276 57 58 40
-5.253 23.897 1.267 125 118 99
-5.291 23.897 1.267 129 122 103
-5.424 23.899 1.280 136 138 117
-5.358 23.898 1.303 177 177 153
-5.261 23.897 1.286 116 118 96
-5.383 23.898 1.284 153 153 129
-5.260 23.897 1.263 133 126 107
-5.348 23.898 1.301 177 177 153
-5.324 23.898 1.259 160 155 133
-5.356 23.898 1.303 177 177 153
-5.382 23.898 1.262 150 150 124
-5.390 23.898 1.293 128 128 102
-5.420 23.899 1.250 168 162 138
-5.354 23.898 1.254 163 161 136
-5.440 23.899 1.287 53 52 47
-5.293 23.897 1.271 157 150 131
-5.379 23.898 1.274 54 53 33
-5.375 23.898 1.292 126 126 98
-5.261 23.897 1.263 133 126 107
-5.195 23.896 1.268 144 143 113
-5.376 23.898 1.277 46 45 25
-5.199 23.896 1.271 117 116 86
-5.261 23.897 1.281 127 129 108
-5.268 23.897 1.260 151 146 126
-5.348 23.898 1.255 157 155 130
-5.295 23.897 1.280 125 126 108
-5.400 23.898 1.311 175 174 143
