-1.957 22.074 1.241 143 148 125
-1.971 22.074 1.194 101 110 79
-1.960 22.074 1.254 130 137 119
-1.973 22.074 1.208 110 116 88
-1.962 22.074 1.215 125 128 97
-1.964 22.074 1.186 113 117 90
-1.957 22.074 1.228 143 147 124
-1.969 22.074 1.189 104 110 82
-1.960 22.074 1.193 125 130 100
-1.964 22.074 1.198 102 109 78
-2.051 22.071 1.394 168 143 102
-1.983 22.074 1.213 85 90 67
-2.106 22.069 1.465 165 141 97
-1.968 22.071 1.414 159 143 107
-2.110 22.069 1.458 166 142 96
-2.001 22.069 1.530 104 119 98
-2.137 22.069 1.416 165 142 98
-2.127 22.069 1.460 165 141 97
-2.027 22.070 1.441 167 140 95
-2.036 22.070 1.422 167 140 95
-2.159 22.067 1.507 103 115 93
-2.034 22.072 1.322 182 179 148
-1.985 22.073 1.284 100 114 81
-1.985 22.074 1.235 92 107 100
-1.960 22.073 1.320 156 146 121
-1.993 22.071 1.423 171 142 102
-2.144 22.068 1.512 127 141 124
-2.010 22.071 1.413 166 142 98
-2.008 22.072 1.356 164 143 100
-1.959 22.072 1.378 153 144 113
-1.972 22.070 1.480 166 142 106
-2.147 22.068 1.485 168 139 95
-2.102 22.070 1.399 166 141 100
-2.131 22.068 1.472 163 139 95
-2.168 22.067 1.509 100 112 88
-1.969 22.070 1.521 119 128 107
-2.044 22.071 1.363 196 184 146
-2.041 22.070 1.413 168 141 98
-2.125 22.069 1.447 165 141 95
-2.056 22.070 1.448 165 141 95
-2.009 22.073 1.305 164 141 97
-2.116 22.068 1.494 166 145 92
-1.983 22.072 1.364 166 143 101
-2.053 22.071 1.366 170 155 114
-2.121 22.069 1.441 164 140 94
-1.979 22.072 1.362 165 143 102
-2.164 22.068 1.494 163 139 101
-2.054 22.071 1.393 168 143 102
-2.048 22.072 1.325 142 142 114
-2.060 22.069 1.515 98 119 100
-1.962 22.070 1.508 144 148 121
-2.044 22.071 1.376 161 140 93
-1.973 22.071 1.414 162 143 103
-1.997 22.072 1.330 167 139 99
-2.102 22.069 1.446 166 142 96
-2.023 22.069 1.507 108 121 93
-2.054 22.072 1.294 120 115 83
-2.136 22.069 1.446 165 141 95
-1.992 22.073 1.268 101 108 75
-2.075 22.070 1.439 166 142 96
-2.054 22.070 1.455 165 141 97
-2.022 22.071 1.380 165 142 98
-1.954 22.073 1.310 156 149 121
-1.995 22.074 1.226 104 115 101
-2.007 22.069 1.514 106 119 101
-2.116 22.068 1.508 103 120 102
-2.108 22.070 1.387 166 141 101
-2.011 22.070 1.465 166 142 96
-1.953 22.073 1.352 149 147 122
-2.042 22.071 1.372 161 143 97
-2.072 22.070 1.391 167 142 101
-2.016 22.071 1.430 166 142 96
-1.987 22.071 1.394 171 144 99
-2.181 22.067 1.493 158 136 97
-1.972 22.072 1.393 164 142 103
-2.006 22.073 1.289 99 108 79
-2.101 22.070 1.415 164 141 97
-2.033 22.072 1.312 189 175 138
-2.162 22.068 1.478 168 141 96
-1.999 22.071 1.396 166 143 99
-2.115 22.069 1.468 165 141 97
-1.995 22.069 1.537 103 110 79
-2.091 22.069 1.479 166 137 95
-1.962 22.074 1.262 121 129 106
-2.068 22.070 1.405 167 143 99
-2.125 22.068 1.497 147 134 89
-2.040 22.070 1.420 167 140 95
-1.997 22.074 1.195 107 117 90
-2.090 22.069 1.450 166 142 96
-2.171 22.067 1.507 108 114 86
-2.023 22.073 1.264 106 116 91
-1.974 22.070 1.483 165 140 100
-2.087 22.069 1.456 166 142 98
-2.074 22.069 1.461 166 142 98
-2.096 22.069 1.460 163 139 95
-2.114 22.069 1.442 166 142 96
-1.958 22.071 1.460 156 153 122
-2.028 22.069 1.537 92 101 72
-1.976 22.072 1.361 162 143 103
-2.092 22.070 1.403 165 141 97
-2.183 22.067 1.491 158 135 94
-2.010 22.072 1.357 166 144 103
-2.049 22.069 1.490 164 141 97
-1.969 22.070 1.537 112 113 81
-2.068 22.069 1.480 165 141 97
-1.954 22.071 1.455 151 150 119
-2.158 22.067 1.530 125 131 117
-1.995 22.071 1.444 170 141 97
-2.143 22.068 1.493 163 141 102
-2.072 22.071 1.341 152 154 117
-2.073 22.069 1.489 167 143 97
-2.031 22.070 1.484 169 142 95
-2.078 22.069 1.486 166 139 92
-1.989 22.074 1.213 93 96 75
-2.061 22.072 1.296 110 107 74
-2.140 22.068 1.468 163 139 95
-1.983 22.070 1.492 160 144 93
-2.018 22.073 1.295 84 85 43
-1.987 22.074 1.226 103 113 102
-1.983 22.072 1.330 173 144 104
-2.025 22.070 1.427 164 140 94
-1.996 22.074 1.244 100 112 102
-1.990 22.074 1.201 105 114 87
-1.976 22.070 1.474 162 140 103
-2.033 22.072 1.333 180 174 140
-2.024 22.071 1.364 166 147 105
-2.056 22.068 1.540 140 146 112
-2.029 22.069 1.496 162 145 101
-1.972 22.073 1.325 164 140 106
-2.038 22.069 1.494 164 140 96
-1.977 22.073 1.323 167 139 102
-1.994 22.071 1.389 167 139 100
-2.057 22.071 1.367 169 154 115
-2.061 22.069 1.484 164 139 98
-2.093 22.070 1.383 166 142 98
-1.988 22.074 1.225 103 113 102
-2.020 22.072 1.297 146 139 93
-2.021 22.070 1.461 164 140 94
-2.034 22.070 1.424 167 140 95
-2.033 22.070 1.464 166 142 96
-2.015 22.072 1.316 163 141 104
-1.994 22.073 1.271 107 117 82
-2.101 22.069 1.444 166 142 96
-2.143 22.069 1.423 164 139 98
-2.059 22.070 1.397 167 142 101
-1.960 22.071 1.429 158 153 121
-2.073 22.071 1.323 174 171 136
-1.999 22.074 1.214 96 99 78
-2.159 22.067 1.503 108 104 75
-2.021 22.070 1.427 165 141 95
-2.108 22.070 1.402 166 141 100
-1.979 22.072 1.371 165 143 102
-1.954 22.071 1.435 155 157 120
-2.005 22.070 1.499 106 104 66
-2.000 22.071 1.398 166 143 99
-2.043 22.072 1.333 180 180 146
-2.034 22.072 1.346 188 181 155
-1.974 22.070 1.496 161 149 111
-2.098 22.068 1.525 101 119 95
-1.964 22.072 1.384 159 145 116
-1.958 22.070 1.502 152 150 125
-2.007 22.071 1.435 168 141 96
-1.965 22.070 1.512 131 139 115
-1.964 22.072 1.364 155 146 115
-2.001 22.074 1.197 104 117 87
-1.978 22.070 1.506 114 123 92
-1.965 22.074 1.246 91 102 86
-2.096 22.068 1.529 103 120 101
-1.962 22.072 1.391 156 142 113
-1.955 22.073 1.316 155 149 125
-1.970 22.072 1.406 162 144 108
-2.008 22.073 1.270 105 116 82
-2.106 22.068 1.486 173 142 95
-2.021 22.073 1.280 128 141 111
-2.154 22.068 1.460 165 138 95
-2.039 22.070 1.450 165 141 95
-1.958 22.071 1.451 155 151 116
-1.980 22.073 1.270 106 115 84
-2.023 22.072 1.303 161 143 95
-2.023 22.073 1.281 128 141 111
-2.095 22.070 1.380 169 142 99
-2.136 22.068 1.503 108 114 86
-1.982 22.074 1.214 85 90 67
-2.109 22.070 1.371 165 143 104
-2.030 22.071 1.384 166 142 98
-2.050 22.071 1.372 162 141 98
-2.100 22.070 1.419 165 142 98
-2.168 22.067 1.503 108 105 74
-2.117 22.069 1.423 164 142 95
-2.093 22.069 1.443 166 142 96
-1.963 22.071 1.473 156 145 115
-2.036 22.072 1.318 188 183 151
-1.962 22.071 1.474 156 145 115
-2.084 22.069 1.472 168 139 97
-2.006 22.070 1.492 161 138 96
-2.011 22.074 1.233 96 109 99
-1.999 22.071 1.403 166 143 99
-1.979 22.070 1.531 105 117 95
-2.001 22.069 1.521 103 120 101
-2.114 22.069 1.454 165 141 95
-2.148 22.067 1.510 110 124 107
-2.096 22.071 1.351 186 177 146
-2.004 22.069 1.531 106 120 95
-2.130 22.069 1.420 166 144 97
-2.115 22.070 1.406 166 141 100
-2.180 22.067 1.531 115 120 100
-2.165 22.068 1.474 168 141 94
-1.961 22.070 1.507 144 148 121
-2.164 22.068 1.467 167 140 95
-1.980 22.073 1.313 171 143 104
-2.023 22.072 1.314 175 156 116
-2.085 22.068 1.521 103 121 99
-2.045 22.070 1.460 165 141 97
-2.040 22.069 1.490 170 141 99
-2.023 22.072 1.350 159 140 110
-1.988 22.073 1.275 101 111 76
-2.011 22.070 1.451 165 141 95
-1.961 22.072 1.386 158 147 117
-2.057 22.071 1.367 169 154 115
-1.960 22.070 1.529 155 156 125
-2.081 22.068 1.539 101 110 79
-1.980 22.071 1.412 168 144 98
-2.071 22.068 1.526 105 120 97
-1.969 22.070 1.488 163 144 112
-2.098 22.069 1.474 163 139 95
-2.059 22.069 1.467 167 140 97
-2.158 22.068 1.500 117 106 74
-1.986 22.070 1.498 120 117 72
-2.060 22.071 1.380 167 143 99
-1.972 22.073 1.327 165 141 105
-1.994 22.071 1.417 170 142 102
-2.077 22.069 1.497 154 139 98
-2.012 22.072 1.309 174 147 104
-2.048 22.069 1.484 162 140 93
-1.982 22.070 1.504 115 124 93
-1.959 22.072 1.355 150 143 114
-2.011 22.072 1.331 169 141 102
-1.995 22.071 1.432 172 141 97
-1.989 22.073 1.267 101 108 75
-2.151 22.069 1.436 164 141 99
-2.061 22.070 1.430 167 140 95
-2.155 22.067 1.538 107 106 78
-1.961 22.073 1.313 156 145 117
-2.004 22.072 1.339 163 141 94
-2.049 22.069 1.512 101 121 94
-1.967 22.071 1.415 159 143 107
-2.046 22.072 1.284 130 143 117
-2.022 22.072 1.300 171 157 110
-2.078 22.070 1.393 166 141 100
-2.073 22.070 1.389 166 143 101
-2.088 22.071 1.346 184 183 155
-1.994 22.073 1.299 148 140 103
-1.993 22.072 1.331 169 141 101
-1.966 22.070 1.516 133 141 118
-1.995 22.070 1.469 170 143 96
-2.054 22.070 1.431 166 139 94
-1.992 22.069 1.536 106 116 92
-2.042 22.072 1.311 184 169 130
-2.056 22.070 1.401 166 142 98
-2.029 22.069 1.500 104 111 70
-2.072 22.070 1.390 166 143 101
-2.121 22.068 1.482 164 141 99
-2.007 22.070 1.477 162 140 93
-1.980 22.071 1.400 168 144 98
-2.013 22.071 1.400 166 142 98
-2.019 22.072 1.357 161 141 106
-1.965 22.073 1.309 157 141 108
-2.110 22.068 1.517 107 119 97
-2.039 22.071 1.390 167 140 97
-1.958 22.072 1.384 156 149 120
-2.074 22.070 1.414 165 141 97
-2.001 22.071 1.420 165 143 96
-2.114 22.070 1.392 166 141 101
-2.022 22.071 1.408 164 140 96
-2.149 22.068 1.480 166 139 92
-2.122 22.068 1.477 164 140 96
-2.141 22.067 1.520 144 152 137
-2.132 22.069 1.430 164 142 95
-1.971 22.071 1.445 163 143 106
-1.980 22.071 1.443 169 141 101
-1.993 22.070 1.455 170 141 97
-1.981 22.072 1.352 168 143 103
-1.962 22.070 1.518 148 151 124
-1.987 22.074 1.219 71 78 60
-1.996 22.072 1.334 165 137 97
-2.011 22.070 1.455 166 142 96
-1.999 22.070 1.497 154 140 103
-1.953 22.070 1.537 163 155 119
-2.012 22.070 1.476 162 140 93
-1.988 22.070 1.518 104 122 106
-1.956 22.070 1.514 150 152 115
-1.955 22.074 1.281 151 155 130
-2.139 22.067 1.521 124 133 114
-2.094 22.070 1.366 177 161 127
-1.969 22.072 1.367 157 143 108
-1.961 22.070 1.483 164 150 123
-2.009 22.070 1.453 167 143 97
-2.020 22.073 1.269 101 112 82
-1.981 22.070 1.518 102 120 98
-2.085 22.068 1.505 108 118 91
-2.045 22.070 1.435 164 137 92
-1.984 22.071 1.407 170 143 98
-2.061 22.071 1.355 191 186 157
-1.956 22.070 1.521 155 152 117
-2.031 22.073 1.249 94 104 95
-2.118 22.068 1.485 164 137 92
-2.036 22.070 1.432 169 142 97
-2.046 22.072 1.323 170 168 143
-2.030 22.069 1.494 166 139 94
-2.106 22.068 1.525 102 119 100
-1.993 22.070 1.502 112 116 79
-1.965 22.071 1.476 157 144 112
-1.973 22.070 1.506 112 118 92
-2.119 22.069 1.405 166 141 100
-2.038 22.070 1.425 167 140 95
-2.066 22.071 1.372 160 141 99
-2.126 22.068 1.493 169 148 95
-1.994 22.074 1.231 96 112 102
-2.082 22.069 1.462 165 141 97
-2.061 22.071 1.366 167 152 113
-2.027 22.071 1.405 165 141 97
-2.127 22.068 1.483 163 140 99
-2.097 22.069 1.461 164 140 96
-2.125 22.068 1.522 107 116 99
-2.028 22.073 1.257 88 96 83
-2.130 22.067 1.540 168 167 136
-2.049 22.071 1.363 190 176 139
-1.992 22.073 1.312 171 142 100
-2.155 22.068 1.499 114 103 73
-2.130 22.068 1.517 112 119 101
-2.071 22.069 1.492 157 135 94
-1.991 22.074 1.203 107 113 87
-2.076 22.070 1.389 166 143 101
-2.047 22.070 1.418 167 140 97
-1.989 22.073 1.315 171 142 102
-1.970 22.074 1.263 115 123 99
-2.009 22.070 1.447 165 141 95
-2.076 22.069 1.479 169 140 98
-1.983 22.071 1.460 169 141 101
-2.014 22.072 1.321 162 142 107
-2.035 22.071 1.379 167 145 98
-2.057 22.069 1.473 167 138 96
-2.078 22.068 1.529 108 120 98
-2.048 22.070 1.459 165 141 97
-1.961 22.073 1.329 154 145 116
-1.980 22.073 1.277 103 113 79
-2.153 22.068 1.480 167 140 95
-2.135 22.068 1.489 166 139 92
-1.980 22.074 1.233 93 108 101
-2.152 22.068 1.498 109 98 68
-2.022 22.072 1.347 160 141 109
-2.015 22.070 1.452 164 140 94
-2.095 22.071 1.355 180 169 139
-2.046 22.071 1.349 181 178 147
-2.047 22.069 1.508 108 123 92
-1.958 22.074 1.282 152 156 131
-2.036 22.070 1.451 165 141 95
-2.094 22.069 1.469 165 141 97
-2.086 22.069 1.482 166 139 92
-2.060 22.070 1.396 167 142 101
-2.017 22.072 1.333 163 141 102
-1.964 22.070 1.524 138 141 120
-2.018 22.069 1.518 110 119 102
-2.043 22.070 1.408 168 141 98
-2.086 22.069 1.466 166 139 96
-2.081 22.068 1.509 102 120 94
-2.075 22.071 1.360 186 175 143
-2.066 22.071 1.386 165 142 100
-1.965 22.073 1.309 157 141 108
-1.969 22.072 1.378 157 143 106
-1.999 22.071 1.405 165 142 98
-2.000 22.071 1.442 170 143 98
-1.972 22.073 1.279 103 110 79
-2.020 22.069 1.520 104 117 99
-2.115 22.068 1.506 102 117 96
-1.963 22.071 1.461 158 149 116
-2.031 22.070 1.450 165 141 95
-1.976 22.072 1.342 167 141 106
-2.053 22.068 1.532 100 116 90
-2.030 22.070 1.436 168 141 96
-2.086 22.069 1.488 168 141 96
-1.972 22.073 1.306 164 144 109
-2.036 22.069 1.537 96 105 78
-2.183 22.067 1.533 109 112 91
-2.020 22.073 1.248 104 114 106
-1.954 22.072 1.402 156 153 122
-1.971 22.071 1.428 163 145 105
-2.020 22.072 1.310 168 145 101
-1.991 22.074 1.232 95 111 101
-2.107 22.068 1.519 107 119 97
-2.056 22.069 1.511 100 119 97
-1.964 22.070 1.520 136 141 119
-2.040 22.072 1.328 158 159 128
-1.970 22.072 1.373 157 143 108
-2.085 22.071 1.363 181 167 132
-2.102 22.069 1.466 166 142 98
-2.087 22.068 1.533 107 119 95
-2.083 22.069 1.501 102 106 73
-1.955 22.073 1.350 153 149 122
-2.083 22.070 1.377 168 145 101
-2.019 22.072 1.345 158 138 105
-2.138 22.068 1.509 113 126 108
-2.028 22.072 1.317 183 170 135
-2.013 22.071 1.372 167 144 100
-2.156 22.067 1.532 114 118 101
-2.038 22.071 1.353 183 175 152
-1.984 22.071 1.395 171 144 99
-2.121 22.068 1.470 164 140 96
-2.043 22.071 1.362 164 153 121
-2.030 22.071 1.379 169 146 102
-2.014 22.072 1.346 165 141 105
-2.043 22.070 1.472 166 142 96
-2.021 22.069 1.499 127 122 80
-2.006 22.071 1.400 166 142 98
-1.987 22.069 1.534 109 119 95
-2.092 22.068 1.498 88 81 52
-2.125 22.068 1.493 169 148 95
-2.026 22.071 1.371 161 143 97
-2.022 22.072 1.305 161 143 95
-2.047 22.071 1.353 188 185 154
-2.113 22.069 1.444 166 142 96
-1.975 22.074 1.218 60 68 47
-2.068 22.071 1.382 165 141 97
-2.161 22.067 1.523 131 140 121
-2.103 22.068 1.537 104 113 82
-2.040 22.072 1.326 149 150 119
-2.022 22.072 1.297 146 139 93
-2.076 22.069 1.486 166 139 92
-2.100 22.068 1.496 156 144 102
-2.035 22.072 1.309 192 177 136
-1.961 22.071 1.421 155 146 115
-2.098 22.069 1.430 164 142 95
-2.044 22.072 1.299 156 148 111
-1.974 22.073 1.314 168 142 107
-2.146 22.067 1.532 109 116 100
-2.113 22.069 1.424 165 143 96
-1.966 22.074 1.272 108 115 84
-1.991 22.070 1.489 164 144 94
-2.032 22.069 1.521 105 118 100
-1.992 22.071 1.415 170 142 102
-2.045 22.072 1.320 187 183 154
-2.074 22.070 1.407 166 142 98
-2.101 22.070 1.417 164 141 97
-1.994 22.070 1.480 170 140 102
-1.971 22.074 1.252 89 101 89
-2.040 22.070 1.436 167 140 95
-1.960 22.073 1.335 155 143 117
-2.129 22.069 1.448 165 141 95
-2.049 22.071 1.355 177 172 142
-2.152 22.068 1.458 165 141 97
-2.038 22.071 1.385 168 141 98
-2.057 22.071 1.383 166 142 98
-2.025 22.070 1.458 165 141 95
-2.145 22.068 1.453 166 142 96
-2.011 22.072 1.331 169 141 102
-2.181 22.067 1.523 113 116 99
-2.018 22.071 1.366 162 141 96
-1.970 22.070 1.514 103 116 96
-1.965 22.073 1.329 158 142 109
-2.140 22.068 1.486 165 138 91
-2.010 22.074 1.209 106 110 85
-2.046 22.068 1.537 102 111 80
-2.108 22.068 1.483 166 141 100
-1.981 22.070 1.520 102 120 98
-2.009 22.074 1.208 107 114 83
-2.109 22.070 1.405 166 141 100
-2.024 22.070 1.468 167 143 97
-2.116 22.068 1.521 109 120 103
-2.126 22.068 1.483 163 140 99
-2.017 22.074 1.228 101 113 103
-2.048 22.070 1.429 166 139 94
-2.120 22.069 1.405 165 140 99
-2.016 22.073 1.272 107 118 84
-2.063 22.070 1.453 165 141 97
-2.011 22.073 1.285 102 117 86
-2.130 22.068 1.519 112 119 101
-2.108 22.070 1.404 167 142 101
-2.077 22.069 1.451 166 142 98
-2.004 22.074 1.243 127 137 129
-1.955 22.070 1.499 153 149 124
-1.981 22.074 1.254 93 105 95
-1.997 22.072 1.371 166 139 94
-2.050 22.072 1.334 183 182 151
-2.069 22.068 1.539 97 106 75
-2.026 22.070 1.468 167 143 97
-2.151 22.067 1.534 108 111 90
-1.989 22.073 1.306 168 143 102
-1.962 22.074 1.283 133 137 112
-1.976 22.071 1.448 164 142 103
-2.170 22.067 1.511 146 161 140
-2.047 22.071 1.401 166 142 98
-2.021 22.070 1.451 165 141 95
-2.132 22.069 1.451 166 142 96
-1.982 22.071 1.444 171 143 103
-2.030 22.070 1.450 165 141 95
-2.107 22.068 1.508 100 119 100
-1.972 22.073 1.337 168 142 109
-2.150 22.067 1.509 105 117 97
-2.006 22.072 1.375 164 139 98
-2.001 22.073 1.300 161 143 103
-1.980 22.070 1.494 158 142 93
-2.005 22.072 1.357 165 144 101
-2.001 22.072 1.367 163 141 94
-1.991 22.071 1.432 171 142 98
-2.037 22.071 1.355 183 176 150
-2.042 22.072 1.292 102 106 73
-1.997 22.070 1.500 107 107 71
-2.016 22.071 1.390 167 143 99
-2.131 22.067 1.535 106 114 93
-1.988 22.071 1.420 171 144 101
-1.995 22.071 1.415 170 142 103
-2.038 22.071 1.364 202 188 151
-2.020 22.069 1.535 103 116 90
-2.051 22.069 1.481 162 139 95
-1.963 22.071 1.473 155 144 114
-2.003 22.069 1.518 105 118 100
-1.994 22.074 1.251 89 97 86
-2.152 22.067 1.524 136 143 127
-2.144 22.068 1.487 164 137 94
-2.021 22.072 1.358 161 141 106
-2.177 22.067 1.538 105 104 73
-1.966 22.072 1.395 161 146 113
-2.038 22.070 1.431 167 140 95
-2.180 22.067 1.514 105 118 98
-2.057 22.069 1.509 105 119 94
-2.016 22.069 1.539 155 161 125
-1.990 22.072 1.352 168 144 100
-2.081 22.070 1.425 167 140 97
-2.089 22.068 1.534 107 117 92
-2.011 22.069 1.511 105 118 98
-2.179 22.067 1.508 100 113 87
-2.033 22.070 1.482 162 140 93
-1.966 22.070 1.515 132 140 116
-2.009 22.073 1.283 102 116 83
-1.987 22.070 1.478 165 138 95
-1.960 22.070 1.500 155 149 125
-1.961 22.071 1.454 155 151 116
-2.028 22.070 1.468 167 143 97
-2.016 22.069 1.497 157 140 97
-1.963 22.073 1.346 156 142 113
-2.166 22.067 1.533 112 115 96
-2.016 22.071 1.387 165 141 97
-2.121 22.067 1.538 111 115 88
-2.076 22.068 1.521 100 120 93
-2.016 22.071 1.402 166 142 98
-1.979 22.071 1.408 169 145 99
-2.112 22.070 1.388 166 141 101
-2.136 22.067 1.525 119 132 115
-1.982 22.075 1.196 102 115 85
-2.077 22.071 1.323 174 171 138
-2.016 22.071 1.380 166 143 101
-1.996 22.070 1.450 168 139 95
-2.078 22.070 1.377 168 145 101
-2.183 22.067 1.501 116 108 71
-2.079 22.071 1.367 158 143 104
-2.019 22.069 1.539 102 111 80
-2.021 22.073 1.289 104 114 77
-2.004 22.074 1.209 104 110 82
-2.086 22.069 1.446 166 142 96
-2.072 22.069 1.478 168 139 97
-1.996 22.071 1.432 172 141 97
-2.015 22.070 1.464 164 140 94
-2.000 22.070 1.484 164 142 95
-1.998 22.072 1.323 171 143 106
-2.100 22.068 1.515 104 118 95
-1.988 22.073 1.302 159 144 105
-2.071 22.071 1.334 188 186 147
-2.170 22.068 1.461 164 140 92
-2.059 22.072 1.269 107 117 92
-2.121 22.072 1.212 105 109 82
-2.185 22.069 1.328 158 143 100
-2.035 22.073 1.218 106 114 93
-2.092 22.072 1.240 134 147 130
-2.072 22.072 1.267 105 116 86
-2.159 22.071 1.205 111 116 84
-2.187 22.071 1.206 95 101 73
-2.158 22.070 1.301 165 150 107
-2.131 22.070 1.326 167 144 102
-2.073 22.072 1.243 116 132 121
-2.163 22.070 1.313 170 146 102
-2.166 22.070 1.328 163 141 100
-2.106 22.072 1.248 98 111 102
-2.077 22.073 1.216 99 107 84
-2.107 22.072 1.254 97 107 96
-2.146 22.071 1.272 107 117 80
-2.095 22.071 1.332 189 186 151
-2.164 22.068 1.450 164 140 96
-2.139 22.071 1.256 111 119 104
-2.120 22.071 1.282 129 138 107
-2.132 22.070 1.348 166 142 98
-2.061 22.072 1.270 106 117 87
-2.142 22.070 1.327 169 142 97
-2.153 22.072 1.194 109 114 84
-2.107 22.072 1.204 135 142 111
-2.171 22.071 1.238 102 110 97
-2.165 22.068 1.439 166 142 98
-2.054 22.072 1.268 103 113 88
-2.076 22.072 1.303 172 160 112
-2.121 22.071 1.283 122 131 102
-2.079 22.072 1.299 144 141 96
-2.186 22.067 1.483 164 141 99
-2.183 22.071 1.191 97 103 77
-2.147 22.070 1.359 163 145 99
-2.108 22.072 1.268 110 116 88
-2.184 22.070 1.309 162 140 101
-2.081 22.073 1.184 111 117 83
-2.187 22.069 1.339 160 141 99
-2.157 22.072 1.203 110 115 83
-2.144 22.072 1.205 108 115 82
-2.147 22.071 1.249 97 111 94
-2.081 22.073 1.222 97 108 94
-2.118 22.070 1.364 166 147 107
-2.104 22.072 1.242 129 145 135
-2.100 22.071 1.350 191 182 151
-2.136 22.070 1.363 167 144 100
-2.112 22.071 1.297 141 135 101
-2.114 22.072 1.198 145 152 121
-2.141 22.069 1.401 166 141 101
-2.170 22.068 1.423 164 141 99
-2.106 22.070 1.360 205 189 155
-2.085 22.071 1.326 152 149 118
-2.059 22.073 1.184 112 118 84
-2.171 22.071 1.235 103 111 98
-2.175 22.068 1.438 165 142 98
-2.177 22.069 1.353 164 143 100
-2.170 22.069 1.376 167 142 102
-2.026 22.074 1.218 113 118 98
-2.145 22.071 1.296 119 116 75
-2.152 22.072 1.196 110 115 83
-2.163 22.069 1.415 166 141 100
-2.098 22.071 1.301 147 142 100
-2.179 22.069 1.392 160 143 100
-2.039 22.073 1.238 117 129 117
-2.135 22.071 1.234 102 114 104
-2.080 22.073 1.192 121 130 99
-2.169 22.068 1.457 164 140 94
-2.152 22.071 1.288 110 114 77
-2.186 22.068 1.459 155 133 96
-2.143 22.071 1.264 117 128 96
-2.154 22.070 1.307 169 147 100
-2.140 22.069 1.390 166 141 101
-2.124 22.072 1.186 110 116 80
-2.130 22.072 1.207 109 116 83
-2.170 22.071 1.213 104 106 82
-2.168 22.071 1.209 109 112 85
-2.050 22.073 1.244 115 128 118
-2.173 22.070 1.293 98 97 69
-2.044 22.073 1.223 109 117 102
-2.129 22.072 1.210 105 109 82
-2.171 22.070 1.319 166 144 103
-2.089 22.072 1.261 74 78 61
-2.102 22.073 1.183 106 112 78
-2.075 22.072 1.246 102 115 105
-2.138 22.072 1.216 105 109 86
-2.176 22.069 1.350 164 143 100
-2.132 22.072 1.199 109 116 83
-2.130 22.072 1.213 114 118 95
-2.183 22.069 1.369 163 144 101
-2.161 22.071 1.200 111 114 85
-2.134 22.069 1.401 165 140 99
-2.037 22.074 1.194 146 152 124
-2.157 22.071 1.270 106 118 82
-2.178 22.071 1.249 98 108 97
-2.109 22.072 1.206 113 120 87
-2.057 22.073 1.240 123 139 128
-2.064 22.072 1.273 129 143 110
-2.065 22.073 1.204 112 119 86
-2.109 22.071 1.341 183 170 135
-2.046 22.073 1.244 117 127 119
-2.122 22.072 1.220 85 89 74
-2.156 22.069 1.428 167 140 97
-2.108 22.072 1.243 115 128 119
-2.171 22.068 1.443 164 142 95
-2.176 22.070 1.292 105 103 78
-2.144 22.070 1.319 168 140 100
-2.061 22.073 1.229 97 111 98
-2.175 22.070 1.292 105 103 78
-2.165 22.070 1.345 167 144 102
-2.161 22.069 1.408 164 139 98
-2.166 22.071 1.225 112 118 108
-2.143 22.072 1.191 113 117 82
-2.124 22.072 1.240 126 142 131
-2.164 22.069 1.387 165 142 100
-2.167 22.069 1.412 165 140 99
-2.118 22.072 1.255 94 104 93
-2.145 22.069 1.413 166 141 100
-2.181 22.068 1.406 161 143 103
-2.111 22.072 1.214 101 105 82
-2.180 22.070 1.306 159 141 103
-2.129 22.071 1.300 150 142 103
-2.158 22.069 1.402 166 141 100
-2.184 22.070 1.301 156 141 108
-2.135 22.070 1.363 167 146 103
-2.151 22.070 1.321 169 144 103
-2.176 22.070 1.298 157 146 114
-2.176 22.070 1.297 128 123 94
-2.015 22.074 1.205 109 116 85
-2.169 22.068 1.450 163 139 93
-2.151 22.069 1.431 167 140 97
-2.181 22.071 1.189 102 106 81
-2.161 22.071 1.275 105 117 81
-2.141 22.069 1.411 166 141 101
-2.150 22.071 1.255 88 101 81
-2.148 22.071 1.292 95 97 57
-2.055 22.073 1.237 125 143 129
-2.130 22.070 1.393 166 141 101
-2.166 22.071 1.244 99 115 104
-2.034 22.074 1.185 111 116 84
-2.066 22.073 1.246 103 119 109
-2.027 22.074 1.193 128 137 108
-2.127 22.071 1.257 91 99 84
-2.043 22.073 1.234 101 111 100
-2.079 22.071 1.316 188 180 144
-2.187 22.071 1.222 99 103 89
-2.137 22.072 1.218 96 101 81
-2.127 22.071 1.320 166 144 105
-2.080 22.072 1.292 98 109 69
-2.130 22.072 1.214 114 118 95
-2.130 22.070 1.335 171 145 96
-2.161 22.070 1.346 167 144 102
-2.068 22.072 1.281 139 154 121
-2.165 22.069 1.354 164 143 100
-2.168 22.070 1.290 110 110 82
-2.118 22.070 1.369 166 144 103
-2.116 22.071 1.300 156 147 108
-2.044 22.073 1.226 106 114 103
-2.179 22.069 1.383 160 141 99
-2.186 22.071 1.183 100 102 78
-2.039 22.074 1.199 127 134 101
-2.181 22.068 1.420 161 142 102
-2.140 22.070 1.320 166 141 100
-2.121 22.070 1.359 166 147 107
-2.062 22.073 1.200 134 141 108
-2.142 22.069 1.388 165 141 103
-2.155 22.070 1.319 170 145 104
-2.018 22.074 1.210 108 112 85
-2.109 22.073 1.190 113 120 86
-2.122 22.070 1.381 168 143 102
-2.136 22.072 1.190 109 115 77
-2.137 22.072 1.210 110 114 87
-2.031 22.073 1.219 52 59 43
-2.037 22.074 1.183 110 115 83
-2.143 22.070 1.311 169 145 97
-2.169 22.069 1.349 164 143 100
-2.061 22.073 1.221 74 83 64
-2.128 22.072 1.238 139 152 142
-2.116 22.072 1.184 111 117 81
-2.174 22.070 1.306 167 145 104
-2.122 22.072 1.248 97 110 100
-2.157 22.069 1.392 163 140 98
-2.078 22.072 1.263 106 115 94
-2.069 22.073 1.223 101 112 96
-2.181 22.071 1.207 107 111 86
-2.109 22.071 1.278 139 148 117
-2.100 22.072 1.253 98 108 97
-2.120 22.072 1.193 134 143 114
-2.088 22.072 1.242 138 151 134
-2.131 22.070 1.357 166 143 101
-2.153 22.070 1.329 167 139 99
-2.123 22.071 1.291 109 112 85
-2.079 22.072 1.295 109 114 73
-2.149 22.070 1.293 98 98 60
-2.057 22.073 1.202 138 144 110
-2.113 22.070 1.372 166 144 105
-2.185 22.067 1.482 164 141 99
-2.027 22.074 1.184 111 116 84
-2.153 22.070 1.300 167 158 115
-2.151 22.069 1.368 165 144 101
-2.154 22.069 1.374 166 141 100
-2.171 22.070 1.328 163 144 102
-2.066 22.073 1.197 138 145 114
-2.031 22.073 1.221 52 59 43
-2.120 22.072 1.218 108 113 93
-2.158 22.070 1.327 165 140 100
-2.138 22.070 1.342 171 142 98
-2.179 22.071 1.210 107 111 86
-2.121 22.072 1.241 127 143 132
-2.152 22.071 1.278 104 114 79
-2.182 22.070 1.284 101 106 76
-2.090 22.072 1.218 107 114 98
-2.168 22.070 1.269 105 114 83
-2.135 22.071 1.252 91 102 88
-2.154 22.070 1.313 168 144 100
-2.150 22.071 1.253 88 101 81
-2.145 22.070 1.359 163 145 99
-2.136 22.069 1.398 165 140 99
-2.144 22.070 1.353 166 143 101
-2.131 22.070 1.386 167 142 102
-2.086 22.072 1.257 104 110 96
-2.163 22.069 1.381 170 140 102
-2.057 22.072 1.263 100 109 92
-2.156 22.071 1.238 101 113 99
-2.073 22.073 1.193 139 146 115
-2.101 22.072 1.264 107 113 87
-2.129 22.070 1.378 166 143 102
-2.147 22.072 1.196 110 117 84
-2.184 22.069 1.342 160 141 99
-2.121 22.072 1.192 134 143 114
-2.144 22.071 1.232 101 115 102
-2.039 22.073 1.207 107 114 81
-2.162 22.068 1.439 165 141 97
-2.024 22.074 1.200 114 121 88
-2.130 22.070 1.388 167 142 102
-2.140 22.070 1.332 170 142 94
-2.138 22.071 1.285 109 120 90
-2.152 22.070 1.326 166 141 101
-2.033 22.073 1.235 123 135 123
-2.064 22.072 1.288 105 112 81
-2.117 22.071 1.288 111 113 89
-2.066 22.072 1.284 119 136 104
-2.107 22.072 1.269 110 116 88
-2.112 22.071 1.337 175 161 124
-2.179 22.070 1.276 109 114 82
-2.177 22.069 1.398 161 144 101
-2.186 22.067 1.480 162 138 100
-2.061 22.073 1.220 68 77 58
-2.037 22.073 1.220 82 89 73
-2.187 22.071 1.188 106 110 85
-2.158 22.071 1.220 93 97 83
-2.076 22.072 1.253 84 94 83
-2.074 22.073 1.223 100 111 97
-2.118 22.072 1.245 112 125 115
-2.165 22.070 1.272 105 117 81
-2.158 22.069 1.415 165 140 99
-2.142 22.070 1.360 163 145 99
-2.181 22.068 1.435 162 140 101
-2.035 22.073 1.225 111 119 108
-2.168 22.071 1.239 102 110 97
-2.035 22.073 1.230 100 110 99
-2.171 22.068 1.447 163 139 93
-2.061 22.073 1.205 116 123 90
-2.186 22.068 1.407 159 141 101
-2.025 22.074 1.202 114 121 88
-2.109 22.071 1.312 193 181 143
-2.127 22.070 1.340 167 142 101
-2.140 22.071 1.266 107 113 85
-2.102 22.072 1.218 94 99 79
-2.176 22.070 1.262 106 114 91
-2.091 22.073 1.199 131 140 109
-2.149 22.070 1.347 169 144 103
-2.137 22.070 1.365 166 143 101
-2.125 22.070 1.379 167 144 103
-2.167 22.071 1.219 125 128 111
-2.129 22.072 1.185 114 118 81
-2.137 22.071 1.284 126 135 104
-2.149 22.070 1.338 171 141 103
-2.098 22.071 1.302 147 142 100
-2.161 22.070 1.339 167 142 102
-2.113 22.071 1.278 137 146 115
-2.118 22.072 1.221 68 72 57
-2.115 22.071 1.317 162 148 113
-2.058 22.073 1.191 108 115 84
-2.005 22.074 1.192 102 115 87
-2.110 22.072 1.203 130 137 104
-2.147 22.070 1.310 170 146 100
-2.176 22.069 1.349 164 143 100
-2.095 22.071 1.303 180 173 129
-2.183 22.071 1.196 96 102 76
-2.119 22.071 1.319 155 139 105
-2.057 22.073 1.227 104 116 102
-2.145 22.071 1.247 98 113 94
-2.094 22.071 1.323 167 163 134
-2.183 22.069 1.344 162 143 101
-2.063 22.073 1.234 124 141 125
-2.098 22.071 1.297 111 113 76
-2.171 22.071 1.250 98 110 100
-2.109 22.071 1.324 175 166 133
-2.185 22.070 1.299 151 140 112
-2.090 22.073 1.194 119 128 99
-2.052 22.073 1.255 88 98 87
-2.132 22.071 1.300 156 147 106
-2.139 22.071 1.297 154 146 100
-2.067 22.073 1.240 129 146 136
-2.104 22.071 1.330 187 183 146
-2.091 22.073 1.197 135 144 113
-2.141 22.071 1.253 94 105 91
-2.172 22.069 1.376 167 144 103
-2.148 22.070 1.313 172 145 100
-2.019 22.074 1.218 101 106 86
-2.160 22.071 1.253 92 104 90
-2.123 22.071 1.278 139 149 115
-2.113 22.071 1.320 173 160 128
-2.025 22.073 1.227 108 118 107
-2.053 22.073 1.238 125 143 129
-2.181 22.068 1.405 162 145 102
-2.156 22.071 1.232 98 110 98
-2.152 22.069 1.397 166 141 101
