-1.707 23.872 1.316 127 122 102
-1.782 23.858 1.508 103 94 65
-1.807 23.865 1.378 154 129 88
-1.779 23.866 1.317 158 130 91
-1.815 23.865 1.387 155 126 86
-1.919 23.873 1.326 158 129 85
-1.867 23.868 1.383 155 128 85
-1.854 23.871 1.302 42 39 20
-1.768 23.861 1.424 155 127 88
-1.793 23.867 1.311 149 134 93
-1.842 23.866 1.397 154 126 86
-1.929 23.870 1.397 148 125 91
-1.818 23.864 1.409 152 122 84
-1.835 23.870 1.310 129 112 84
-1.886 23.874 1.272 56 51 31
-1.852 23.869 1.341 156 128 88
-1.770 23.866 1.313 156 136 85
-1.897 23.874 1.277 138 133 101
-1.892 23.870 1.366 153 128 88
-1.773 23.862 1.413 153 125 86
-1.869 23.865 1.455 152 124 84
-1.813 23.862 1.450 151 121 85
-1.833 23.864 1.423 150 125 85
-1.762 23.862 1.405 151 126 85
-1.786 23.861 1.453 150 125 85
-1.780 23.857 1.530 99 108 91
-1.765 23.861 1.416 152 127 87
-1.821 23.863 1.434 151 121 85
-1.829 23.870 1.286 134 125 86
-1.856 23.866 1.408 152 127 87
-1.897 23.874 1.276 135 131 104
-1.799 23.861 1.461 151 123 83
-1.805 23.864 1.392 153 125 85
-1.772 23.866 1.317 160 132 92
-1.769 23.868 1.272 48 43 24
-1.833 23.862 1.471 150 122 82
-1.887 23.866 1.443 153 125 86
-1.866 23.865 1.455 151 123 83
-1.796 23.862 1.443 153 125 88
-1.772 23.859 1.484 147 121 84
-1.903 23.870 1.367 157 129 89
-1.785 23.865 1.353 157 129 90
-1.764 23.859 1.465 150 122 85
-1.851 23.872 1.270 49 48 30
-1.848 23.866 1.407 151 126 86
-1.792 23.867 1.320 160 126 98
-1.771 23.865 1.339 154 124 90
-1.819 23.867 1.347 154 129 88
-1.799 23.863 1.420 154 124 86
-1.776 23.863 1.381 154 126 87
-1.888 23.872 1.307 155 145 110
-1.849 23.866 1.412 152 127 87
-1.826 23.870 1.292 136 126 91
-1.808 23.864 1.396 152 124 84
-1.822 23.870 1.276 130 122 99
-1.904 23.874 1.291 135 125 89
-1.841 23.871 1.276 126 120 96
-1.838 23.863 1.463 150 122 83
-1.875 23.871 1.317 157 130 83
-1.918 23.871 1.365 159 131 92
-1.822 23.870 1.281 134 125 92
-1.795 23.863 1.416 155 125 87
-1.845 23.870 1.314 160 133 88
-1.780 23.860 1.463 148 123 83
-1.929 23.873 1.346 148 129 89
-1.853 23.867 1.379 156 131 90
-1.834 23.862 1.483 155 121 86
-1.782 23.866 1.320 161 127 99
-1.799 23.860 1.493 154 122 81
-1.902 23.868 1.427 154 129 89
-1.845 23.870 1.311 159 135 97
-1.827 23.863 1.444 156 126 90
-1.811 23.868 1.322 150 131 88
-1.772 23.857 1.528 100 109 92
-1.913 23.872 1.350 154 126 86
-1.801 23.862 1.449 153 125 86
-1.785 23.858 1.509 105 96 67
-1.857 23.869 1.354 155 127 88
-1.925 23.873 1.335 151 129 90
-1.897 23.873 1.299 89 81 60
-1.911 23.869 1.405 154 126 87
-1.929 23.870 1.402 146 123 89
-1.843 23.871 1.284 137 127 92
-1.764 23.866 1.315 153 133 82
-1.924 23.871 1.372 153 127 90
-1.897 23.873 1.297 129 122 96
-1.763 23.862 1.400 152 127 86
-1.850 23.867 1.391 155 127 87
-1.810 23.869 1.299 127 116 94
-1.826 23.863 1.438 154 124 88
-1.871 23.872 1.287 135 126 85
-1.787 23.857 1.538 95 103 82
-1.851 23.871 1.292 134 126 90
-1.818 23.866 1.361 155 127 88
-1.904 23.870 1.382 157 129 89
-1.839 23.867 1.375 152 127 86
-1.883 23.866 1.436 155 127 90
-1.811 23.862 1.464 151 122 82
-1.820 23.862 1.466 151 122 82
-1.861 23.870 1.334 152 130 83
-1.913 23.870 1.397 155 127 88
-1.800 23.869 1.279 144 134 107
-1.791 23.859 1.497 151 122 80
-1.838 23.866 1.396 155 127 87
-1.774 23.867 1.293 140 127 95
-1.874 23.870 1.337 154 132 85
-1.850 23.869 1.335 159 127 86
-1.807 23.861 1.469 150 123 80
-1.860 23.865 1.432 148 122 85
-1.856 23.866 1.410 154 129 89
-1.878 23.869 1.371 152 129 88
-1.904 23.870 1.378 155 127 87
-1.777 23.863 1.384 154 126 87
-1.839 23.866 1.384 151 126 85
-1.806 23.865 1.370 154 129 89
-1.899 23.869 1.392 154 126 89
-1.860 23.872 1.277 119 113 91
-1.856 23.869 1.335 161 129 88
-1.757 23.867 1.274 115 108 89
-1.828 23.868 1.343 154 129 88
-1.811 23.865 1.389 157 128 88
-1.874 23.870 1.346 155 130 89
-1.877 23.873 1.287 136 127 84
-1.814 23.862 1.461 152 122 84
-1.866 23.871 1.306 81 74 48
-1.793 23.859 1.504 144 122 85
-1.807 23.860 1.505 139 123 90
-1.759 23.867 1.274 115 108 89
-1.803 23.870 1.269 50 47 32
-1.900 23.872 1.330 153 128 87
-1.877 23.868 1.395 155 127 88
-1.843 23.863 1.464 150 122 83
-1.817 23.870 1.270 60 53 35
-1.881 23.872 1.297 141 134 108
-1.792 23.869 1.277 144 134 107
-1.842 23.871 1.278 137 130 102
-1.755 23.866 1.310 149 133 97
-1.810 23.868 1.315 154 133 86
-1.842 23.864 1.437 156 128 89
-1.815 23.862 1.463 150 121 81
-1.792 23.863 1.421 155 125 87
-1.839 23.869 1.333 155 127 87
-1.761 23.865 1.339 155 130 89
-1.847 23.866 1.401 154 126 86
-1.764 23.860 1.440 153 123 85
-1.775 23.862 1.406 153 128 88
-1.874 23.868 1.399 155 127 88
-1.848 23.870 1.303 36 33 14
-1.891 23.869 1.392 152 124 87
-1.870 23.871 1.320 158 127 83
-1.858 23.866 1.411 154 129 89
-1.803 23.868 1.308 119 105 79
-1.884 23.872 1.307 154 144 109
-1.801 23.863 1.412 153 123 85
-1.835 23.865 1.422 150 125 85
-1.814 23.867 1.339 157 132 91
-1.817 23.865 1.387 156 127 87
-1.862 23.868 1.387 154 125 85
-1.860 23.867 1.387 155 126 86
-1.813 23.861 1.478 151 122 80
-1.791 23.863 1.410 153 125 86
-1.777 23.857 1.523 90 101 84
-1.891 23.870 1.370 154 129 89
-1.903 23.873 1.310 157 142 99
-1.815 23.860 1.503 145 116 82
-1.782 23.867 1.316 158 130 91
-1.758 23.865 1.325 159 129 93
-1.916 23.869 1.414 153 125 86
-1.844 23.864 1.441 154 126 87
-1.931 23.873 1.333 151 131 96
-1.859 23.865 1.433 150 122 85
-1.812 23.865 1.383 157 128 88
-1.853 23.870 1.326 154 133 90
-1.881 23.871 1.329 157 129 89
-1.772 23.864 1.368 156 128 88
-1.909 23.874 1.296 141 132 101
-1.820 23.868 1.319 156 133 89
-1.912 23.871 1.371 154 129 88
-1.817 23.861 1.491 141 117 73
-1.904 23.872 1.336 151 133 85
-1.835 23.864 1.436 153 125 88
-1.812 23.867 1.337 155 132 90
-1.821 23.869 1.307 115 104 86
-1.789 23.864 1.374 154 126 86
-1.789 23.863 1.415 154 126 87
-1.884 23.868 1.402 156 128 89
-1.822 23.863 1.435 151 121 85
-1.784 23.858 1.504 145 123 86
-1.799 23.858 1.526 94 109 90
-1.867 23.872 1.285 138 128 92
-1.912 23.873 1.311 154 139 108
-1.860 23.869 1.361 154 127 84
-1.885 23.872 1.318 155 128 81
-1.850 23.872 1.273 63 60 41
-1.862 23.866 1.424 150 124 87
-1.830 23.863 1.444 155 127 90
-1.857 23.870 1.318 156 130 79
-1.774 23.867 1.300 124 113 91
-1.818 23.863 1.448 151 121 85
-1.798 23.868 1.296 146 135 105
-1.819 23.861 1.487 147 120 77
-1.802 23.867 1.336 154 131 89
-1.871 23.868 1.396 154 126 87
-1.841 23.868 1.361 155 130 90
-1.830 23.866 1.383 154 126 86
-1.872 23.867 1.409 152 124 85
-1.831 23.869 1.315 159 132 89
-1.804 23.869 1.282 136 122 93
-1.779 23.861 1.435 152 124 87
-1.892 23.873 1.293 132 123 90
-1.898 23.869 1.390 156 126 90
-1.906 23.869 1.411 156 128 89
-1.850 23.868 1.352 156 128 89
-1.906 23.868 1.425 155 130 89
-1.882 23.871 1.333 153 130 86
-1.875 23.866 1.430 151 125 88
-1.805 23.861 1.461 151 123 83
-1.838 23.871 1.277 134 127 98
-1.852 23.871 1.295 134 126 90
-1.846 23.870 1.307 156 139 109
-1.813 23.863 1.423 154 126 87
-1.787 23.861 1.451 149 124 84
-1.774 23.868 1.271 51 46 27
-1.777 23.866 1.313 156 136 86
-1.876 23.866 1.437 153 125 88
-1.859 23.872 1.292 136 130 96
-1.849 23.865 1.430 151 126 86
-1.855 23.870 1.327 154 133 90
-1.912 23.869 1.406 153 125 86
-1.780 23.862 1.429 154 126 87
-1.864 23.870 1.325 159 127 88
-1.774 23.864 1.374 156 128 89
-1.758 23.865 1.314 155 134 91
-1.765 23.864 1.359 158 129 89
-1.800 23.867 1.326 160 128 89
-1.884 23.872 1.313 150 129 82
-1.816 23.870 1.273 56 49 30
-1.862 23.864 1.459 149 121 81
-1.806 23.868 1.316 158 130 91
-1.887 23.872 1.302 45 38 19
-1.908 23.871 1.367 158 130 91
-1.770 23.866 1.320 162 129 98
-1.865 23.868 1.389 155 125 87
-1.831 23.865 1.400 149 121 81
-1.902 23.868 1.430 150 125 84
-1.765 23.858 1.485 149 123 86
-1.801 23.864 1.390 154 126 86
-1.858 23.869 1.342 154 126 86
-1.768 23.865 1.334 153 129 95
-1.830 23.863 1.456 152 124 85
-1.883 23.873 1.284 135 128 86
-1.838 23.868 1.342 158 130 90
-1.815 23.869 1.290 136 121 80
-1.883 23.866 1.446 156 128 89
-1.833 23.868 1.340 154 129 88
-1.863 23.871 1.314 154 133 86
-1.859 23.864 1.462 150 122 82
-1.844 23.864 1.456 151 123 84
-1.880 23.873 1.276 138 132 108
-1.874 23.870 1.354 154 129 88
-1.765 23.867 1.287 136 127 88
-1.837 23.869 1.327 153 134 91
-1.776 23.863 1.385 154 129 88
-1.863 23.865 1.445 152 124 85
-1.905 23.869 1.395 154 126 89
-1.795 23.864 1.400 154 126 86
-1.865 23.864 1.463 151 123 84
-1.844 23.867 1.388 154 126 86
-1.861 23.870 1.325 161 129 91
-1.778 23.858 1.516 105 107 86
-1.859 23.869 1.346 157 130 87
-1.899 23.872 1.338 155 127 87
-1.873 23.872 1.300 120 114 92
-1.824 23.871 1.270 50 45 26
-1.787 23.860 1.468 148 123 82
-1.802 23.863 1.421 154 124 86
-1.884 23.870 1.356 154 131 90
-1.870 23.872 1.295 133 127 93
-1.928 23.872 1.353 153 131 94
-1.856 23.864 1.466 151 123 84
-1.785 23.857 1.541 101 109 88
-1.786 23.864 1.380 156 128 88
-1.810 23.868 1.317 158 130 91
-1.775 23.865 1.352 156 128 89
-1.842 23.866 1.397 154 126 86
-1.814 23.862 1.454 151 121 83
-1.788 23.868 1.298 143 132 104
-1.780 23.864 1.376 153 125 86
-1.802 23.868 1.305 60 48 36
-1.786 23.867 1.309 139 125 99
-1.868 23.865 1.459 151 123 83
-1.877 23.867 1.425 154 128 91
-1.780 23.867 1.296 137 126 96
-1.827 23.861 1.485 155 123 85
-1.916 23.873 1.335 155 131 87
-1.911 23.870 1.386 157 129 90
-1.761 23.867 1.294 139 124 95
-1.760 23.863 1.379 153 128 88
-1.782 23.863 1.391 150 125 84
-1.892 23.870 1.359 151 126 86
-1.890 23.868 1.410 155 127 88
-1.926 23.873 1.325 158 129 87
-1.807 23.860 1.487 147 118 78
-1.850 23.863 1.466 149 121 82
-1.791 23.863 1.401 154 126 86
-1.877 23.868 1.399 155 127 88
-1.817 23.867 1.352 156 131 91
-1.865 23.866 1.430 150 124 87
-1.847 23.866 1.409 151 126 86
-1.761 23.862 1.406 152 127 87
-1.780 23.866 1.323 160 126 98
-1.780 23.868 1.290 137 122 93
-1.818 23.865 1.387 156 127 87
-1.925 23.871 1.379 152 126 89
-1.826 23.865 1.397 156 127 87
-1.860 23.869 1.341 156 129 86
-1.828 23.861 1.489 149 121 81
-1.782 23.864 1.378 153 125 86
-1.817 23.868 1.334 160 133 90
-1.907 23.874 1.294 139 130 97
-1.819 23.863 1.431 147 119 80
-1.774 23.867 1.290 137 122 93
-1.817 23.864 1.409 152 124 85
-1.864 23.869 1.349 157 130 87
-1.908 23.873 1.324 157 133 89
-1.909 23.873 1.326 159 132 87
-1.842 23.869 1.320 154 132 83
-1.831 23.870 1.285 133 123 87
-1.920 23.870 1.397 154 128 91
-1.824 23.868 1.337 155 130 89
-1.823 23.863 1.451 153 123 85
-1.789 23.866 1.331 154 129 89
-1.903 23.874 1.291 134 124 88
-1.851 23.872 1.269 49 48 30
-1.867 23.872 1.286 138 128 92
-1.893 23.869 1.388 154 124 88
-1.852 23.866 1.401 154 126 86
-1.802 23.867 1.322 160 127 94
-1.849 23.864 1.462 150 122 83
-1.782 23.868 1.278 141 134 106
-1.925 23.868 1.521 100 104 87
-1.912 23.868 1.433 150 122 85
-1.800 23.858 1.531 97 109 87
-1.909 23.867 1.481 148 120 81
-1.928 23.869 1.475 149 123 86
-1.885 23.866 1.462 151 123 83
-1.916 23.869 1.433 150 122 83
-1.917 23.869 1.427 149 121 82
-1.877 23.865 1.493 153 124 84
-1.865 23.863 1.522 103 113 89
-1.867 23.864 1.481 149 124 93
-1.911 23.868 1.451 149 124 84
-1.894 23.866 1.513 96 92 63
-1.889 23.865 1.535 100 110 86
-1.852 23.862 1.528 101 106 86
-1.926 23.870 1.422 151 127 91
-1.934 23.869 1.503 141 126 93
-1.852 23.862 1.528 101 106 86
-1.886 23.865 1.539 101 109 86
-1.856 23.862 1.531 101 110 91
-1.890 23.866 1.473 151 123 84
-1.909 23.868 1.444 152 124 87
-1.865 23.863 1.512 92 89 58
-1.928 23.870 1.413 151 128 94
-1.862 23.864 1.475 152 124 85
-1.856 23.863 1.505 145 125 92
-1.894 23.866 1.485 148 122 85
-1.851 23.862 1.526 97 106 85
-1.909 23.868 1.446 153 125 88
-1.883 23.866 1.457 150 122 82
-1.893 23.866 1.506 139 123 87
-1.904 23.867 1.451 149 121 81
-1.883 23.865 1.481 150 126 92
-1.890 23.865 1.522 98 107 86
-1.892 23.866 1.495 153 124 82
-1.862 23.864 1.491 151 121 83
-1.903 23.867 1.456 152 124 84
-1.910 23.867 1.471 144 119 78
-1.917 23.869 1.437 151 123 84
-1.890 23.866 1.474 151 123 84
-1.836 23.861 1.543 96 104 83
-1.903 23.866 1.525 97 109 89
-1.878 23.864 1.515 101 104 77
-1.889 23.865 1.514 101 103 79
-1.902 23.866 1.495 151 122 80
-1.891 23.866 1.473 151 123 84
-1.909 23.866 1.526 99 110 94
-1.927 23.870 1.412 149 126 92
-1.916 23.868 1.489 144 116 77
-1.903 23.866 1.501 149 124 83
-1.854 23.862 1.534 98 107 86
-1.919 23.869 1.425 148 122 85
-1.922 23.869 1.417 152 126 89
-1.881 23.864 1.520 99 109 85
-1.891 23.866 1.501 149 124 83
-1.922 23.868 1.499 145 126 86
-1.867 23.863 1.529 98 110 86
-1.856 23.862 1.529 101 110 91
-1.883 23.864 1.536 98 108 84
-1.887 23.865 1.514 97 93 64
-1.899 23.866 1.491 154 125 85
-1.916 23.867 1.535 101 109 86
-1.911 23.867 1.487 147 119 79
-1.883 23.865 1.471 151 123 84
-1.909 23.867 1.483 148 120 81
-1.823 23.860 1.513 82 82 54
-1.894 23.866 1.508 109 100 67
-1.932 23.869 1.457 140 117 85
-1.893 23.867 1.445 155 127 88
-1.908 23.867 1.488 149 121 81
-1.853 23.863 1.502 151 123 84
-1.890 23.866 1.445 152 124 85
-1.927 23.868 1.541 102 104 82
-1.911 23.867 1.507 140 124 88
-1.919 23.867 1.540 101 106 84
-1.856 23.863 1.507 145 125 92
-1.882 23.865 1.506 147 131 95
-1.882 23.866 1.462 151 123 83
-1.885 23.866 1.472 150 122 83
-1.911 23.867 1.485 150 122 83
-1.900 23.866 1.490 152 123 83
-1.894 23.867 1.440 151 123 84
-1.925 23.867 1.542 101 105 82
-1.856 23.862 1.544 105 110 88
-1.919 23.869 1.443 151 123 84
-1.827 23.861 1.503 149 120 86
-1.815 23.859 1.533 100 109 88
-1.919 23.868 1.505 146 132 97
-1.922 23.868 1.504 146 128 90
-1.915 23.869 1.431 149 121 82
-1.923 23.869 1.445 150 125 85
-1.858 23.863 1.528 102 107 87
-1.876 23.864 1.514 101 104 77
-1.853 23.862 1.523 96 110 85
-1.910 23.867 1.527 96 108 94
-1.874 23.865 1.472 152 124 85
-1.920 23.868 1.499 148 126 87
-1.891 23.866 1.485 149 123 88
-1.801 23.858 1.536 97 107 83
-1.835 23.861 1.501 150 122 83
-1.797 23.858 1.537 98 108 84
-1.844 23.862 1.509 112 103 72
-1.931 23.868 1.536 105 104 83
-1.843 23.862 1.496 149 125 81
-1.879 23.864 1.516 101 104 77
-1.909 23.867 1.471 146 121 80
-1.719 23.873 1.311 143 132 102
-1.718 23.872 1.294 47 49 25
-1.721 23.873 1.280 85 79 57
-1.707 23.870 1.448 136 124 108
-1.720 23.873 1.272 44 44 32
-1.707 23.870 1.448 136 124 108
-1.707 23.870 1.433 135 123 109
-1.712 23.871 1.361 147 135 113
-1.713 23.871 1.350 146 131 108
-1.715 23.872 1.331 143 131 93
-1.710 23.872 1.337 145 130 109
-1.716 23.872 1.326 146 129 99
-1.714 23.871 1.351 146 131 108
-1.709 23.870 1.435 142 129 113
-1.714 23.871 1.378 149 124 93
-1.709 23.870 1.438 143 130 114
-1.709 23.872 1.309 146 141 122
-1.714 23.872 1.312 142 135 116
-1.709 23.872 1.311 142 137 117
-1.716 23.871 1.344 148 128 101
-1.712 23.872 1.306 154 151 132
-1.715 23.871 1.354 148 129 99
-1.713 23.871 1.351 143 131 107
-1.710 23.870 1.411 142 132 107
-1.718 23.872 1.277 49 46 29
-1.718 23.872 1.296 47 48 32
-1.723 23.870 1.372 153 129 91
-1.720 23.871 1.368 150 127 95
-1.726 23.870 1.372 154 131 90
-1.744 23.863 1.474 152 124 87
-1.708 23.867 1.541 120 121 107
-1.715 23.866 1.521 99 103 89
-1.748 23.863 1.439 154 126 89
-1.722 23.870 1.383 151 127 91
-1.752 23.862 1.431 152 123 89
-1.757 23.863 1.366 154 129 89
-1.753 23.860 1.488 150 120 82
-1.716 23.867 1.486 148 123 93
-1.726 23.869 1.406 149 127 88
-1.736 23.868 1.373 155 127 88
-1.715 23.866 1.533 104 107 96
-1.734 23.863 1.516 107 105 84
-1.733 23.863 1.537 120 124 110
-1.748 23.863 1.422 154 125 91
-1.750 23.865 1.345 157 131 96
-1.746 23.866 1.338 156 130 95
-1.727 23.866 1.487 154 125 91
-1.750 23.860 1.532 138 141 130
-1.739 23.866 1.418 155 125 89
-1.721 23.870 1.394 146 128 90
-1.722 23.865 1.543 103 104 88
-1.729 23.872 1.278 136 130 108
-1.724 23.873 1.281 125 119 95
-1.743 23.864 1.436 154 126 87
-1.744 23.864 1.440 154 126 87
-1.749 23.867 1.287 138 125 90
-1.736 23.869 1.320 157 129 92
-1.717 23.870 1.390 144 128 94
-1.727 23.870 1.339 151 131 94
-1.731 23.870 1.329 156 130 95
-1.754 23.862 1.438 154 125 91
-1.729 23.867 1.429 155 127 90
-1.736 23.866 1.403 151 126 86
-1.732 23.864 1.504 148 125 91
-1.750 23.863 1.432 154 125 91
-1.715 23.869 1.427 151 124 95
-1.750 23.864 1.395 153 127 90
-1.746 23.868 1.287 140 127 92
-1.759 23.859 1.475 151 123 83
-1.732 23.865 1.466 151 125 88
-1.742 23.862 1.504 144 120 84
-1.722 23.871 1.362 150 127 93
-1.762 23.857 1.536 103 110 94
-1.745 23.866 1.372 157 128 94
-1.755 23.859 1.524 140 142 131
-1.729 23.872 1.288 137 128 97
-1.759 23.860 1.438 153 124 92
-1.764 23.857 1.511 90 85 63
-1.726 23.867 1.470 150 124 89
-1.742 23.862 1.494 153 121 80
-1.752 23.860 1.518 103 101 86
-1.740 23.862 1.535 133 137 123
-1.726 23.871 1.318 154 132 93
-1.732 23.869 1.357 153 130 89
-1.747 23.866 1.340 156 130 95
-1.716 23.871 1.374 148 125 93
-1.717 23.870 1.375 148 125 93
-1.756 23.864 1.358 154 128 91
-1.740 23.867 1.379 153 125 86
-1.732 23.864 1.516 107 105 84
-1.754 23.864 1.348 152 127 87
-1.747 23.863 1.454 155 127 88
-1.715 23.868 1.452 150 123 93
-1.760 23.859 1.492 154 125 85
-1.741 23.867 1.345 154 128 93
-1.738 23.868 1.340 153 129 91
-1.723 23.868 1.434 153 126 97
-1.748 23.864 1.421 154 125 91
-1.742 23.867 1.334 154 130 92
-1.714 23.869 1.454 151 124 94
-1.752 23.861 1.460 152 124 85
-1.731 23.865 1.479 151 125 90
-1.711 23.868 1.487 146 128 104
-1.730 23.871 1.317 156 131 90
-1.736 23.864 1.484 152 123 89
-1.756 23.861 1.441 153 124 90
-1.748 23.864 1.387 152 126 89
-1.720 23.869 1.440 150 123 94
-1.738 23.863 1.499 149 121 82
-1.756 23.860 1.489 150 122 85
-1.730 23.870 1.329 156 130 95
-1.749 23.861 1.491 151 119 80
-1.755 23.864 1.341 155 130 90
-1.754 23.864 1.348 152 127 87
-1.735 23.868 1.364 154 129 89
-1.747 23.860 1.538 99 101 87
-1.736 23.868 1.345 154 130 92
-1.734 23.863 1.540 145 147 133
-1.714 23.866 1.541 103 104 88
-1.747 23.866 1.342 157 131 96
-1.743 23.867 1.356 153 127 92
-1.719 23.866 1.542 102 103 87
-1.749 23.865 1.368 155 129 94
-1.735 23.869 1.326 159 130 96
-1.720 23.869 1.432 153 127 94
-1.725 23.871 1.326 154 130 96
-1.723 23.867 1.486 152 125 95
-1.716 23.868 1.474 151 125 90
-1.751 23.864 1.377 153 127 90
-1.732 23.870 1.332 154 131 90
-1.721 23.870 1.391 147 129 91
-1.723 23.868 1.450 150 123 93
-1.743 23.868 1.297 135 127 104
-1.737 23.865 1.441 150 125 85
-1.745 23.869 1.270 68 65 48
-1.724 23.868 1.454 151 125 92
-1.745 23.862 1.486 150 122 85
-1.752 23.864 1.383 152 126 89
-1.736 23.867 1.401 151 126 86
-1.718 23.868 1.492 153 124 90
-1.732 23.871 1.271 46 43 26
-1.728 23.865 1.522 105 107 93
-1.754 23.861 1.468 151 123 84
-1.757 23.859 1.502 148 125 91
-1.751 23.865 1.342 155 129 92
-1.717 23.867 1.504 145 125 92
-1.727 23.866 1.466 150 124 89
-1.755 23.860 1.483 146 120 85
-1.723 23.869 1.420 150 126 92
-1.731 23.864 1.532 135 138 127
-1.713 23.868 1.475 143 129 102
-1.726 23.871 1.321 156 132 96
-1.727 23.867 1.459 153 127 92
-1.738 23.863 1.510 116 102 75
-1.757 23.863 1.380 153 128 88
-1.725 23.865 1.532 98 101 90
-1.712 23.868 1.502 146 128 108
-1.726 23.866 1.494 156 126 90
-1.746 23.861 1.500 149 121 82
-1.728 23.866 1.475 151 125 90
-1.742 23.861 1.537 147 151 137
-1.745 23.861 1.534 131 134 123
-1.757 23.858 1.525 158 161 150
-1.749 23.864 1.382 154 125 91
-1.725 23.872 1.296 119 114 92
-1.728 23.866 1.472 150 124 89
-1.923 23.874 1.314 155 129 92
-1.912 23.874 1.293 139 130 97
-1.902 23.874 1.275 135 131 102
-1.917 23.874 1.270 37 39 18
-1.930 23.874 1.313 153 127 90
-1.907 23.874 1.269 41 40 19
-1.925 23.874 1.303 52 45 26
-1.908 23.874 1.273 75 73 50
-1.915 23.874 1.277 134 129 99
-1.905 23.874 1.281 130 125 85
-1.914 23.874 1.284 131 123 86
