-29.101 22.170 1.332 131 117 90
-29.245 22.174 1.546 72 78 64
-29.195 22.173 1.484 123 102 75
-29.109 22.171 1.412 134 113 84
-29.068 22.169 1.283 104 103 75
-29.045 22.170 1.406 134 113 84
-29.072 22.169 1.285 101 101 77
-29.146 22.172 1.529 120 103 73
-29.033 22.169 1.359 140 117 85
-29.151 22.172 1.427 124 103 76
-29.058 22.169 1.311 100 112 98
-29.024 22.170 1.513 134 121 102
-29.026 22.169 1.401 129 113 88
-29.034 22.169 1.294 90 99 80
-29.081 22.171 1.513 128 113 80
-29.147 22.172 1.503 123 107 81
-29.099 22.171 1.498 73 61 37
-29.052 22.169 1.331 135 121 94
-29.021 22.170 1.506 143 134 117
-29.117 22.171 1.403 131 107 79
-29.094 22.171 1.407 130 109 78
-29.188 22.173 1.534 99 92 74
-29.020 22.169 1.300 106 109 90
-29.087 22.171 1.490 130 111 81
-29.045 22.170 1.491 128 106 82
-29.030 22.169 1.326 65 63 42
-29.072 22.170 1.348 131 111 78
-29.051 22.170 1.458 136 112 84
-29.059 22.170 1.423 130 109 78
-29.176 22.172 1.494 125 104 75
-29.039 22.170 1.515 135 112 81
-29.159 22.172 1.484 124 103 76
-29.146 22.171 1.398 135 112 81
-29.184 22.173 1.531 105 97 78
-29.174 22.173 1.549 74 86 74
-29.182 22.173 1.514 120 103 77
-29.234 22.174 1.536 77 76 56
-29.013 22.168 1.290 151 148 129
-29.050 22.170 1.493 127 111 78
-29.070 22.170 1.317 90 100 89
-29.105 22.172 1.553 81 89 78
-29.095 22.170 1.368 136 113 81
-29.105 22.171 1.376 133 110 78
-29.078 22.170 1.299 85 95 84
-29.096 22.171 1.400 133 113 78
-29.178 22.172 1.498 120 103 75
-29.078 22.171 1.525 127 105 81
-29.114 22.172 1.556 83 91 80
-29.134 22.172 1.550 77 88 72
-29.083 22.171 1.480 124 103 74
-29.069 22.170 1.319 83 91 76
-29.065 22.170 1.367 138 115 83
-29.031 22.169 1.321 91 98 82
-29.123 22.171 1.469 23 24 19
-29.131 22.172 1.542 86 85 67
-29.180 22.172 1.458 126 106 82
-29.024 22.169 1.347 136 118 94
-29.051 22.170 1.386 135 115 80
-29.139 22.172 1.465 109 96 79
-29.048 22.170 1.417 134 114 81
-29.055 22.170 1.411 135 115 82
-29.085 22.170 1.386 135 112 81
-29.050 22.169 1.346 140 115 84
-29.057 22.170 1.407 135 115 82
-29.181 22.173 1.529 117 105 83
-29.194 22.173 1.484 123 102 75
-29.126 22.172 1.515 15 16 18
-29.067 22.170 1.314 111 123 111
-29.077 22.171 1.502 136 109 82
-29.063 22.169 1.313 103 115 103
-29.109 22.171 1.404 135 112 81
-29.091 22.170 1.402 133 112 81
-29.069 22.170 1.440 129 108 79
-29.061 22.170 1.472 134 110 82
-29.052 22.170 1.367 137 114 80
-29.110 22.171 1.449 113 99 62
-29.091 22.170 1.366 135 114 85
-29.152 22.172 1.516 121 100 73
-29.118 22.171 1.418 128 107 78
-29.094 22.170 1.385 139 115 87
-29.019 22.169 1.302 147 148 130
-29.226 22.173 1.526 109 97 73
-29.050 22.171 1.551 83 94 80
-29.079 22.170 1.307 120 130 121
-29.146 22.172 1.496 124 109 78
-29.126 22.172 1.526 23 22 20
-29.081 22.170 1.396 135 114 83
-29.109 22.171 1.492 47 33 32
-29.083 22.171 1.528 125 107 85
-29.030 22.169 1.332 133 119 93
-29.036 22.169 1.273 155 146 129
-29.030 22.169 1.297 89 98 79
-29.023 22.169 1.297 87 94 76
-29.032 22.170 1.544 88 92 78
-29.019 22.170 1.443 144 137 111
-29.061 22.171 1.515 126 110 77
-29.090 22.171 1.418 132 111 82
-29.051 22.170 1.444 122 101 70
-29.035 22.170 1.544 85 91 77
-29.114 22.171 1.361 133 110 79
-29.132 22.172 1.522 27 27 25
-29.047 22.170 1.431 130 109 80
-29.071 22.171 1.467 125 104 75
-29.090 22.170 1.354 133 113 80
-29.031 22.169 1.315 86 97 81
-29.143 22.172 1.452 120 104 88
-29.014 22.169 1.384 150 145 125
-29.181 22.172 1.461 126 106 82
-29.106 22.172 1.535 99 95 66
-29.105 22.171 1.431 131 112 79
-29.018 22.170 1.555 148 143 123
-29.057 22.170 1.369 140 117 83
-29.148 22.171 1.414 133 109 83
-29.030 22.170 1.550 90 92 78
-29.025 22.170 1.460 130 114 89
-29.090 22.170 1.359 135 115 82
-29.173 22.172 1.472 125 103 79
-29.097 22.170 1.367 135 112 80
-29.040 22.170 1.421 138 114 86
-29.105 22.171 1.445 137 115 74
-29.061 22.170 1.350 136 113 82
-29.016 22.170 1.478 150 143 124
-29.064 22.170 1.483 130 109 80
-29.143 22.172 1.543 84 87 70
-29.096 22.171 1.505 127 101 74
-29.133 22.172 1.476 112 102 92
-29.031 22.170 1.438 134 113 82
-29.130 22.171 1.371 133 110 79
-29.075 22.171 1.504 133 106 79
-29.098 22.171 1.458 130 103 82
-29.077 22.170 1.290 100 103 82
-29.200 22.173 1.480 124 103 76
-29.093 22.170 1.357 136 116 83
-29.104 22.171 1.467 82 61 40
-29.062 22.170 1.362 138 115 83
-29.094 22.171 1.515 121 108 74
-29.030 22.169 1.299 89 98 79
-29.063 22.170 1.451 119 102 72
-29.069 22.170 1.376 135 115 82
-29.148 22.172 1.461 122 106 80
-29.026 22.169 1.351 128 112 87
-29.068 22.170 1.398 132 112 79
-29.039 22.170 1.507 131 110 79
-29.099 22.171 1.457 126 102 78
-29.052 22.169 1.306 122 133 119
-29.044 22.169 1.326 79 77 54
-29.028 22.169 1.273 154 149 130
-29.077 22.171 1.460 130 111 81
-29.050 22.170 1.481 137 111 84
-29.210 22.173 1.497 124 103 76
-29.096 22.170 1.320 86 98 84
-29.022 22.170 1.492 137 121 106
-29.164 22.172 1.495 126 105 74
-29.079 22.171 1.450 116 99 69
-29.176 22.173 1.553 72 84 72
-29.147 22.172 1.478 125 108 80
-29.137 22.172 1.556 74 90 77
-29.026 22.169 1.362 135 118 90
-29.074 22.170 1.337 137 116 85
-29.020 22.169 1.350 132 120 96
-29.044 22.170 1.416 133 112 85
-29.030 22.169 1.404 137 116 87
-29.119 22.171 1.373 134 111 80
-29.023 22.169 1.341 130 112 88
-29.017 22.170 1.463 149 142 123
-29.150 22.172 1.539 92 82 55
-29.030 22.169 1.340 138 117 90
-29.058 22.170 1.468 134 110 82
-29.109 22.171 1.477 36 25 23
-29.047 22.170 1.395 132 111 82
-29.022 22.170 1.486 132 119 100
-29.095 22.171 1.448 128 109 79
-29.140 22.172 1.556 72 90 76
-29.031 22.169 1.347 137 116 89
-29.070 22.171 1.498 133 107 80
-29.100 22.171 1.473 136 112 84
-29.129 22.171 1.452 27 21 7
-29.178 22.173 1.538 85 82 65
-29.040 22.170 1.478 133 109 83
-29.059 22.170 1.403 133 113 80
-29.059 22.171 1.552 82 93 77
-29.096 22.170 1.344 132 112 77
-29.130 22.172 1.484 27 24 19
-29.032 22.170 1.436 135 114 85
-29.058 22.169 1.291 92 100 79
-29.037 22.169 1.380 139 116 82
-29.030 22.170 1.479 137 113 87
-29.134 22.172 1.473 120 110 100
-29.014 22.170 1.548 152 145 126
-29.151 22.172 1.465 121 105 79
-29.062 22.171 1.546 82 93 79
-29.046 22.170 1.382 138 118 85
-29.089 22.171 1.535 96 95 75
-29.047 22.170 1.475 132 110 86
-29.013 22.169 1.295 151 150 132
-29.017 22.170 1.483 149 142 123
-29.180 22.172 1.493 126 106 79
-29.050 22.170 1.410 133 113 80
-29.170 22.172 1.449 125 104 77
-29.061 22.170 1.382 134 114 79
-29.191 22.173 1.534 107 100 82
-29.021 22.170 1.451 133 121 97
-29.049 22.170 1.488 135 111 83
-29.105 22.170 1.332 130 116 89
-29.044 22.169 1.294 86 98 78
-29.118 22.171 1.423 118 99 67
-29.163 22.173 1.554 77 88 74
-29.069 22.170 1.369 136 113 81
-29.193 22.173 1.468 124 104 77
-29.040 22.170 1.452 133 109 81
-29.066 22.170 1.432 127 106 77
-29.133 22.172 1.539 93 80 63
-29.169 22.173 1.543 77 88 74
-29.173 22.173 1.554 72 84 72
-29.186 22.173 1.502 120 104 79
-29.089 22.171 1.448 122 105 75
-29.132 22.171 1.432 86 67 37
-29.065 22.170 1.319 88 96 81
-29.097 22.171 1.430 131 111 76
-29.084 22.171 1.535 78 77 57
-29.065 22.170 1.430 121 100 69
-29.018 22.169 1.282 148 145 126
-29.028 22.169 1.390 133 116 88
-29.090 22.171 1.459 129 108 79
-29.041 22.170 1.439 131 108 77
-29.187 22.173 1.544 69 76 69
-29.183 22.173 1.555 73 85 75
-29.143 22.172 1.434 132 109 78
-29.117 22.171 1.462 28 28 28
-29.191 22.173 1.483 121 105 79
-29.151 22.172 1.434 130 109 78
-29.150 22.172 1.526 123 104 74
-29.106 22.171 1.456 134 119 90
-29.090 22.170 1.405 130 109 78
-29.023 22.170 1.488 132 119 100
-29.085 22.171 1.471 131 110 81
-29.017 22.170 1.530 149 142 124
-29.194 22.173 1.535 90 84 68
-29.056 22.169 1.284 110 109 81
-29.098 22.171 1.468 127 101 74
-29.159 22.172 1.450 124 103 76
-29.118 22.171 1.465 25 25 25
-29.089 22.170 1.360 135 114 83
-29.140 22.172 1.458 126 114 98
-29.056 22.170 1.479 137 113 85
-29.023 22.169 1.427 133 121 99
-29.099 22.171 1.443 131 110 83
-29.048 22.170 1.490 135 111 83
-29.077 22.170 1.385 133 110 79
-29.093 22.171 1.558 80 91 77
-29.017 22.169 1.388 148 143 123
-29.122 22.171 1.439 140 126 100
-29.059 22.170 1.487 132 111 82
-29.219 22.174 1.557 77 86 81
-29.186 22.173 1.538 83 77 61
-29.042 22.170 1.474 134 110 84
-29.061 22.169 1.270 150 149 131
-29.041 22.169 1.369 137 117 82
-29.086 22.171 1.546 81 92 78
-29.024 22.170 1.502 133 122 104
-29.236 22.174 1.543 77 85 72
-29.165 22.172 1.479 125 104 77
-29.087 22.170 1.395 133 112 81
-29.065 22.171 1.483 130 109 80
-29.198 22.173 1.548 95 102 94
-29.131 22.171 1.393 131 108 77
-29.063 22.170 1.422 129 108 77
-29.170 22.172 1.463 127 105 81
-29.039 22.170 1.474 134 110 84
-29.047 22.171 1.530 124 109 90
-29.119 22.172 1.515 28 25 20
-29.063 22.170 1.414 134 113 82
-29.140 22.172 1.477 133 118 97
-29.160 22.172 1.417 131 107 81
-29.128 22.172 1.475 32 29 20
-29.014 22.169 1.337 153 142 120
-29.161 22.172 1.459 128 108 83
-29.086 22.170 1.343 140 115 84
-29.178 22.173 1.523 123 106 80
-29.063 22.170 1.370 139 116 84
-29.067 22.171 1.482 129 108 79
-29.109 22.171 1.369 134 111 79
-29.024 22.170 1.488 124 108 85
-29.137 22.171 1.429 125 102 71
-29.171 22.172 1.477 122 100 76
-29.115 22.172 1.531 28 20 0
-29.032 22.170 1.519 131 111 86
-29.041 22.170 1.428 130 106 78
-29.081 22.170 1.335 134 117 87
-29.079 22.170 1.320 89 97 84
-29.022 22.169 1.370 133 121 99
-29.132 22.171 1.379 131 108 77
-29.084 22.171 1.499 127 103 75
-29.061 22.169 1.307 132 143 129
-29.040 22.169 1.337 136 115 84
-29.072 22.170 1.459 124 105 75
-29.026 22.170 1.485 124 108 85
-29.039 22.170 1.408 135 112 81
-29.057 22.170 1.416 133 113 80
-29.041 22.170 1.481 133 109 83
-29.099 22.171 1.542 82 93 76
-29.133 22.171 1.441 137 121 96
-29.029 22.169 1.335 136 119 93
-29.237 22.174 1.556 69 81 69
-29.176 22.173 1.524 118 104 78
-29.100 22.171 1.445 136 105 76
-29.194 22.173 1.486 122 101 74
-29.208 22.173 1.504 120 100 75
-29.062 22.169 1.305 117 125 112
-29.135 22.171 1.416 133 106 77
-29.045 22.170 1.527 130 109 88
-29.096 22.170 1.326 80 88 65
-29.198 22.173 1.555 91 98 91
-29.103 22.171 1.410 133 112 81
-29.098 22.171 1.491 91 77 40
-29.166 22.172 1.497 123 104 74
-29.092 22.170 1.352 133 113 78
-29.130 22.172 1.492 43 45 31
-29.099 22.171 1.545 82 91 74
-29.090 22.170 1.307 102 112 104
-29.120 22.171 1.370 132 109 78
-29.092 22.170 1.323 86 88 74
-29.161 22.172 1.438 129 108 79
-29.050 22.169 1.299 85 98 81
-29.043 22.170 1.391 134 113 82
-29.063 22.171 1.525 130 106 82
-29.114 22.171 1.384 133 110 79
-29.157 22.172 1.473 126 106 81
-29.024 22.169 1.364 133 117 91
-29.146 22.172 1.483 123 104 74
-29.199 22.173 1.559 108 115 108
-29.065 22.169 1.298 85 96 82
-29.165 22.172 1.497 123 104 74
-29.130 22.171 1.405 134 110 84
-29.124 22.171 1.433 106 91 62
-29.084 22.171 1.476 127 106 77
-29.176 22.172 1.485 127 107 80
-29.063 22.170 1.396 134 114 81
-29.160 22.172 1.436 129 108 79
-29.137 22.172 1.481 65 53 39
-29.073 22.170 1.388 137 114 83
-29.176 22.173 1.530 114 106 87
-29.078 22.171 1.547 82 93 79
-29.028 22.169 1.295 90 97 79
-29.059 22.170 1.443 134 113 84
-29.083 22.170 1.357 134 114 81
-29.167 22.172 1.426 129 108 79
-29.018 22.169 1.325 147 142 122
-29.059 22.170 1.336 136 115 84
-29.095 22.170 1.386 137 114 82
-29.065 22.170 1.383 135 115 82
-29.025 22.170 1.551 86 87 73
-29.055 22.170 1.465 132 106 79
-29.088 22.171 1.487 124 103 74
-29.164 22.172 1.526 120 104 78
-29.130 22.171 1.446 53 46 28
-29.173 22.173 1.555 72 84 72
-29.173 22.172 1.465 125 103 80
-29.124 22.171 1.434 103 89 62
-29.042 22.169 1.315 84 97 80
-29.142 22.172 1.464 121 105 89
-29.136 22.172 1.494 80 78 63
-29.061 22.170 1.414 133 112 81
-29.163 22.172 1.454 125 104 77
-29.061 22.171 1.538 88 91 72
-29.048 22.170 1.465 139 113 86
-29.110 22.171 1.492 47 33 32
-29.021 22.170 1.478 136 124 102
-29.113 22.171 1.394 132 109 78
-29.014 22.170 1.462 149 144 124
-29.044 22.170 1.437 129 108 79
-29.137 22.171 1.429 125 102 71
-29.146 22.172 1.430 131 110 81
-29.036 22.170 1.550 84 92 79
-29.022 22.169 1.430 134 122 98
-29.037 22.169 1.370 138 115 81
-29.080 22.170 1.337 136 115 84
-29.182 22.173 1.519 121 101 74
-29.214 22.173 1.512 122 98 72
-29.147 22.172 1.463 122 106 80
-29.156 22.172 1.461 127 107 82
-29.052 22.170 1.424 119 98 67
-29.171 22.172 1.517 124 104 77
-29.100 22.171 1.446 136 105 76
-29.192 22.173 1.545 95 102 95
-29.085 22.171 1.452 127 110 80
-29.173 22.173 1.518 126 106 79
-29.076 22.171 1.464 126 107 77
-29.022 22.169 1.301 106 109 90
-29.164 22.172 1.427 128 107 78
-29.022 22.169 1.409 133 121 99
-29.160 22.172 1.493 127 107 74
-29.132 22.172 1.471 103 93 83
-29.130 22.172 1.553 78 90 76
-29.083 22.170 1.324 82 79 60
-29.183 22.172 1.461 125 105 81
-29.133 22.171 1.428 124 101 69
-29.111 22.171 1.519 104 86 64
-29.058 22.170 1.390 137 117 84
-29.040 22.170 1.418 135 111 83
-29.147 22.171 1.414 133 109 83
-29.153 22.172 1.489 125 104 75
-29.152 22.172 1.507 122 106 80
-29.161 22.172 1.514 124 104 79
-29.109 22.171 1.409 133 112 83
-29.083 22.171 1.556 79 92 75
-29.104 22.171 1.408 133 112 81
-29.064 22.169 1.295 89 100 83
-29.201 22.173 1.526 119 104 83
-29.042 22.169 1.361 136 116 83
-29.048 22.169 1.283 103 104 73
-29.126 22.172 1.500 64 66 55
-29.018 22.169 1.397 143 135 114
-29.203 22.173 1.494 119 99 72
-29.015 22.169 1.319 149 147 132
-29.040 22.170 1.525 128 110 88
-29.157 22.172 1.549 72 80 65
-29.020 22.170 1.511 142 133 116
-29.091 22.171 1.514 121 108 74
-29.127 22.171 1.407 132 108 82
-29.117 22.172 1.558 81 89 76
-29.101 22.171 1.405 133 112 81
-29.065 22.170 1.350 135 112 81
-29.123 22.171 1.373 133 110 79
-29.183 22.173 1.496 124 107 81
-29.133 22.171 1.459 24 18 6
-29.111 22.172 1.558 80 90 79
-29.041 22.170 1.392 134 113 82
-29.096 22.170 1.366 135 112 80
-29.148 22.172 1.516 123 102 75
-29.027 22.170 1.438 134 114 87
-29.237 22.174 1.548 73 83 72
-29.137 22.171 1.407 128 104 76
-29.146 22.172 1.433 134 113 84
-29.099 22.171 1.444 136 105 76
-29.037 22.170 1.504 131 112 80
-29.142 22.172 1.464 121 105 89
-29.165 22.173 1.545 76 84 69
-29.092 22.171 1.474 130 106 78
-29.094 22.170 1.325 83 80 61
-29.017 22.169 1.352 144 136 115
-29.081 22.170 1.366 134 113 82
-29.047 22.169 1.301 88 97 80
-29.081 22.171 1.466 134 113 84
-29.060 22.171 1.499 131 105 78
-29.140 22.172 1.505 91 74 58
-29.043 22.170 1.410 135 114 85
-29.017 22.169 1.363 145 137 116
-29.095 22.171 1.497 126 107 75
-29.100 22.172 1.559 78 90 80
-29.156 22.172 1.535 95 88 62
-29.138 22.171 1.433 131 110 81
-29.170 22.172 1.517 124 104 77
-29.232 22.176 1.346 126 105 76
-29.149 22.172 1.379 133 108 78
-29.249 22.176 1.414 120 112 91
-29.191 22.174 1.346 129 112 84
-29.146 22.171 1.383 136 111 81
-29.221 22.177 1.271 147 143 132
-29.218 22.174 1.469 121 101 74
-29.175 22.172 1.434 126 107 77
-29.191 22.175 1.283 106 101 81
-29.201 22.176 1.291 90 91 83
-29.214 22.176 1.335 136 111 81
-29.185 22.174 1.347 136 112 84
-29.225 22.177 1.286 97 98 80
-29.154 22.173 1.320 81 94 84
-29.150 22.172 1.364 133 110 79
-29.236 22.176 1.358 126 105 76
-29.133 22.172 1.332 131 110 83
-29.190 22.175 1.295 85 89 88
-29.126 22.171 1.347 131 108 77
-29.183 22.173 1.391 131 112 82
-29.203 22.175 1.340 131 108 76
-29.189 22.175 1.308 101 106 99
-29.122 22.172 1.281 106 104 83
-29.238 22.177 1.340 128 109 79
-29.197 22.174 1.360 131 110 81
-29.251 22.176 1.446 120 112 91
-29.184 22.175 1.297 81 93 83
-29.212 22.176 1.338 129 106 75
-29.199 22.175 1.312 106 114 101
-29.247 22.177 1.371 120 106 80
-29.205 22.174 1.416 127 106 77
-29.111 22.171 1.289 104 107 88
-29.229 22.176 1.339 132 109 78
-29.198 22.173 1.429 123 104 74
-29.193 22.175 1.337 130 105 74
-29.190 22.173 1.445 122 107 78
-29.116 22.172 1.281 106 104 83
-29.209 22.175 1.362 131 110 81
-29.210 22.177 1.271 148 145 130
-29.167 22.172 1.396 132 108 80
-29.165 22.173 1.329 121 109 85
-29.215 22.174 1.465 122 102 75
-29.212 22.177 1.277 143 137 121
-29.240 22.175 1.477 116 99 73
-29.151 22.173 1.331 127 115 89
-29.233 22.176 1.407 123 104 74
-29.230 22.174 1.509 120 99 72
-29.204 22.175 1.322 82 95 86
-29.214 22.176 1.348 130 109 80
-29.241 22.178 1.290 97 99 85
-29.198 22.173 1.446 122 105 77
-29.168 22.173 1.381 135 115 82
-29.151 22.173 1.296 84 96 82
-29.145 22.173 1.291 85 92 76
-29.189 22.173 1.399 118 97 70
-29.107 22.171 1.289 101 104 85
-29.197 22.175 1.334 134 113 86
-29.136 22.173 1.277 139 134 115
-29.228 22.176 1.386 122 103 73
-29.229 22.174 1.456 119 100 70
-29.094 22.170 1.305 124 131 123
-29.205 22.173 1.463 122 102 75
-29.240 22.177 1.367 125 106 76
-29.176 22.174 1.295 87 97 86
-29.249 22.176 1.408 120 112 91
-29.193 22.173 1.465 122 102 75
-29.219 22.174 1.474 121 101 74
-29.198 22.173 1.473 122 102 75
-29.246 22.174 1.521 116 105 85
-29.209 22.174 1.431 122 103 73
-29.171 22.172 1.427 126 105 76
-29.213 22.176 1.320 80 93 86
-29.244 22.175 1.496 113 97 71
-29.184 22.173 1.414 123 102 71
-29.224 22.177 1.284 97 98 80
-29.140 22.172 1.310 101 103 100
-29.147 22.173 1.274 148 145 126
-29.249 22.178 1.334 121 113 92
-29.156 22.172 1.357 130 109 78
-29.227 22.174 1.458 118 99 69
-29.239 22.176 1.421 118 103 74
-29.176 22.173 1.403 131 110 81
-29.233 22.174 1.510 119 98 71
-29.241 22.174 1.505 117 98 68
-29.234 22.178 1.273 145 142 133
-29.224 22.174 1.453 120 103 73
-29.234 22.178 1.271 145 142 133
-29.237 22.177 1.309 85 92 76
-29.229 22.175 1.449 118 101 71
-29.150 22.172 1.373 133 110 79
-29.229 22.176 1.373 125 104 75
-29.176 22.174 1.329 66 65 47
-29.104 22.171 1.287 101 100 80
-29.226 22.176 1.330 118 105 88
-29.218 22.176 1.302 104 116 106
-29.198 22.176 1.279 121 116 94
-29.162 22.172 1.384 135 112 80
-29.236 22.174 1.500 117 97 70
-29.202 22.173 1.457 123 103 76
-29.191 22.173 1.458 125 105 81
-29.222 22.174 1.457 120 101 71
-29.188 22.175 1.322 82 95 88
-29.163 22.172 1.404 132 108 80
-29.184 22.174 1.345 130 113 85
-29.245 22.177 1.327 86 87 73
-29.170 22.173 1.376 131 111 78
-29.202 22.174 1.374 131 110 81
-29.162 22.172 1.414 133 109 81
-29.211 22.174 1.452 121 104 76
-29.191 22.173 1.440 124 104 77
-29.227 22.175 1.433 122 103 73
-29.239 22.176 1.392 126 107 77
-29.121 22.171 1.353 134 111 80
-29.118 22.171 1.304 111 122 105
-29.220 22.177 1.282 107 104 85
-29.098 22.171 1.270 150 147 132
-29.245 22.177 1.339 122 110 84
-29.223 22.174 1.467 122 103 73
-29.234 22.175 1.439 120 99 70
-29.204 22.173 1.447 123 106 78
-29.188 22.174 1.329 115 103 77
-29.162 22.173 1.342 132 110 86
-29.109 22.171 1.306 123 129 117
-29.233 22.177 1.325 93 91 79
-29.191 22.175 1.312 110 118 105
-29.217 22.176 1.325 84 91 83
-29.246 22.178 1.272 147 144 135
-29.186 22.175 1.300 83 93 92
-29.182 22.174 1.361 132 111 82
-29.200 22.176 1.297 85 91 89
-29.239 22.178 1.277 122 122 112
-29.249 22.177 1.379 121 110 88
-29.243 22.176 1.379 119 102 74
-29.228 22.175 1.416 119 102 72
-29.251 22.178 1.341 122 111 89
-29.103 22.170 1.322 80 93 73
-29.163 22.173 1.325 82 90 77
-29.114 22.171 1.293 90 98 83
-29.227 22.176 1.344 126 109 81
-29.229 22.176 1.370 125 104 75
-29.182 22.174 1.313 95 101 91
-29.105 22.170 1.318 83 96 79
-29.129 22.172 1.281 107 105 84
-29.151 22.173 1.330 127 115 89
-29.237 22.176 1.375 126 105 76
-29.214 22.175 1.356 132 111 82
-29.115 22.171 1.318 84 97 79
-29.245 22.177 1.342 120 106 79
-29.185 22.173 1.437 126 106 79
-29.220 22.176 1.360 129 108 79
-29.226 22.177 1.305 91 99 86
-29.247 22.174 1.533 101 95 79
-29.173 22.174 1.320 82 95 86
-29.178 22.173 1.406 129 108 79
-29.200 22.176 1.271 151 147 135
-29.166 22.172 1.398 132 108 80
-29.191 22.173 1.408 125 106 76
-29.157 22.173 1.314 88 99 85
-29.210 22.176 1.295 85 91 87
-29.194 22.174 1.384 129 110 80
-29.173 22.173 1.380 132 111 80
-29.224 22.175 1.428 124 105 75
-29.215 22.176 1.313 111 119 104
-29.127 22.172 1.293 88 95 79
-29.212 22.174 1.420 126 107 77
-29.197 22.175 1.298 79 91 91
-29.236 22.174 1.484 120 99 70
-29.159 22.172 1.392 133 110 78
-29.153 22.172 1.379 134 111 80
-29.138 22.172 1.307 86 91 85
-29.171 22.174 1.296 84 96 84
-29.129 22.172 1.295 86 94 79
-29.248 22.178 1.283 108 108 96
-29.219 22.175 1.394 127 108 78
-29.211 22.176 1.332 133 112 85
-29.181 22.173 1.414 128 107 76
-29.205 22.173 1.482 125 104 77
-29.143 22.173 1.274 148 145 126
-29.220 22.176 1.347 131 110 81
-29.227 22.175 1.401 123 104 74
-29.247 22.174 1.514 115 103 81
-29.126 22.172 1.273 146 143 124
-29.179 22.174 1.354 136 112 84
-29.106 22.170 1.329 130 116 89
-29.156 22.172 1.373 134 111 80
-29.157 22.173 1.294 83 94 80
-29.236 22.176 1.394 123 102 73
-29.157 22.172 1.386 135 110 80
-29.186 22.174 1.377 132 112 85
-29.154 22.173 1.318 81 94 84
-29.208 22.175 1.360 131 110 81
-29.211 22.176 1.313 121 129 114
-29.188 22.174 1.372 130 109 82
-29.191 22.173 1.449 121 105 79
-29.092 22.170 1.300 92 99 91
-29.244 22.176 1.395 120 103 77
-29.182 22.174 1.318 80 93 86
-29.197 22.174 1.369 129 108 79
-29.191 22.174 1.396 121 104 74
-29.200 22.176 1.287 103 104 90
-29.158 22.173 1.309 128 135 119
-29.248 22.175 1.504 120 105 82
-29.180 22.172 1.441 122 102 75
-29.238 22.178 1.284 97 98 80
-29.235 22.174 1.525 113 99 72
-29.159 22.172 1.370 134 111 79
-29.223 22.177 1.295 82 93 85
-29.202 22.174 1.420 124 103 74
-29.163 22.172 1.389 134 111 79
-29.210 22.175 1.343 131 112 82
-29.251 22.174 1.534 114 111 96
-29.240 22.174 1.503 118 98 71
-29.091 22.170 1.278 133 128 108
-29.220 22.177 1.283 107 104 85
-29.132 22.172 1.305 109 119 108
-29.203 22.175 1.323 86 94 83
-29.099 22.171 1.279 117 112 92
-29.170 22.173 1.374 131 111 78
-29.181 22.172 1.430 125 106 76
-29.151 22.172 1.384 138 113 83
-29.239 22.178 1.299 81 94 84
-29.245 22.178 1.323 83 85 74
-29.164 22.173 1.343 132 110 86
-29.167 22.173 1.338 133 108 77
-29.208 22.175 1.338 132 109 77
-29.220 22.174 1.463 120 100 73
-29.250 22.177 1.398 122 111 91
-29.216 22.175 1.383 128 109 79
-29.183 22.173 1.431 121 102 72
-29.125 22.172 1.276 139 134 115
-29.245 22.178 1.318 81 88 80
-29.156 22.174 1.287 93 97 80
-29.237 22.175 1.430 122 103 73
-29.211 22.177 1.277 143 137 121
-29.226 22.176 1.349 129 108 79
-29.202 22.175 1.320 81 94 85
-29.161 22.174 1.289 116 120 103
-29.118 22.171 1.347 130 107 76
-29.244 22.175 1.457 118 102 77
-29.191 22.174 1.339 133 110 78
-29.214 22.173 1.482 121 100 73
-29.078 22.170 1.275 130 125 103
-29.234 22.175 1.450 119 102 72
-29.234 22.175 1.442 120 99 70
-29.145 22.172 1.360 133 110 79
-29.234 22.175 1.441 120 99 70
-29.188 22.174 1.388 130 110 83
-29.166 22.172 1.416 129 108 79
-29.250 22.177 1.342 124 112 88
-29.175 22.174 1.293 87 97 86
-29.136 22.172 1.311 107 109 104
-29.223 22.174 1.460 118 99 69
-29.158 22.172 1.370 133 110 79
-29.233 22.174 1.519 117 96 67
-29.232 22.177 1.281 106 105 85
-29.141 22.172 1.338 133 108 78
-29.220 22.173 1.493 122 98 70
-29.213 22.176 1.295 82 91 86
-29.247 22.177 1.373 121 107 81
-29.111 22.171 1.279 114 109 89
-29.199 22.174 1.403 126 109 79
-29.210 22.176 1.280 124 119 99
-29.197 22.175 1.344 127 110 82
-29.165 22.173 1.326 69 68 50
-29.200 22.174 1.404 126 107 77
-29.207 22.176 1.288 98 99 85
-29.199 22.175 1.339 133 110 78
-29.248 22.174 1.543 89 93 79
-29.210 22.176 1.286 95 94 74
-29.250 22.176 1.443 117 109 88
-29.218 22.174 1.454 120 103 75
-29.222 22.176 1.335 132 107 77
-29.118 22.171 1.312 110 116 104
-29.234 22.175 1.463 120 101 71
-29.139 22.172 1.340 133 108 78
-29.225 22.176 1.338 134 111 80
-29.237 22.175 1.476 117 98 68
