-6.961 23.898 1.340 156 136 99
-7.015 23.898 1.314 160 138 97
-7.062 23.898 1.303 50 52 47
-6.972 23.898 1.384 161 135 98
-7.065 23.898 1.317 160 136 100
-7.141 23.898 1.331 163 139 105
-6.984 23.898 1.312 160 134 99
-7.033 23.898 1.282 193 186 170
-6.959 23.898 1.302 55 56 40
-7.052 23.898 1.285 186 170 155
-6.952 23.898 1.288 159 167 156
-7.052 23.898 1.286 186 170 155
-7.082 23.898 1.333 163 139 101
-7.076 23.898 1.274 98 110 108
-7.128 23.898 1.290 94 127 136
-7.151 23.898 1.316 161 140 109
-7.121 23.898 1.275 98 121 127
-7.098 23.898 1.272 97 115 115
-7.060 23.898 1.280 179 166 160
-7.120 23.898 1.325 162 138 104
-7.002 23.898 1.385 161 137 99
-6.968 23.898 1.347 157 132 91
-7.038 23.898 1.299 82 89 82
-6.958 23.898 1.348 156 139 109
-7.038 23.898 1.333 161 137 99
-7.087 23.898 1.341 162 138 100
-7.128 23.898 1.305 155 156 148
-6.995 23.898 1.298 102 119 101
-7.102 23.898 1.326 162 138 102
-7.022 23.898 1.381 164 138 101
-7.104 23.898 1.317 164 142 101
-7.046 23.898 1.351 161 137 99
-7.027 23.898 1.309 161 144 116
-7.001 23.898 1.283 99 110 104
-6.963 23.898 1.382 161 136 96
-7.116 23.898 1.273 100 119 123
-7.080 23.898 1.298 104 118 121
-7.124 23.898 1.301 115 142 151
-6.971 23.898 1.308 155 133 109
-7.002 23.898 1.302 56 55 50
-7.025 23.898 1.329 162 138 100
-7.162 23.898 1.304 45 52 68
-7.069 23.898 1.275 113 108 112
-7.024 23.898 1.283 98 104 90
-7.097 23.898 1.310 154 142 116
-6.987 23.898 1.352 159 136 95
-7.138 23.898 1.333 160 136 102
-7.049 23.898 1.341 162 138 100
-6.958 23.898 1.295 92 105 95
-7.000 23.898 1.289 100 112 102
-7.075 23.898 1.275 101 102 106
-7.131 23.898 1.288 99 128 134
-7.016 23.898 1.330 158 136 95
-6.995 23.898 1.386 164 136 99
-6.978 23.898 1.395 162 134 95
-7.020 23.898 1.312 160 137 103
-7.064 23.898 1.306 159 151 138
-7.024 23.898 1.342 161 137 99
-7.009 23.898 1.369 161 135 98
-7.024 23.898 1.338 161 137 99
-6.966 23.898 1.325 158 134 86
-6.962 23.898 1.302 57 58 42
-7.157 23.897 1.325 162 138 104
-7.130 23.898 1.334 164 140 106
-6.966 23.898 1.348 159 135 97
-7.107 23.898 1.309 157 140 122
-7.020 23.898 1.374 162 136 99
-6.990 23.898 1.364 160 136 98
-7.133 23.898 1.281 100 125 130
-7.131 23.898 1.302 38 53 56
-6.967 23.898 1.393 164 136 99
-7.010 23.898 1.337 159 136 95
-6.972 23.898 1.283 94 110 100
-7.087 23.898 1.306 170 171 157
-7.132 23.898 1.338 161 137 103
-7.006 23.898 1.309 162 141 120
-7.079 23.898 1.312 158 141 113
-7.057 23.898 1.292 130 130 122
-7.074 23.898 1.280 166 164 165
-6.995 23.898 1.287 97 109 99
-7.015 23.898 1.371 162 136 99
-7.016 23.898 1.310 157 134 100
-7.020 23.898 1.280 101 113 103
-7.045 23.898 1.359 159 135 97
-6.983 23.898 1.274 96 112 99
-7.032 23.898 1.280 158 151 141
-7.086 23.898 1.325 164 140 102
-7.018 23.898 1.376 162 136 99
-6.973 23.898 1.317 157 134 92
-6.959 23.898 1.306 156 154 133
-6.974 23.898 1.387 165 137 100
-7.086 23.898 1.314 160 135 105
-7.105 23.898 1.269 100 118 118
-7.002 23.898 1.311 161 135 102
-6.959 23.898 1.342 158 142 109
-7.157 23.897 1.318 161 138 106
-7.130 23.898 1.273 102 123 128
-7.144 23.898 1.328 165 141 107
-6.985 23.898 1.367 160 137 96
-7.063 23.898 1.322 162 136 101
-7.116 23.898 1.309 156 141 122
-7.157 23.898 1.270 100 120 129
-6.997 23.898 1.390 162 136 99
-7.010 23.898 1.305 167 154 145
-7.118 23.898 1.330 164 140 106
-6.962 23.898 1.303 57 58 42
-7.012 23.898 1.289 97 110 100
-7.082 23.898 1.291 157 157 155
-7.020 23.898 1.305 163 157 135
-7.028 23.898 1.301 83 95 85
-6.989 23.898 1.383 164 136 99
-6.998 23.898 1.369 161 135 98
-7.065 23.898 1.348 159 135 97
-7.048 23.898 1.274 97 109 105
-7.071 23.898 1.296 102 114 114
-7.034 23.898 1.270 97 110 103
-7.017 23.898 1.303 49 55 41
-7.117 23.898 1.296 98 130 143
-7.141 23.898 1.290 96 132 144
-7.103 23.898 1.309 153 138 115
-7.085 23.898 1.313 164 144 117
-7.101 23.898 1.307 185 181 169
-7.078 23.898 1.351 161 137 99
-7.074 23.898 1.276 101 102 106
-7.055 23.898 1.360 161 137 99
-6.969 23.898 1.313 158 132 97
-7.053 23.898 1.359 161 137 99
-6.974 23.898 1.290 90 112 91
-6.953 23.898 1.347 163 156 130
-7.057 23.898 1.323 160 136 98
-7.050 23.898 1.270 98 110 106
-7.008 23.898 1.336 159 136 95
-7.103 23.898 1.298 102 123 128
-7.043 23.898 1.339 160 136 98
-7.077 23.898 1.288 171 164 158
-6.990 23.898 1.282 97 108 100
-7.038 23.898 1.297 107 117 109
-6.976 23.898 1.308 156 134 110
-7.029 23.898 1.332 161 137 99
-7.038 23.898 1.293 93 96 87
-6.993 23.898 1.300 85 95 84
-6.952 23.898 1.335 163 156 130
-6.956 23.898 1.358 144 133 103
-7.103 23.898 1.302 39 48 45
-6.976 23.898 1.316 161 136 95
-7.047 23.898 1.344 160 136 98
-6.952 23.898 1.272 159 167 152
-6.959 23.898 1.323 148 132 96
-7.074 23.898 1.310 149 143 119
-7.056 23.898 1.366 161 137 99
-7.004 23.898 1.328 160 137 96
-7.158 23.897 1.325 162 138 104
-6.966 23.898 1.272 95 113 101
-7.083 23.898 1.283 166 161 157
-7.075 23.898 1.306 162 166 151
-7.100 23.898 1.300 95 111 111
-6.958 23.898 1.389 148 133 90
-7.016 23.898 1.374 162 136 99
-7.041 23.898 1.329 165 141 103
-6.970 23.898 1.286 95 111 98
-7.100 23.898 1.344 163 139 101
-7.053 23.898 1.356 161 137 99
-7.146 23.898 1.270 104 123 130
-6.952 23.898 1.384 156 151 119
-7.113 23.898 1.330 163 139 105
-6.999 23.898 1.273 100 111 103
-7.122 23.898 1.313 160 139 112
-7.038 23.898 1.326 165 141 103
-7.072 23.898 1.349 163 139 101
-7.060 23.898 1.319 164 138 103
-6.997 23.898 1.321 159 137 98
-7.080 23.898 1.337 165 141 103
-7.125 23.898 1.341 162 138 104
-6.966 23.898 1.385 164 136 97
-7.088 23.898 1.318 164 140 106
-6.951 23.898 1.394 161 156 124
-7.002 23.898 1.316 160 135 95
-7.055 23.898 1.365 161 137 99
-7.129 23.898 1.342 163 139 105
-6.986 23.898 1.272 98 112 99
-7.135 23.898 1.323 164 140 106
-7.139 23.898 1.314 162 142 109
-6.969 23.898 1.354 160 137 96
-7.053 23.898 1.292 131 128 119
-7.022 23.898 1.320 162 138 100
-7.082 23.898 1.270 97 112 109
-7.015 23.898 1.278 95 113 99
-7.108 23.898 1.307 187 183 174
-7.000 23.898 1.275 94 113 93
-7.131 23.898 1.295 94 132 145
-7.038 23.898 1.345 162 138 100
-7.079 23.898 1.306 165 167 153
-7.054 23.898 1.361 161 137 99
-7.035 23.898 1.344 161 137 99
-6.969 23.898 1.270 95 113 97
-7.155 23.898 1.270 100 120 129
-7.067 23.898 1.325 164 140 106
-6.987 23.898 1.296 98 115 97
-7.011 23.898 1.282 96 109 102
-7.061 23.898 1.357 162 138 100
-7.069 23.898 1.364 162 139 98
-7.143 23.898 1.296 101 138 156
-7.086 23.898 1.285 190 179 173
-7.001 23.898 1.304 167 153 142
-7.081 23.898 1.335 165 141 103
-7.082 23.898 1.326 162 138 100
-7.118 23.898 1.271 100 118 122
-7.134 23.898 1.290 99 130 135
-7.063 23.898 1.301 80 90 91
-7.005 23.898 1.325 162 139 98
-7.028 23.898 1.307 162 155 136
-7.082 23.898 1.359 163 139 101
-6.953 23.898 1.360 158 151 123
-7.077 23.898 1.341 162 138 100
-7.062 23.898 1.278 179 166 160
-7.114 23.898 1.302 27 38 40
-7.109 23.898 1.335 161 137 101
-6.971 23.898 1.350 159 136 95
-6.962 23.898 1.321 166 139 96
-7.081 23.898 1.303 45 56 50
-7.020 23.898 1.326 161 137 99
-7.065 23.898 1.350 160 136 98
-7.121 23.898 1.343 161 137 103
-7.088 23.898 1.278 164 156 154
-6.984 23.898 1.341 160 135 94
-6.975 23.898 1.307 167 155 141
-7.083 23.898 1.284 192 183 176
-7.146 23.898 1.279 98 127 141
-7.117 23.898 1.306 180 177 168
-7.037 23.898 1.295 93 99 89
-7.134 23.898 1.269 105 124 130
-6.975 23.898 1.386 163 135 98
-6.981 23.898 1.283 93 109 99
-7.087 23.898 1.327 164 140 102
-7.054 23.899 1.497 162 134 97
-7.055 23.900 1.535 112 135 149
-7.035 23.899 1.475 158 132 97
-7.153 23.898 1.346 162 138 104
-7.138 23.900 1.545 97 116 120
-7.132 23.899 1.424 156 132 94
-7.089 23.898 1.379 161 137 99
-7.004 23.898 1.433 157 133 95
-6.958 23.900 1.523 116 136 137
-7.099 23.899 1.464 161 133 94
-7.130 23.898 1.356 164 140 106
-7.052 23.899 1.453 159 134 94
-6.981 23.899 1.502 157 133 89
-7.068 23.898 1.365 162 139 97
-7.116 23.899 1.482 161 128 85
-7.026 23.898 1.408 159 134 94
-6.956 23.898 1.416 125 115 79
-7.158 23.898 1.341 162 138 104
-7.092 23.898 1.422 158 134 96
-7.082 23.898 1.402 156 132 94
-7.099 23.899 1.465 161 133 94
-7.162 23.899 1.440 167 144 113
-6.971 23.899 1.508 140 134 110
-7.006 23.900 1.524 111 134 142
-7.004 23.899 1.439 158 134 96
-6.994 23.898 1.403 158 136 95
-7.017 23.899 1.461 160 138 99
-6.987 23.898 1.426 160 137 95
-6.973 23.898 1.434 159 136 95
-7.136 23.900 1.511 90 94 77
-7.034 23.900 1.515 115 140 147
-6.978 23.899 1.449 160 136 98
-6.963 23.899 1.517 114 139 146
-7.101 23.898 1.405 159 135 97
-7.110 23.899 1.438 159 133 96
-7.123 23.898 1.360 163 139 105
-7.053 23.898 1.421 164 136 96
-7.133 23.899 1.447 157 134 93
-7.029 23.900 1.538 114 138 150
-7.159 23.898 1.371 163 139 105
-7.150 23.899 1.475 156 134 97
-7.109 23.900 1.553 89 104 99
-6.959 23.899 1.491 143 127 91
-7.018 23.899 1.496 156 134 97
-7.044 23.900 1.527 108 132 144
-7.159 23.899 1.486 161 132 92
-7.158 23.900 1.521 118 138 139
-7.021 23.899 1.456 160 136 98
-7.042 23.898 1.379 163 139 103
-7.149 23.898 1.404 163 137 102
-7.154 23.899 1.480 157 132 92
-7.057 23.900 1.511 183 177 177
-7.100 23.899 1.451 160 132 93
-6.962 23.900 1.538 112 137 144
-7.107 23.900 1.511 98 107 88
-7.007 23.899 1.504 157 135 96
-6.975 23.898 1.411 162 137 97
-7.017 23.899 1.502 159 136 92
-7.116 23.898 1.397 165 137 100
-7.062 23.898 1.380 158 134 98
-7.059 23.899 1.440 159 134 93
-7.030 23.900 1.513 131 136 139
-7.065 23.898 1.380 161 137 99
-7.134 23.900 1.550 100 116 116
-7.167 23.898 1.339 164 139 109
-7.145 23.900 1.526 114 133 137
-7.100 23.898 1.402 157 133 95
-7.154 23.900 1.516 115 136 139
-7.043 23.898 1.429 156 131 90
-7.077 23.898 1.388 160 136 98
-7.137 23.900 1.542 104 124 131
-7.106 23.898 1.399 159 135 97
-7.009 23.900 1.549 106 123 113
-7.052 23.898 1.377 161 137 101
-7.025 23.899 1.460 159 135 97
-7.112 23.900 1.515 113 137 137
-7.112 23.898 1.370 162 139 97
-7.097 23.900 1.535 112 135 141
-7.098 23.898 1.366 160 136 98
-7.127 23.900 1.540 101 121 128
-6.985 23.899 1.497 157 134 92
-6.971 23.899 1.468 161 131 93
-7.046 23.899 1.462 158 135 94
-6.984 23.899 1.514 100 126 123
-7.121 23.898 1.352 159 135 101
-7.021 23.898 1.433 159 134 94
-7.025 23.900 1.533 116 140 150
-7.047 23.899 1.485 154 136 90
-7.052 23.899 1.456 158 133 93
-7.029 23.898 1.385 162 136 99
-7.075 23.899 1.503 157 130 103
-7.119 23.899 1.437 156 133 92
-7.108 23.899 1.458 158 130 91
-7.145 23.899 1.441 163 133 99
-7.128 23.899 1.480 160 131 91
-7.045 23.898 1.391 161 137 101
-6.988 23.900 1.543 118 139 140
-7.133 23.899 1.430 158 134 96
-6.957 23.899 1.447 154 139 106
-7.002 23.899 1.515 113 137 147
-7.083 23.899 1.473 155 132 88
-6.966 23.900 1.552 173 183 174
-6.957 23.898 1.433 151 136 103
-7.056 23.900 1.533 114 137 151
-6.997 23.899 1.439 161 137 99
-6.961 23.898 1.412 157 135 94
-7.070 23.898 1.402 156 132 94
-7.144 23.900 1.504 158 130 91
-7.119 23.898 1.390 163 135 98
-7.063 23.898 1.372 159 135 101
-7.028 23.900 1.517 114 137 145
-7.002 23.899 1.445 160 136 98
-7.128 23.900 1.549 102 118 118
-7.044 23.899 1.508 130 118 96
-7.045 23.900 1.547 88 103 106
-7.026 23.899 1.505 150 135 94
-6.964 23.900 1.549 148 160 158
-7.058 23.898 1.398 160 136 100
-7.028 23.898 1.415 160 135 95
-7.095 23.899 1.430 160 134 97
-7.151 23.899 1.469 160 135 94
-7.039 23.898 1.416 159 136 95
-7.157 23.899 1.489 158 132 95
-6.982 23.899 1.477 153 131 94
-7.006 23.900 1.542 120 142 140
-7.000 23.899 1.477 150 131 91
-6.987 23.899 1.472 158 133 92
-7.070 23.900 1.508 141 127 114
-7.149 23.899 1.459 161 135 98
-7.127 23.898 1.395 160 132 95
-6.957 23.898 1.411 151 136 95
-7.094 23.900 1.539 115 138 146
-7.162 23.899 1.454 159 133 98
-7.160 23.898 1.336 161 137 103
-6.977 23.899 1.441 159 135 97
-6.988 23.900 1.527 146 167 172
-7.163 23.899 1.436 164 143 114
-7.085 23.898 1.397 154 130 92
-7.002 23.900 1.530 130 151 156
-6.976 23.898 1.438 159 136 95
-6.969 23.899 1.500 158 133 93
-7.028 23.900 1.528 112 134 145
-6.975 23.899 1.513 100 126 127
-6.988 23.900 1.519 108 133 138
-7.063 23.898 1.414 158 134 96
-6.961 23.899 1.464 158 140 104
-7.081 23.900 1.521 113 138 145
-7.101 23.898 1.407 161 137 99
-7.009 23.899 1.498 157 132 91
-7.015 23.899 1.505 160 136 98
-6.970 23.898 1.434 159 136 95
-7.101 23.899 1.424 158 132 95
-7.081 23.898 1.388 160 136 98
-6.989 23.899 1.503 156 134 95
-7.129 23.898 1.379 158 134 98
-7.067 23.898 1.384 163 139 101
-7.016 23.898 1.427 161 137 99
-7.030 23.899 1.510 138 140 129
-6.986 23.898 1.433 160 137 96
-7.087 23.898 1.371 160 136 98
-7.137 23.898 1.404 159 133 98
-7.119 23.900 1.519 113 134 137
-7.117 23.900 1.527 116 136 137
-7.040 23.898 1.425 159 134 93
-7.052 23.898 1.402 158 134 96
-7.136 23.898 1.412 157 133 97
-7.099 23.898 1.389 159 135 97
-7.162 23.898 1.354 163 137 102
-7.025 23.900 1.533 116 140 150
-6.985 23.900 1.543 117 138 139
-7.012 23.899 1.489 157 134 93
-7.050 23.899 1.502 159 131 92
-7.083 23.898 1.376 162 138 100
-7.083 23.898 1.373 163 139 101
-7.138 23.898 1.384 164 138 103
-7.028 23.898 1.413 160 135 95
-7.156 23.898 1.407 161 135 102
-7.043 23.898 1.390 161 137 99
-7.021 23.899 1.480 159 131 94
-7.115 23.900 1.531 116 135 139
-6.995 23.899 1.496 160 136 92
-7.005 23.898 1.412 157 134 93
-7.075 23.900 1.550 116 132 131
-7.069 23.898 1.399 157 133 95
-7.093 23.899 1.487 160 130 96
-7.056 23.898 1.378 161 137 101
-6.974 23.899 1.476 156 133 99
-7.151 23.897 1.334 165 141 107
-7.061 23.898 1.391 159 135 99
-7.060 23.899 1.432 163 135 95
-6.983 23.899 1.503 152 133 93
-7.002 23.899 1.495 155 133 94
-7.049 23.899 1.431 159 131 91
-6.969 23.898 1.429 159 136 94
-7.073 23.899 1.463 155 129 92
-7.024 23.899 1.492 151 133 97
-7.075 23.900 1.515 108 135 144
-7.072 23.899 1.487 160 131 97
-7.019 23.900 1.552 166 180 167
-7.023 23.899 1.510 118 120 107
-7.065 23.898 1.398 161 137 99
-7.039 23.899 1.457 157 133 95
-7.049 23.899 1.455 157 132 92
-7.084 23.898 1.382 160 136 98
-7.127 23.899 1.435 160 137 96
-7.149 23.899 1.462 159 133 96
-7.155 23.898 1.402 159 133 100
-7.101 23.898 1.384 158 134 96
-7.153 23.899 1.466 158 134 96
-6.959 23.898 1.438 150 135 102
-7.056 23.899 1.430 163 135 95
-7.148 23.899 1.427 161 132 100
-7.052 23.899 1.447 161 136 96
-7.162 23.899 1.435 164 143 114
-7.164 23.898 1.337 162 135 105
-6.964 23.899 1.481 158 132 95
-7.090 23.899 1.497 161 134 89
-7.161 23.898 1.364 162 138 100
-7.107 23.900 1.505 154 130 96
-7.114 23.900 1.532 116 135 139
-6.984 23.899 1.461 160 137 96
-7.075 23.898 1.382 158 134 96
-7.051 23.900 1.526 110 134 146
-7.163 23.899 1.432 166 145 118
-6.961 23.899 1.479 155 135 102
-6.955 23.899 1.522 111 127 124
-7.159 23.899 1.416 157 133 99
-7.123 23.899 1.433 153 130 89
-7.000 23.899 1.512 98 123 120
-7.087 23.900 1.522 111 136 141
-7.104 23.898 1.402 159 135 97
-7.136 23.899 1.483 166 135 91
-7.066 23.899 1.476 158 135 93
-7.057 23.899 1.455 161 136 96
-7.076 23.898 1.397 153 129 91
-7.030 23.898 1.392 162 136 99
-6.993 23.899 1.501 162 135 90
-7.146 23.900 1.516 115 136 139
-7.081 23.898 1.366 161 137 99
-7.104 23.900 1.529 113 134 137
-7.104 23.898 1.371 161 137 99
-7.094 23.899 1.445 158 133 93
-7.046 23.900 1.536 114 137 151
-7.007 23.898 1.420 157 134 93
-6.967 23.900 1.550 142 156 156
-7.118 23.899 1.425 162 136 99
-7.166 23.899 1.476 162 133 93
-7.061 23.899 1.436 161 133 93
-7.134 23.898 1.368 164 140 106
-7.047 23.900 1.522 102 126 136
-7.000 23.899 1.494 155 133 94
-7.048 23.900 1.527 108 132 144
-7.103 23.900 1.502 161 132 90
-7.087 23.898 1.371 160 136 98
-7.133 23.898 1.389 163 134 100
-6.953 23.899 1.511 167 173 161
-7.026 23.899 1.456 158 134 96
-6.986 23.899 1.467 165 138 93
-7.038 23.898 1.396 162 138 100
-7.135 23.900 1.497 157 131 94
-7.113 23.900 1.546 98 118 119
-7.104 23.900 1.554 124 134 125
-7.067 23.900 1.526 113 137 147
-7.030 23.899 1.489 152 134 94
-7.032 23.898 1.387 163 137 100
-7.112 23.899 1.446 163 135 96
-7.095 23.899 1.445 158 133 93
-6.961 23.900 1.553 174 182 171
-7.063 23.898 1.413 158 134 96
-7.130 23.900 1.513 104 124 113
-6.988 23.899 1.440 157 133 95
-7.003 23.899 1.493 151 132 92
-7.135 23.899 1.472 155 132 91
-7.060 23.899 1.463 159 134 94
-7.011 23.898 1.428 162 138 100
-7.017 23.899 1.491 153 135 99
-7.165 23.900 1.509 157 142 137
-7.096 23.899 1.431 160 134 97
-7.157 23.898 1.362 163 139 105
-7.109 23.898 1.393 155 131 93
-7.038 23.898 1.397 162 138 100
-7.033 23.898 1.415 156 131 91
-6.998 23.898 1.428 162 139 98
-7.136 23.898 1.390 163 134 100
-7.076 23.898 1.408 162 138 100
-7.092 23.898 1.393 162 138 100
-7.120 23.898 1.384 162 136 99
-6.984 23.899 1.452 163 140 99
-7.019 23.899 1.485 154 135 92
-7.025 23.898 1.427 158 133 93
-7.033 23.898 1.427 158 133 93
-7.041 23.900 1.541 115 138 152
-6.985 23.898 1.422 159 136 94
-6.953 23.899 1.512 151 158 150
-7.158 23.898 1.352 164 140 106
-6.959 23.899 1.507 126 128 114
-7.152 23.900 1.516 115 136 139
-6.969 23.899 1.480 157 131 94
-7.123 23.900 1.498 157 134 93
-7.147 23.899 1.420 161 132 100
-7.094 23.898 1.373 159 135 97
-7.169 23.898 1.369 164 144 109
-7.154 23.899 1.430 163 138 107
-7.102 23.898 1.395 159 135 97
-7.073 23.899 1.482 159 131 94
-6.968 23.898 1.427 159 135 91
-6.999 23.899 1.487 158 131 86
-7.032 23.899 1.437 161 136 96
-7.070 23.899 1.460 156 130 93
-7.064 23.900 1.519 112 139 150
-7.150 23.900 1.552 101 113 109
-7.103 23.898 1.367 160 137 96
-7.113 23.898 1.389 163 135 98
-6.989 23.899 1.443 160 136 98
-7.020 23.900 1.549 100 119 113
-7.085 23.898 1.419 155 132 91
-7.135 23.900 1.510 90 94 77
-7.130 23.899 1.419 159 135 97
-6.964 23.899 1.507 137 135 120
-6.995 23.899 1.457 159 136 95
-6.989 23.899 1.476 158 136 97
-7.026 23.900 1.531 115 137 148
-6.953 23.898 1.428 166 162 135
-7.149 23.898 1.352 164 140 106
-6.999 23.900 1.533 113 134 139
-7.046 23.899 1.501 156 131 90
-6.986 23.899 1.450 162 138 100
-7.146 23.899 1.424 160 131 99
-6.991 23.899 1.482 161 134 89
-7.072 23.899 1.440 157 134 93
-7.117 23.900 1.503 155 136 93
-7.024 23.899 1.504 151 136 93
-7.125 23.899 1.476 159 135 97
-7.141 23.900 1.511 101 102 86
-6.954 23.898 1.427 117 108 77
-6.953 23.899 1.515 158 169 163
-7.132 23.899 1.478 157 133 95
-7.134 23.900 1.553 89 101 99
-7.039 23.899 1.478 159 130 96
-7.000 23.898 1.418 159 136 95
-7.053 23.900 1.536 114 137 151
-6.957 23.899 1.447 154 139 106
-7.131 23.899 1.455 157 134 93
-7.036 23.899 1.481 161 133 94
-6.979 23.899 1.479 155 130 90
-7.058 23.899 1.461 159 134 94
-7.098 23.899 1.501 158 129 87
-7.083 23.899 1.482 159 131 92
-7.055 23.899 1.452 161 136 96
-7.145 23.900 1.531 109 128 134
-7.165 23.899 1.452 156 132 96
-7.092 23.900 1.536 112 135 143
-7.072 23.899 1.499 155 130 89
-7.021 23.898 1.390 161 135 98
-7.082 23.900 1.513 99 118 112
-6.997 23.899 1.486 158 131 86
-7.070 23.898 1.415 156 132 94
-7.003 23.898 1.418 158 135 94
-7.119 23.898 1.351 161 137 103
-7.165 23.898 1.380 166 137 105
-7.109 23.899 1.482 159 128 97
-7.052 23.900 1.543 119 141 152
-6.988 23.899 1.455 160 137 96
-7.055 23.898 1.394 160 136 100
-7.030 23.898 1.397 161 135 98
-7.021 23.898 1.401 162 137 97
-7.020 23.899 1.454 158 134 96
-7.162 23.898 1.386 164 134 100
-6.964 23.899 1.513 112 118 118
-7.158 23.899 1.478 158 136 99
-6.966 23.900 1.547 106 125 131
-7.071 23.900 1.551 176 187 181
-7.055 23.899 1.438 162 134 94
-7.049 23.898 1.421 164 136 96
-7.160 23.898 1.337 161 137 103
-7.108 23.898 1.379 160 136 98
-7.099 23.899 1.470 157 132 92
-7.046 23.898 1.426 161 133 93
-7.130 23.898 1.364 163 139 105
-7.031 23.899 1.445 157 133 95
-7.169 23.898 1.351 163 140 108
-7.036 23.898 1.427 159 134 94
-7.133 23.898 1.351 161 137 103
-7.117 23.898 1.357 163 139 105
-6.988 23.900 1.547 112 132 130
-7.070 23.899 1.439 157 134 93
-7.164 23.898 1.377 164 138 105
-7.163 23.899 1.491 165 135 99
-7.091 23.899 1.494 156 135 90
-7.006 23.899 1.479 153 130 88
-7.069 23.899 1.478 158 135 93
-6.964 23.899 1.449 160 137 96
-7.147 23.900 1.532 105 124 130
-7.018 23.900 1.517 119 141 152
-6.979 23.900 1.544 118 139 142
-6.986 23.898 1.396 164 136 97
-7.145 23.899 1.455 162 132 96
-7.006 23.898 1.427 160 137 96
-6.962 23.899 1.470 152 134 94
-6.970 23.900 1.552 165 177 167
