-10.168 22.098 1.540 173 170 137
-10.172 22.098 1.519 165 165 129
-10.168 22.098 1.526 173 170 135
-10.178 22.098 1.520 162 160 137
-10.167 22.098 1.519 175 172 139
-10.174 22.098 1.540 157 155 132
-10.167 22.099 1.181 179 174 154
-10.380 22.106 1.280 113 130 120
-10.311 22.104 1.327 175 143 94
-10.313 22.104 1.320 177 145 98
-10.366 22.105 1.233 29 30 24
-10.220 22.101 1.236 123 120 103
-10.384 22.106 1.165 128 128 120
-10.175 22.099 1.165 159 154 134
-10.239 22.101 1.220 74 76 65
-10.387 22.106 1.294 113 130 120
-10.225 22.101 1.305 126 120 106
-10.206 22.100 1.229 39 34 28
-10.321 22.104 1.176 101 103 90
-10.367 22.106 1.292 109 132 116
-10.313 22.104 1.263 58 61 52
-10.171 22.099 1.237 175 171 144
-10.262 22.102 1.161 83 80 73
-10.310 22.104 1.206 73 69 66
-10.268 22.102 1.292 119 129 121
-10.228 22.101 1.334 168 141 96
-10.367 22.105 1.292 109 132 116
-10.365 22.105 1.170 118 120 106
-10.169 22.099 1.290 176 171 141
-10.282 22.103 1.174 89 86 79
-10.224 22.101 1.305 126 120 106
-10.388 22.106 1.231 58 58 46
-10.308 22.104 1.341 173 143 91
-10.209 22.100 1.328 165 140 99
-10.239 22.101 1.223 103 105 94
-10.257 22.102 1.193 59 58 53
-10.194 22.100 1.254 138 137 132
-10.198 22.100 1.220 85 84 80
-10.186 22.100 1.272 107 112 105
-10.273 22.102 1.212 66 67 59
-10.181 22.099 1.321 145 128 100
-10.351 22.105 1.279 115 133 121
-10.292 22.103 1.285 146 157 151
-10.209 22.100 1.284 109 120 114
-10.346 22.105 1.304 109 116 109
-10.304 22.104 1.354 172 142 88
-10.266 22.102 1.188 99 98 93
-10.328 22.104 1.305 150 142 121
-10.267 22.102 1.310 163 145 109
-10.292 22.103 1.153 91 88 81
-10.260 22.102 1.340 169 141 93
-10.391 22.106 1.390 175 139 87
-10.325 22.104 1.173 124 126 112
-10.215 22.101 1.314 163 140 98
-10.344 22.105 1.315 176 144 95
-10.263 22.102 1.284 144 157 148
-10.388 22.106 1.336 174 143 89
-10.334 22.104 1.161 112 110 97
-10.356 22.105 1.168 110 108 96
-10.192 22.100 1.191 59 56 47
-10.200 22.100 1.188 55 52 45
-10.392 22.106 1.163 136 133 128
-10.246 22.102 1.343 168 140 93
-10.261 22.102 1.214 69 69 61
-10.205 22.100 1.303 113 114 109
-10.263 22.102 1.333 170 142 94
-10.324 22.104 1.230 32 33 27
-10.332 22.104 1.332 173 143 93
-10.322 22.104 1.151 55 51 39
-10.352 22.105 1.337 173 143 91
-10.289 22.103 1.325 172 144 96
-10.294 22.103 1.155 92 89 80
-10.295 22.103 1.172 88 86 74
-10.263 22.102 1.242 84 85 77
-10.226 22.101 1.332 171 140 94
-10.297 22.103 1.316 172 141 94
-10.237 22.101 1.221 80 81 73
-10.345 22.105 1.276 109 127 111
-10.318 22.104 1.257 107 110 99
-10.327 22.104 1.353 172 142 90
-10.319 22.104 1.237 117 121 107
-10.232 22.101 1.229 39 36 27
-10.259 22.102 1.174 87 87 79
-10.305 22.103 1.242 113 117 103
-10.187 22.100 1.279 111 115 114
-10.333 22.104 1.313 169 146 94
-10.177 22.099 1.244 161 157 130
-10.212 22.100 1.282 109 120 116
-10.312 22.104 1.257 106 109 98
-10.355 22.105 1.362 172 143 87
-10.328 22.104 1.357 169 142 89
-10.327 22.104 1.202 86 84 71
-10.306 22.104 1.346 173 143 91
-10.199 22.100 1.318 162 134 94
-10.265 22.102 1.370 172 142 92
-10.315 22.104 1.164 99 96 81
-10.198 22.100 1.288 110 122 112
-10.391 22.106 1.239 128 128 116
-10.345 22.105 1.157 134 134 124
-10.387 22.106 1.177 49 46 39
-10.202 22.100 1.316 163 136 93
-10.360 22.105 1.379 171 142 86
-10.310 22.104 1.338 175 145 93
-10.297 22.103 1.256 99 105 93
-10.275 22.103 1.299 104 119 114
-10.375 22.106 1.360 170 142 92
-10.224 22.101 1.363 172 139 94
-10.332 22.104 1.171 119 121 108
-10.344 22.105 1.255 146 147 141
-10.350 22.105 1.219 84 80 71
-10.173 22.099 1.291 163 157 135
-10.353 22.105 1.250 142 144 131
-10.206 22.100 1.280 109 119 118
-10.189 22.100 1.225 149 149 141
-10.290 22.103 1.206 66 62 59
-10.169 22.099 1.303 177 172 140
-10.279 22.103 1.188 38 35 28
-10.294 22.103 1.252 99 102 91
-10.331 22.104 1.246 114 121 113
-10.223 22.101 1.309 164 146 110
-10.319 22.104 1.280 114 132 118
-10.235 22.101 1.307 142 135 109
-10.394 22.106 1.359 174 143 97
-10.301 22.103 1.294 111 128 112
-10.361 22.105 1.302 110 121 115
-10.191 22.100 1.206 94 88 74
-10.250 22.102 1.214 72 68 59
-10.288 22.103 1.327 171 143 95
-10.358 22.105 1.376 172 143 87
-10.335 22.104 1.172 119 121 110
-10.315 22.104 1.205 81 78 73
-10.356 22.105 1.189 73 70 63
-10.362 22.105 1.238 148 150 139
-10.184 22.099 1.160 62 62 50
-10.352 22.105 1.220 70 67 58
-10.235 22.101 1.167 85 81 69
-10.284 22.103 1.274 109 123 108
-10.324 22.104 1.378 172 143 87
-10.257 22.102 1.370 171 141 91
-10.324 22.104 1.172 115 117 103
-10.211 22.100 1.276 109 120 114
-10.363 22.105 1.289 114 132 116
-10.196 22.100 1.166 99 95 83
-10.334 22.104 1.151 55 53 41
-10.310 22.104 1.249 106 109 98
-10.187 22.100 1.188 47 47 39
-10.228 22.101 1.269 109 120 106
-10.175 22.099 1.245 161 157 130
-10.353 22.105 1.385 172 143 87
-10.219 22.101 1.330 170 141 99
-10.201 22.100 1.149 52 52 40
-10.185 22.100 1.336 163 142 111
-10.192 22.100 1.233 85 82 77
-10.358 22.105 1.226 144 144 134
-10.308 22.104 1.311 166 143 93
-10.377 22.106 1.262 30 32 29
-10.212 22.101 1.325 165 140 99
-10.199 22.100 1.205 86 80 66
-10.350 22.105 1.349 172 142 88
-10.224 22.101 1.210 76 72 61
-10.306 22.104 1.345 173 143 91
-10.289 22.103 1.208 66 62 59
-10.265 22.102 1.276 112 125 118
-10.264 22.102 1.324 173 145 97
-10.388 22.106 1.332 175 144 90
-10.191 22.100 1.258 106 107 101
-10.304 22.103 1.259 92 98 88
-10.291 22.103 1.217 66 62 61
-10.282 22.103 1.237 96 96 84
-10.374 22.106 1.226 160 159 157
-10.382 22.106 1.273 116 126 118
-10.293 22.103 1.330 172 144 94
-10.316 22.104 1.187 147 144 137
-10.185 22.100 1.321 155 134 103
-10.175 22.099 1.160 159 154 134
-10.261 22.102 1.193 54 53 48
-10.173 22.099 1.217 166 161 139
-10.314 22.104 1.181 30 27 20
-10.198 22.100 1.335 163 134 90
-10.356 22.105 1.370 172 143 87
-10.192 22.100 1.275 111 117 113
-10.358 22.105 1.148 49 49 37
-10.301 22.103 1.172 92 90 78
-10.251 22.102 1.303 103 114 106
-10.330 22.104 1.323 178 146 97
-10.194 22.100 1.314 164 138 103
-10.179 22.099 1.202 114 108 92
-10.189 22.100 1.227 90 89 84
-10.362 22.105 1.346 174 144 90
-10.318 22.104 1.319 175 143 96
-10.169 22.099 1.259 175 171 144
-10.391 22.106 1.287 111 130 124
-10.387 22.106 1.316 174 147 94
-10.204 22.100 1.307 169 152 134
-10.193 22.100 1.240 139 134 130
-10.379 22.106 1.270 120 124 125
-10.338 22.105 1.341 173 143 91
-10.351 22.105 1.380 172 143 87
-10.184 22.099 1.153 53 53 43
-10.373 22.106 1.239 125 126 118
-10.247 22.102 1.298 107 122 117
-10.304 22.103 1.260 57 63 53
-10.247 22.102 1.364 169 141 93
-10.379 22.106 1.310 162 148 103
-10.284 22.103 1.365 171 141 89
-10.308 22.104 1.306 161 153 132
-10.273 22.102 1.226 116 115 113
-10.297 22.103 1.213 64 60 59
-10.348 22.105 1.153 120 120 110
-10.284 22.103 1.259 92 93 85
-10.265 22.102 1.241 85 87 76
-10.295 22.103 1.199 65 62 57
-10.181 22.099 1.219 52 52 42
-10.269 22.102 1.252 98 100 89
-10.169 22.099 1.232 177 173 148
-10.356 22.105 1.372 172 143 87
-10.260 22.102 1.341 169 141 93
-10.307 22.104 1.283 133 148 141
-10.278 22.103 1.321 168 141 96
-10.321 22.104 1.341 173 143 93
-10.209 22.100 1.217 78 80 69
-10.224 22.101 1.206 77 70 60
-10.293 22.103 1.254 97 103 91
-10.389 22.106 1.242 116 118 107
-10.175 22.099 1.330 166 160 134
-10.335 22.104 1.266 131 136 132
-10.320 22.104 1.268 131 136 130
-10.192 22.100 1.220 61 63 52
-10.350 22.105 1.182 81 80 76
-10.265 22.102 1.295 112 124 120
-10.379 22.106 1.351 169 141 91
-10.387 22.106 1.224 122 122 114
-10.200 22.100 1.148 52 52 40
-10.205 22.100 1.203 84 76 65
-10.369 22.106 1.358 171 145 88
-10.211 22.100 1.273 110 123 113
-10.167 22.099 1.275 177 173 148
-10.345 22.105 1.216 102 103 87
-10.372 22.106 1.207 93 94 76
-10.215 22.101 1.346 167 140 97
-10.390 22.106 1.237 122 122 110
-10.368 22.105 1.168 136 134 121
-10.369 22.106 1.356 171 145 88
-10.333 22.104 1.307 150 144 122
-10.338 22.104 1.217 99 100 86
-10.382 22.106 1.199 95 87 84
-10.320 22.104 1.253 106 109 98
-10.172 22.099 1.339 176 171 139
-10.281 22.103 1.251 99 101 88
-10.287 22.103 1.160 84 81 72
-10.323 22.104 1.226 119 115 112
-10.290 22.103 1.253 97 100 89
-10.262 22.102 1.232 37 37 29
-10.285 22.103 1.369 171 141 89
-10.204 22.100 1.353 168 140 93
-10.271 22.102 1.366 170 140 88
-10.253 22.102 1.296 109 122 115
-10.277 22.102 1.169 85 81 72
-10.265 22.102 1.365 171 141 91
-10.374 22.106 1.318 172 145 90
-10.182 22.099 1.210 94 91 76
-10.276 22.103 1.324 169 142 97
-10.307 22.104 1.377 171 141 87
-10.234 22.101 1.197 75 72 65
-10.259 22.102 1.238 84 83 78
-10.286 22.103 1.243 99 101 87
-10.377 22.106 1.231 56 55 53
-10.319 22.104 1.319 175 143 96
-10.224 22.101 1.351 170 139 93
-10.290 22.103 1.257 97 100 89
-10.361 22.105 1.302 110 121 115
-10.235 22.101 1.218 63 61 49
-10.230 22.101 1.342 170 143 96
-10.334 22.105 1.345 172 142 90
-10.299 22.103 1.310 157 139 101
-10.199 22.100 1.203 86 78 65
-10.239 22.101 1.197 75 72 65
-10.384 22.106 1.267 125 125 123
-10.358 22.105 1.339 173 143 89
-10.194 22.100 1.316 164 138 103
-10.177 22.099 1.257 161 157 132
-10.317 22.104 1.379 173 143 89
-10.246 22.102 1.308 146 139 111
-10.368 22.105 1.167 136 134 121
-10.329 22.104 1.369 172 143 87
-10.182 22.099 1.281 109 114 110
-10.189 22.100 1.263 54 56 51
-10.176 22.099 1.160 159 154 134
-10.285 22.103 1.185 116 113 106
-10.187 22.100 1.255 28 29 24
-10.328 22.104 1.169 118 115 100
-10.190 22.100 1.155 109 109 101
-10.387 22.106 1.248 123 124 118
-10.306 22.103 1.182 107 104 97
-10.278 22.103 1.246 93 94 80
-10.196 22.100 1.268 116 128 116
-10.340 22.105 1.196 107 105 93
-10.243 22.101 1.282 126 143 137
-10.263 22.102 1.213 69 69 61
-10.252 22.102 1.295 109 122 115
-10.241 22.101 1.249 92 90 75
-10.305 22.103 1.198 73 70 65
-10.290 22.103 1.369 171 141 89
-10.392 22.106 1.375 176 143 92
-10.174 22.099 1.196 161 156 136
-10.325 22.104 1.202 83 81 69
-10.379 22.106 1.367 172 142 90
-10.373 22.106 1.202 93 94 80
-10.223 22.101 1.195 83 80 75
-10.227 22.101 1.300 104 119 116
-10.286 22.103 1.182 113 110 103
-10.198 22.100 1.275 110 119 116
-10.313 22.104 1.311 166 143 93
-10.175 22.099 1.285 162 157 135
-10.260 22.102 1.358 170 139 92
-10.200 22.100 1.341 165 136 92
-10.331 22.104 1.194 106 104 92
-10.233 22.101 1.353 167 141 92
-10.363 22.105 1.221 85 86 80
-10.303 22.103 1.256 102 108 96
-10.364 22.105 1.332 174 144 90
-10.262 22.102 1.199 69 68 63
-10.391 22.106 1.198 100 98 83
-10.236 22.101 1.247 101 99 78
-10.305 22.103 1.155 97 95 83
-10.263 22.102 1.325 173 145 97
-10.344 22.105 1.281 127 142 135
-10.387 22.106 1.342 172 141 86
-10.295 22.103 1.288 149 161 151
-10.308 22.104 1.342 172 142 90
-10.394 22.106 1.311 163 144 102
-10.376 22.106 1.149 48 50 37
-10.323 22.104 1.254 112 119 112
-10.389 22.106 1.246 119 121 110
-10.322 22.104 1.171 112 115 98
-10.204 22.100 1.352 168 140 93
-10.235 22.101 1.294 103 118 113
-10.330 22.104 1.322 176 144 95
-10.287 22.103 1.234 71 71 61
-10.215 22.101 1.308 161 146 123
-10.202 22.100 1.159 118 116 101
-10.343 22.105 1.340 173 143 91
-10.346 22.105 1.299 116 131 126
-10.276 22.103 1.333 170 142 95
-10.204 22.100 1.222 77 76 71
-10.313 22.104 1.354 172 142 88
-10.326 22.104 1.308 156 138 98
-10.291 22.103 1.374 169 139 85
-10.327 22.104 1.242 105 115 106
-10.170 22.099 1.210 174 169 147
-10.200 22.100 1.194 90 83 75
-10.247 22.102 1.234 80 77 72
-10.232 22.101 1.209 70 67 58
-10.248 22.102 1.327 169 142 95
-10.344 22.105 1.313 166 146 96
-10.355 22.105 1.165 116 116 104
-10.394 22.106 1.164 137 134 129
-10.348 22.105 1.283 145 158 151
-10.246 22.101 1.201 69 66 59
-10.365 22.105 1.297 106 129 119
-10.365 22.105 1.190 41 39 27
-10.226 22.101 1.317 171 140 96
-10.278 22.103 1.265 88 89 83
-10.327 22.104 1.241 108 115 107
-10.353 22.105 1.367 172 143 87
-10.352 22.105 1.180 28 27 23
-10.189 22.100 1.201 88 82 66
-10.376 22.106 1.279 111 131 119
-10.329 22.104 1.353 172 142 90
-10.381 22.106 1.154 138 138 128
-10.320 22.104 1.260 67 70 59
-10.322 22.104 1.163 111 108 93
-10.304 22.103 1.151 60 57 48
-10.379 22.106 1.306 131 129 116
-10.212 22.100 1.160 113 108 89
-10.340 22.105 1.370 173 144 88
-10.188 22.100 1.254 31 32 27
-10.312 22.104 1.291 132 144 130
-10.229 22.101 1.366 166 138 91
-10.378 22.106 1.214 87 87 75
-10.282 22.103 1.218 60 56 57
-10.332 22.104 1.306 150 144 122
-10.206 22.100 1.206 83 77 65
-10.234 22.101 1.157 88 86 74
-10.289 22.103 1.348 172 142 90
-10.237 22.101 1.208 67 64 55
-10.226 22.101 1.301 104 107 100
-10.217 22.101 1.295 106 121 114
-10.374 22.106 1.173 139 142 133
-10.184 22.099 1.169 88 86 73
-10.256 22.102 1.344 170 142 95
-10.168 22.099 1.270 176 174 149
-10.237 22.101 1.316 161 137 93
-10.196 22.100 1.226 105 102 97
-10.339 22.105 1.311 168 146 96
-10.220 22.101 1.243 114 108 92
-10.303 22.103 1.200 69 65 62
-10.383 22.106 1.362 173 144 88
-10.370 22.106 1.234 27 27 19
-10.238 22.101 1.210 67 64 55
-10.193 22.100 1.249 140 137 132
-10.302 22.103 1.200 69 65 62
-10.303 22.103 1.267 112 116 115
-10.331 22.104 1.334 173 143 93
-10.257 22.102 1.162 83 79 70
-10.341 22.105 1.162 124 124 112
-10.210 22.100 1.346 169 142 99
-10.250 22.102 1.315 167 140 95
-10.192 22.100 1.228 90 89 84
-10.222 22.101 1.254 111 109 96
-10.247 22.102 1.301 104 115 107
-10.298 22.103 1.322 173 143 93
-10.356 22.105 1.194 108 106 93
-10.303 22.103 1.220 57 54 49
-10.176 22.099 1.340 170 165 135
-10.182 22.099 1.215 75 75 63
-10.383 22.106 1.280 110 130 121
-10.390 22.106 1.317 176 145 101
-10.260 22.102 1.195 74 73 68
-10.221 22.101 1.345 169 140 96
-10.247 22.102 1.316 169 142 97
-10.355 22.105 1.196 108 106 93
-10.329 22.104 1.294 121 137 124
-10.313 22.104 1.330 175 143 94
-10.384 22.106 1.220 62 58 57
-10.321 22.104 1.286 139 150 142
-10.170 22.099 1.197 174 169 149
-10.378 22.106 1.345 172 142 92
-10.295 22.103 1.243 104 106 93
-10.225 22.101 1.271 109 121 107
-10.302 22.103 1.248 108 112 98
-10.374 22.106 1.190 42 39 30
-10.362 22.105 1.341 173 143 89
-10.301 22.103 1.344 172 142 90
-10.353 22.105 1.370 172 143 87
-10.369 22.106 1.265 108 112 111
-10.210 22.100 1.153 107 105 90
-10.265 22.102 1.233 36 36 28
-10.194 22.100 1.240 139 134 130
-10.217 22.101 1.258 120 122 111
-10.227 22.101 1.225 106 107 102
-10.372 22.106 1.336 175 143 92
-10.262 22.102 1.333 171 143 95
-10.359 22.105 1.154 145 145 135
-10.311 22.104 1.351 174 144 90
-10.386 22.106 1.266 104 100 101
-10.377 22.106 1.185 171 167 164
-10.307 22.103 1.181 32 29 20
-10.235 22.101 1.338 165 138 93
-10.239 22.101 1.284 130 146 136
-10.256 22.102 1.327 168 141 94
-10.222 22.101 1.302 107 110 103
-10.244 22.102 1.288 130 142 132
-10.180 22.099 1.183 138 141 132
-10.343 22.105 1.179 25 24 22
-10.316 22.104 1.327 176 144 97
-10.228 22.101 1.217 73 73 61
-10.355 22.105 1.168 105 105 93
-10.299 22.103 1.262 54 62 51
-10.270 22.102 1.301 106 117 111
-10.309 22.104 1.377 173 143 89
-10.228 22.101 1.220 79 80 75
-10.288 22.103 1.366 171 141 89
-10.245 22.101 1.227 120 120 110
-10.388 22.106 1.371 174 144 84
-10.292 22.103 1.200 67 64 59
-10.292 22.103 1.313 163 139 91
-10.218 22.101 1.192 39 38 33
-10.283 22.103 1.340 169 141 93
-10.318 22.104 1.267 133 138 132
-10.214 22.101 1.344 165 138 95
-10.202 22.100 1.323 163 136 93
-10.224 22.101 1.266 106 111 104
-10.289 22.103 1.306 161 152 135
-10.291 22.103 1.264 70 75 68
-10.203 22.100 1.303 113 114 109
-10.342 22.105 1.308 163 147 111
-10.211 22.100 1.149 47 45 30
-10.356 22.105 1.171 131 132 124
-10.349 22.105 1.373 172 143 87
-10.338 22.105 1.282 127 142 135
-10.205 22.100 1.337 168 141 96
-10.238 22.101 1.362 170 142 94
-10.308 22.104 1.306 161 153 132
-10.298 22.103 1.334 175 145 95
-10.187 22.100 1.192 65 65 55
-10.334 22.104 1.331 174 144 94
-10.293 22.103 1.343 170 140 88
-10.296 22.103 1.153 93 90 81
-10.308 22.103 1.166 94 90 78
-10.314 22.104 1.250 106 109 98
-10.287 22.103 1.366 170 140 88
-10.260 22.102 1.278 119 131 127
-10.269 22.102 1.253 98 100 89
-10.228 22.101 1.360 171 143 95
-10.180 22.099 1.173 51 53 42
-10.335 22.104 1.155 121 121 109
-10.259 22.102 1.207 66 66 58
-10.176 22.099 1.292 153 147 125
-10.174 22.099 1.231 172 167 145
-10.303 22.103 1.323 174 144 94
-10.243 22.102 1.358 168 140 92
-10.346 22.105 1.171 127 128 122
-10.358 22.105 1.278 107 127 115
-10.195 22.100 1.313 165 142 111
-10.312 22.104 1.286 150 161 153
-10.202 22.100 1.250 137 133 124
-10.322 22.104 1.375 172 143 87
-10.234 22.101 1.350 168 141 94
-10.321 22.104 1.184 103 103 95
-10.202 22.100 1.315 164 135 101
-10.289 22.103 1.175 89 86 77
-10.303 22.103 1.208 69 65 64
-10.393 22.106 1.239 128 128 116
-10.278 22.103 1.287 124 135 129
-10.322 22.104 1.338 173 143 93
-10.192 22.100 1.275 111 117 113
-10.307 22.104 1.310 161 143 105
-10.308 22.104 1.223 118 118 110
-10.234 22.101 1.191 36 33 26
-10.216 22.101 1.337 167 140 97
-10.193 22.100 1.199 93 85 72
-10.281 22.103 1.195 73 70 65
-10.349 22.105 1.311 166 145 98
-10.312 22.104 1.173 103 100 93
-10.339 22.105 1.268 106 113 105
-10.187 22.100 1.288 107 118 104
-10.252 22.102 1.338 169 141 94
-10.383 22.106 1.299 115 127 127
-10.322 22.103 1.493 161 135 78
-10.228 22.100 1.469 162 132 82
-10.210 22.099 1.523 118 133 128
-10.390 22.106 1.438 170 139 85
-10.329 22.103 1.509 147 132 89
-10.262 22.102 1.401 171 141 89
-10.171 22.098 1.464 172 167 137
-10.272 22.101 1.538 126 137 131
-10.172 22.099 1.402 171 168 135
-10.363 22.104 1.532 161 179 167
-10.393 22.106 1.429 170 138 87
-10.222 22.100 1.432 163 135 87
-10.243 22.101 1.390 167 139 91
-10.277 22.102 1.462 165 133 82
-10.283 22.103 1.418 167 137 87
-10.316 22.103 1.474 163 133 79
-10.330 22.104 1.461 165 136 78
-10.392 22.106 1.457 171 138 87
-10.266 22.101 1.489 160 132 82
-10.186 22.099 1.412 163 139 95
-10.227 22.100 1.538 121 134 124
-10.275 22.102 1.415 171 140 86
-10.202 22.100 1.399 163 135 88
-10.341 22.104 1.480 164 135 79
-10.333 22.104 1.495 164 135 77
-10.224 22.101 1.425 164 136 89
-10.168 22.099 1.404 177 174 141
-10.334 22.104 1.510 143 128 85
-10.243 22.101 1.503 162 130 81
-10.195 22.099 1.438 167 136 92
-10.234 22.101 1.406 165 137 89
-10.251 22.102 1.373 169 141 93
-10.224 22.101 1.398 166 136 86
-10.354 22.105 1.473 166 137 79
-10.366 22.105 1.471 168 139 79
-10.360 22.105 1.420 169 140 84
-10.258 22.102 1.417 168 138 86
-10.329 22.103 1.526 121 133 119
-10.238 22.101 1.409 166 138 88
-10.265 22.101 1.483 158 130 80
-10.270 22.102 1.396 168 138 84
-10.300 22.103 1.451 165 136 80
-10.268 22.102 1.477 159 131 81
-10.316 22.103 1.465 165 134 80
-10.233 22.100 1.522 117 134 128
-10.295 22.103 1.426 168 138 84
-10.382 22.106 1.411 170 142 77
-10.181 22.099 1.425 153 132 89
-10.287 22.102 1.507 153 136 84
-10.176 22.099 1.409 157 154 121
-10.168 22.099 1.397 174 171 138
-10.390 22.105 1.523 116 136 127
-10.246 22.102 1.375 168 140 92
-10.363 22.105 1.525 128 132 115
-10.371 22.106 1.405 169 140 84
-10.333 22.104 1.520 124 138 125
-10.216 22.100 1.464 163 133 83
-10.377 22.106 1.457 169 138 81
-10.332 22.104 1.485 166 137 81
-10.269 22.102 1.448 165 138 85
-10.302 22.103 1.392 168 138 84
-10.199 22.100 1.439 168 136 89
-10.175 22.099 1.410 158 155 122
-10.235 22.101 1.441 164 134 82
-10.319 22.104 1.444 169 140 84
-10.194 22.100 1.370 168 141 94
-10.321 22.103 1.479 165 136 80
-10.264 22.102 1.421 166 136 84
-10.191 22.100 1.379 159 135 91
-10.274 22.102 1.423 169 139 85
-10.332 22.104 1.488 166 137 81
-10.342 22.104 1.457 166 137 81
-10.261 22.101 1.499 162 132 80
-10.328 22.104 1.424 170 138 81
-10.394 22.106 1.463 170 139 85
-10.255 22.102 1.433 166 136 82
-10.189 22.099 1.516 129 133 116
-10.334 22.104 1.423 169 138 81
-10.166 22.098 1.438 177 174 143
-10.186 22.099 1.391 161 136 96
-10.308 22.103 1.482 165 136 80
-10.385 22.105 1.503 166 138 75
-10.315 22.103 1.447 169 140 84
-10.236 22.101 1.455 164 132 83
-10.381 22.106 1.453 167 140 73
-10.252 22.101 1.425 168 138 86
-10.238 22.101 1.473 164 133 86
-10.256 22.101 1.499 160 130 78
-10.233 22.101 1.433 167 137 85
-10.177 22.099 1.405 162 159 126
-10.324 22.103 1.541 123 144 129
-10.311 22.103 1.437 167 138 82
-10.371 22.105 1.517 131 141 130
-10.331 22.103 1.530 119 142 134
-10.264 22.102 1.478 161 133 83
-10.257 22.101 1.491 162 134 84
-10.262 22.102 1.418 168 138 86
-10.183 22.099 1.499 155 130 89
-10.366 22.105 1.515 122 138 127
-10.392 22.106 1.432 171 139 88
-10.319 22.103 1.530 127 139 135
-10.194 22.100 1.399 166 135 91
-10.258 22.101 1.521 120 135 132
-10.253 22.101 1.503 161 129 78
-10.188 22.099 1.518 117 130 120
-10.188 22.099 1.508 159 134 93
-10.355 22.105 1.427 168 142 85
-10.347 22.105 1.404 170 141 85
-10.202 22.099 1.513 120 113 94
-10.311 22.103 1.435 168 139 83
-10.357 22.105 1.439 166 140 81
-10.180 22.099 1.470 156 150 118
-10.327 22.104 1.418 172 140 83
-10.350 22.104 1.508 148 133 92
-10.260 22.102 1.404 171 141 89
-10.211 22.100 1.471 160 132 82
-10.228 22.100 1.516 125 134 115
-10.332 22.103 1.534 123 145 133
-10.382 22.106 1.477 167 138 72
-10.179 22.099 1.410 139 136 103
-10.212 22.100 1.425 161 138 88
-10.274 22.101 1.541 127 140 130
-10.363 22.105 1.493 166 137 79
-10.188 22.099 1.485 160 136 92
-10.248 22.102 1.386 168 140 90
-10.270 22.102 1.416 171 139 88
-10.286 22.103 1.437 165 135 81
-10.198 22.099 1.480 160 133 88
-10.201 22.099 1.506 161 134 91
-10.327 22.104 1.463 165 136 78
-10.198 22.100 1.408 167 136 89
-10.275 22.102 1.505 165 134 80
-10.196 22.099 1.436 165 134 88
-10.242 22.101 1.505 165 133 84
-10.339 22.104 1.480 163 134 78
-10.271 22.102 1.409 170 140 86
-10.311 22.104 1.395 169 139 85
-10.166 22.099 1.382 179 176 143
-10.282 22.102 1.433 168 138 86
-10.176 22.098 1.510 166 165 137
-10.209 22.099 1.498 158 129 85
-10.184 22.099 1.417 158 135 93
-10.363 22.105 1.394 170 141 85
-10.232 22.101 1.453 164 132 83
-10.322 22.104 1.461 167 136 82
-10.195 22.099 1.445 166 135 89
-10.214 22.099 1.520 117 132 127
-10.168 22.099 1.427 178 175 144
-10.221 22.101 1.383 165 137 87
-10.183 22.099 1.415 154 133 90
-10.249 22.102 1.382 167 139 89
-10.288 22.103 1.431 165 135 81
-10.330 22.104 1.435 168 136 79
-10.180 22.099 1.443 156 150 116
-10.239 22.100 1.521 118 134 131
-10.247 22.101 1.445 166 136 84
-10.339 22.104 1.529 123 140 130
-10.217 22.100 1.502 160 129 85
-10.351 22.105 1.458 168 139 79
-10.188 22.099 1.410 163 134 92
-10.303 22.103 1.399 169 139 85
-10.185 22.099 1.432 157 134 90
-10.297 22.102 1.526 120 141 124
-10.187 22.099 1.499 155 130 89
-10.363 22.105 1.403 170 141 85
-10.224 22.101 1.407 169 137 90
-10.169 22.099 1.427 174 171 138
-10.393 22.106 1.458 171 138 87
-10.256 22.101 1.506 162 130 79
-10.214 22.100 1.383 165 138 91
-10.206 22.100 1.475 162 134 86
-10.313 22.103 1.466 163 133 79
-10.284 22.102 1.526 121 140 120
-10.213 22.100 1.419 160 137 87
-10.179 22.099 1.425 146 142 107
-10.349 22.105 1.399 168 139 83
-10.295 22.103 1.427 168 138 84
-10.225 22.100 1.489 161 130 83
-10.394 22.106 1.526 126 142 131
-10.221 22.101 1.384 165 137 87
-10.174 22.099 1.466 164 159 127
-10.178 22.099 1.440 158 152 118
-10.367 22.105 1.435 168 139 79
-10.197 22.099 1.449 165 132 87
-10.237 22.101 1.484 159 131 83
-10.329 22.104 1.461 165 136 78
-10.240 22.101 1.430 166 136 84
-10.371 22.105 1.464 167 138 78
-10.276 22.102 1.448 163 136 83
-10.340 22.105 1.410 167 138 82
-10.337 22.104 1.463 165 136 78
-10.177 22.099 1.378 152 149 118
-10.201 22.099 1.468 161 135 86
-10.228 22.101 1.438 163 132 85
-10.391 22.106 1.416 171 139 88
-10.209 22.099 1.511 125 116 101
-10.232 22.101 1.429 164 136 86
-10.382 22.106 1.462 168 138 74
-10.203 22.100 1.381 171 140 94
-10.393 22.106 1.407 172 141 87
-10.223 22.100 1.484 163 132 85
-10.231 22.100 1.495 158 127 80
-10.323 22.103 1.500 162 136 77
-10.204 22.100 1.427 166 135 88
-10.327 22.104 1.416 172 140 83
-10.335 22.104 1.479 162 133 77
-10.297 22.103 1.415 168 138 86
-10.232 22.100 1.489 157 129 81
-10.193 22.100 1.388 163 134 90
-10.368 22.105 1.467 168 139 79
-10.387 22.105 1.525 145 162 154
-10.243 22.100 1.528 123 135 123
-10.348 22.104 1.504 162 133 73
-10.316 22.104 1.409 170 140 86
-10.224 22.100 1.541 121 137 127
-10.376 22.106 1.439 169 140 84
-10.369 22.105 1.450 168 140 75
-10.227 22.100 1.532 125 133 120
-10.286 22.103 1.419 167 137 87
-10.252 22.102 1.411 167 137 87
-10.226 22.101 1.434 166 135 88
-10.361 22.105 1.391 170 141 85
-10.283 22.102 1.434 166 136 84
-10.249 22.101 1.505 164 132 81
-10.282 22.102 1.540 124 142 126
-10.228 22.100 1.520 122 136 123
-10.209 22.099 1.507 160 131 87
-10.251 22.102 1.372 169 141 93
-10.198 22.099 1.534 121 133 113
-10.205 22.100 1.383 165 137 90
-10.367 22.105 1.429 169 140 80
-10.257 22.101 1.509 157 139 99
-10.242 22.101 1.395 168 140 92
-10.183 22.098 1.517 116 129 120
-10.273 22.102 1.413 169 138 84
-10.389 22.106 1.505 159 131 81
-10.232 22.101 1.384 166 138 91
-10.312 22.104 1.398 169 139 85
-10.310 22.104 1.392 169 139 85
-10.288 22.102 1.527 116 137 118
-10.327 22.104 1.467 166 137 79
-10.386 22.106 1.421 171 142 82
-10.333 22.104 1.450 169 138 83
-10.379 22.106 1.453 167 139 76
-10.256 22.102 1.384 171 141 91
-10.213 22.099 1.526 123 135 125
-10.329 22.104 1.463 165 136 78
-10.191 22.099 1.497 156 131 90
-10.308 22.103 1.417 168 138 84
-10.389 22.106 1.457 169 136 83
-10.214 22.100 1.475 161 133 85
-10.303 22.103 1.393 166 136 82
-10.173 22.099 1.382 172 169 136
-10.220 22.100 1.530 122 132 121
-10.311 22.104 1.412 168 139 83
-10.265 22.102 1.385 174 144 92
-10.299 22.103 1.501 163 132 77
-10.318 22.103 1.461 166 135 81
-10.371 22.105 1.473 166 137 79
-10.185 22.099 1.488 157 133 89
-10.258 22.101 1.533 126 136 127
-10.379 22.106 1.394 170 140 86
-10.275 22.102 1.474 162 134 84
-10.386 22.106 1.405 171 143 78
-10.228 22.101 1.369 168 140 93
-10.254 22.102 1.381 172 144 94
-10.197 22.099 1.494 157 130 87
-10.355 22.105 1.441 164 138 79
-10.352 22.104 1.542 135 148 131
-10.391 22.106 1.427 170 138 87
-10.185 22.099 1.487 158 134 90
-10.309 22.103 1.537 122 138 127
-10.325 22.104 1.393 170 141 85
-10.280 22.102 1.453 166 137 81
-10.256 22.102 1.387 167 137 87
-10.177 22.099 1.392 168 164 135
-10.309 22.103 1.541 122 140 126
-10.365 22.105 1.516 122 138 127
-10.178 22.099 1.472 163 157 125
-10.204 22.099 1.531 119 130 113
-10.217 22.100 1.421 162 136 87
-10.207 22.099 1.531 123 134 118
-10.366 22.105 1.420 168 139 81
-10.297 22.103 1.497 165 134 79
-10.263 22.101 1.543 124 138 121
-10.178 22.099 1.429 150 146 111
-10.201 22.100 1.418 165 134 88
-10.367 22.105 1.501 166 137 77
-10.166 22.099 1.425 178 175 144
-10.379 22.105 1.481 167 135 76
-10.227 22.100 1.542 121 137 126
-10.171 22.099 1.389 175 172 141
-10.179 22.099 1.396 164 160 131
-10.190 22.099 1.543 120 135 128
-10.330 22.104 1.464 166 137 79
-10.206 22.099 1.518 120 131 123
-10.187 22.099 1.447 162 135 90
-10.318 22.103 1.527 123 139 128
-10.332 22.103 1.526 120 132 118
-10.344 22.105 1.387 171 142 86
-10.367 22.105 1.425 168 139 81
-10.190 22.099 1.452 162 133 89
-10.330 22.103 1.523 119 130 114
-10.334 22.104 1.434 168 137 82
-10.277 22.103 1.391 169 139 87
-10.362 22.105 1.471 168 139 81
-10.329 22.104 1.413 173 141 84
-10.331 22.103 1.540 127 140 123
-10.376 22.106 1.411 169 140 82
-10.195 22.100 1.403 166 135 88
-10.340 22.104 1.455 167 138 82
-10.268 22.102 1.414 171 139 88
-10.308 22.103 1.489 163 134 78
-10.346 22.105 1.436 167 141 84
-10.195 22.099 1.496 157 130 87
-10.237 22.101 1.469 164 134 84
-10.239 22.101 1.370 169 141 94
-10.183 22.099 1.428 153 132 87
-10.283 22.102 1.447 167 138 82
-10.172 22.098 1.491 171 166 136
-10.344 22.104 1.521 126 135 118
-10.299 22.103 1.436 164 134 80
-10.316 22.104 1.415 170 141 85
-10.345 22.104 1.511 145 130 89
-10.245 22.101 1.439 165 135 83
-10.237 22.101 1.449 165 135 83
-10.375 22.106 1.411 169 139 85
-10.273 22.101 1.528 126 139 122
-10.326 22.103 1.530 123 136 129
-10.337 22.104 1.519 126 140 127
-10.193 22.100 1.378 165 138 93
-10.246 22.100 1.536 125 134 131
-10.267 22.102 1.424 169 139 85
-10.186 22.098 1.538 118 129 121
-10.355 22.104 1.509 136 121 82
-10.177 22.099 1.380 153 150 119
-10.186 22.099 1.471 157 133 87
-10.315 22.104 1.438 167 138 82
-10.266 22.102 1.459 167 135 84
-10.257 22.102 1.414 169 139 89
-10.186 22.099 1.514 121 119 94
-10.193 22.099 1.523 117 134 126
-10.283 22.102 1.445 165 136 80
-10.187 22.099 1.454 161 134 89
-10.183 22.098 1.519 116 129 120
-10.265 22.102 1.427 170 140 86
-10.363 22.105 1.518 123 135 123
-10.213 22.100 1.497 159 130 86
-10.182 22.099 1.402 150 124 87
-10.241 22.101 1.455 164 134 84
-10.251 22.101 1.442 165 135 83
-10.384 22.106 1.475 168 139 71
-10.299 22.103 1.463 164 137 84
-10.244 22.101 1.482 157 129 81
-10.227 22.100 1.490 160 129 82
-10.322 22.103 1.502 162 136 77
-10.222 22.100 1.478 163 132 85
-10.300 22.103 1.480 161 131 77
-10.189 22.098 1.541 118 131 122
-10.369 22.105 1.527 165 177 163
-10.365 22.105 1.443 168 140 77
-10.386 22.105 1.536 175 183 168
-10.211 22.100 1.434 163 137 88
-10.277 22.102 1.502 164 132 81
-10.374 22.105 1.543 127 140 122
-10.312 22.103 1.461 164 134 80
-10.375 22.105 1.533 155 154 134
-10.336 22.104 1.440 168 137 82
-10.289 22.103 1.401 168 138 86
-10.195 22.100 1.378 167 139 92
-10.304 22.103 1.432 167 137 83
-10.294 22.103 1.456 164 135 79
-10.248 22.102 1.387 168 140 90
-10.245 22.101 1.500 160 130 80
-10.280 22.102 1.433 168 138 86
-10.280 22.102 1.435 165 135 81
-10.358 22.105 1.431 171 142 84
-10.384 22.106 1.482 167 138 70
-10.191 22.099 1.443 162 133 89
-10.331 22.104 1.399 170 141 85
-10.390 22.106 1.412 171 139 88
-10.363 22.105 1.505 165 137 74
-10.327 22.104 1.489 166 137 81
-10.289 22.103 1.380 171 141 89
-10.316 22.103 1.529 117 133 122
-10.352 22.105 1.425 166 140 83
-10.230 22.100 1.534 125 133 118
-10.240 22.100 1.532 125 132 125
-10.274 22.102 1.469 166 136 84
-10.255 22.101 1.528 125 137 123
-10.199 22.099 1.474 161 134 87
-10.316 22.104 1.392 170 140 86
-10.360 22.105 1.430 170 141 83
-10.259 22.101 1.465 165 135 83
