-4.193 22.079 1.262 143 142 121
-4.119 22.079 1.382 152 121 74
-4.091 22.079 1.413 145 117 69
-4.115 22.079 1.358 150 122 74
-4.129 22.078 1.276 89 90 76
-4.102 22.079 1.411 149 121 71
-4.120 22.078 1.280 97 96 68
-4.132 22.079 1.301 107 96 74
-4.185 22.079 1.262 139 141 119
-4.117 22.079 1.360 153 122 75
-4.144 22.078 1.272 87 87 79
-4.121 22.079 1.354 153 122 75
-4.083 22.079 1.457 141 121 88
-4.080 22.078 1.318 146 130 94
-4.109 22.079 1.369 149 118 71
-4.132 22.079 1.385 153 121 74
-4.092 22.078 1.292 82 80 59
-4.078 22.078 1.367 150 135 94
-4.122 22.079 1.397 153 122 76
-4.179 22.079 1.304 155 138 112
-4.144 22.079 1.311 152 124 76
-4.148 22.079 1.276 79 80 74
-4.149 22.079 1.331 148 120 72
-4.084 22.079 1.441 145 123 86
-4.125 22.078 1.284 96 96 70
-4.107 22.079 1.411 149 121 71
-4.085 22.079 1.434 143 121 82
-4.089 22.078 1.276 35 28 20
-4.141 22.079 1.370 152 124 74
-4.142 22.079 1.332 152 121 74
-4.099 22.078 1.280 123 110 78
-4.107 22.079 1.374 152 121 74
-4.096 22.078 1.349 149 119 69
-4.181 22.079 1.270 88 90 79
-4.101 22.078 1.279 123 110 78
-4.133 22.079 1.308 141 120 67
-4.080 22.078 1.341 149 133 97
-4.170 22.079 1.326 152 124 74
-4.111 22.079 1.396 147 116 70
-4.111 22.079 1.379 152 121 74
-4.102 22.078 1.259 97 98 66
-4.157 22.079 1.298 22 14 12
-4.084 22.077 1.260 118 119 87
-4.159 22.079 1.312 156 120 84
-4.104 22.079 1.358 150 122 72
-4.134 22.079 1.359 158 126 77
-4.105 22.078 1.330 146 118 68
-4.084 22.079 1.427 143 121 80
-4.157 22.079 1.278 75 76 71
-4.166 22.079 1.320 155 125 75
-4.098 22.079 1.440 151 121 71
-4.177 22.079 1.260 89 91 67
-4.089 22.078 1.295 26 27 11
-4.092 22.078 1.298 23 20 3
-4.091 22.078 1.379 152 124 77
-4.079 22.079 1.420 153 135 97
-4.107 22.078 1.295 51 44 25
-4.103 22.079 1.399 156 124 73
-4.104 22.079 1.377 155 123 74
-4.146 22.079 1.336 149 121 73
-4.082 22.078 1.389 134 116 78
-4.123 22.079 1.387 154 123 76
-4.126 22.078 1.278 93 94 80
-4.106 22.079 1.388 152 122 72
-4.113 22.078 1.315 147 119 71
-4.087 22.079 1.457 140 118 81
-4.151 22.079 1.299 19 12 6
-4.088 22.078 1.308 141 124 70
-4.153 22.079 1.311 153 122 75
-4.097 22.078 1.365 149 117 68
-4.133 22.079 1.328 153 122 75
-4.128 22.079 1.308 142 120 70
-4.191 22.079 1.255 125 125 97
-4.097 22.079 1.385 149 117 68
-4.119 22.079 1.329 150 119 72
-4.160 22.079 1.308 151 128 76
-4.079 22.079 1.418 153 135 97
-4.125 22.079 1.343 154 123 76
-4.101 22.079 1.385 154 122 73
-4.172 22.079 1.275 73 76 67
-4.168 22.079 1.301 120 107 91
-4.104 22.078 1.299 27 14 5
-4.134 22.079 1.376 153 123 73
-4.174 22.079 1.275 75 76 70
-4.096 22.079 1.387 153 121 72
-4.100 22.078 1.338 156 126 74
-4.115 22.078 1.312 151 125 66
-4.094 22.078 1.340 152 124 76
-4.159 22.079 1.346 151 123 75
-4.117 22.078 1.328 150 119 72
-4.105 22.079 1.365 150 119 72
-4.132 22.079 1.332 152 121 74
-4.113 22.079 1.404 153 122 76
-4.147 22.079 1.283 75 78 69
-4.117 22.079 1.356 153 122 75
-4.089 22.078 1.345 145 122 78
-4.197 22.079 1.281 85 88 79
-4.094 22.079 1.418 148 118 68
-4.086 22.078 1.276 28 28 18
-4.112 22.078 1.254 132 134 97
-4.146 22.079 1.310 152 124 76
-4.120 22.079 1.333 151 120 73
-4.198 22.079 1.270 102 104 91
-4.130 22.079 1.331 151 120 73
-4.089 22.078 1.346 145 122 78
-4.147 22.079 1.292 80 84 70
-4.078 22.079 1.424 152 134 98
-4.097 22.078 1.339 150 120 70
-4.111 22.078 1.268 67 61 49
-4.184 22.079 1.294 61 63 49
-4.153 22.079 1.295 52 51 49
-4.132 22.078 1.283 79 83 68
-4.084 22.079 1.443 145 123 86
-4.106 22.079 1.391 150 120 70
-4.085 22.078 1.284 21 19 20
-4.161 22.079 1.314 156 120 84
-4.155 22.079 1.340 152 124 76
-4.161 22.079 1.273 71 72 66
-4.120 22.078 1.258 109 113 80
-4.119 22.079 1.386 154 123 76
-4.119 22.078 1.279 99 95 66
-4.121 22.078 1.284 98 96 71
-4.139 22.079 1.352 154 124 74
-4.184 22.079 1.291 81 89 66
-4.131 22.079 1.330 151 120 73
-4.174 22.079 1.311 151 124 69
-4.130 22.079 1.362 156 124 75
-4.106 22.078 1.291 117 112 80
-4.081 22.079 1.459 157 144 102
-4.103 22.078 1.263 115 116 98
-4.093 22.078 1.293 82 80 59
-4.158 22.079 1.266 32 32 22
-4.086 22.078 1.264 29 26 21
-4.141 22.079 1.325 153 123 73
-4.086 22.078 1.301 98 93 71
-4.085 22.078 1.286 20 21 15
-4.098 22.078 1.256 127 129 90
-4.200 22.079 1.272 82 84 73
-4.103 22.078 1.257 123 125 86
-4.112 22.079 1.385 155 124 77
-4.147 22.079 1.281 79 81 76
-4.161 22.079 1.307 151 128 76
-4.102 22.079 1.378 154 122 73
-4.141 22.079 1.348 155 124 77
-4.101 22.078 1.266 33 32 27
-4.087 22.079 1.405 147 122 81
-4.095 22.078 1.351 148 120 72
-4.090 22.078 1.300 93 86 57
-4.078 22.078 1.331 144 128 92
-4.083 22.078 1.345 136 118 80
-4.129 22.079 1.323 153 121 72
-4.168 22.079 1.257 124 125 93
-4.090 22.078 1.344 148 121 74
-4.103 22.078 1.297 27 14 5
-4.138 22.079 1.382 155 123 76
-4.243 22.080 1.458 162 131 87
-4.167 22.079 1.514 105 120 91
-4.253 22.080 1.464 152 124 77
-4.233 22.080 1.498 152 127 86
-4.286 22.080 1.476 162 134 87
-4.271 22.080 1.407 161 130 83
-4.220 22.080 1.496 151 122 80
-4.217 22.080 1.373 156 126 76
-4.174 22.079 1.460 154 121 78
-4.264 22.080 1.534 180 174 148
-4.239 22.080 1.509 147 147 119
-4.189 22.079 1.369 152 122 68
-4.220 22.080 1.442 159 126 83
-4.168 22.079 1.498 148 125 81
-4.217 22.080 1.467 154 123 79
-4.139 22.079 1.528 98 116 92
-4.116 22.079 1.527 97 113 87
-4.170 22.079 1.346 154 126 78
-4.272 22.080 1.441 159 127 76
-4.229 22.080 1.319 158 128 78
-4.131 22.079 1.408 149 121 73
-4.230 22.080 1.398 156 128 80
-4.186 22.079 1.418 155 124 77
-4.198 22.079 1.352 149 121 71
-4.125 22.079 1.499 151 124 79
-4.174 22.080 1.517 98 115 99
-4.243 22.080 1.513 150 157 149
-4.119 22.079 1.517 95 112 93
-4.233 22.080 1.342 155 124 77
-4.127 22.079 1.409 152 124 76
-4.270 22.080 1.509 162 164 140
-4.268 22.080 1.455 155 125 75
-4.159 22.079 1.491 151 123 76
-4.297 22.080 1.494 162 130 89
-4.213 22.079 1.303 154 136 112
-4.218 22.080 1.332 155 125 75
-4.294 22.080 1.474 162 128 83
-4.188 22.079 1.403 151 126 72
-4.233 22.080 1.538 100 118 94
-4.253 22.080 1.405 156 128 80
-4.078 22.079 1.508 151 146 116
-4.226 22.080 1.347 159 128 81
-4.283 22.080 1.538 188 185 166
-4.236 22.080 1.339 155 124 77
-4.273 22.080 1.498 155 128 85
-4.204 22.079 1.335 153 123 73
-4.251 22.080 1.413 160 129 82
-4.212 22.079 1.293 93 102 73
-4.261 22.080 1.502 153 127 90
-4.166 22.079 1.453 156 125 79
-4.103 22.079 1.533 101 114 88
-4.239 22.080 1.432 158 127 80
-4.186 22.079 1.308 150 123 70
-4.140 22.079 1.434 146 120 71
-4.143 22.079 1.457 153 125 78
-4.156 22.079 1.532 101 116 93
-4.148 22.079 1.519 94 113 93
-4.178 22.079 1.489 156 123 80
-4.127 22.079 1.410 152 124 76
-4.146 22.079 1.372 155 125 75
-4.256 22.080 1.405 158 130 82
-4.096 22.079 1.528 98 112 86
-4.217 22.080 1.441 155 124 80
-4.292 22.080 1.451 159 126 81
-4.194 22.080 1.448 153 125 77
-4.233 22.080 1.334 155 127 79
-4.131 22.079 1.476 150 119 75
-4.174 22.079 1.454 150 117 74
-4.153 22.079 1.467 153 122 76
-4.121 22.079 1.482 153 122 76
-4.220 22.080 1.312 155 121 83
-4.110 22.079 1.452 147 120 73
-4.297 22.080 1.507 149 155 127
-4.277 22.080 1.438 158 127 80
-4.203 22.080 1.530 104 114 103
-4.164 22.079 1.427 154 122 75
-4.237 22.080 1.453 157 126 82
-4.170 22.079 1.339 152 126 77
-4.270 22.080 1.426 161 129 78
-4.284 22.080 1.442 156 127 83
-4.239 22.080 1.338 158 127 80
-4.264 22.080 1.442 161 130 84
-4.199 22.080 1.509 110 115 92
-4.173 22.079 1.407 151 123 75
-4.193 22.080 1.510 110 115 92
-4.288 22.080 1.527 176 179 160
-4.189 22.080 1.479 153 125 77
-4.206 22.080 1.483 154 122 75
-4.142 22.079 1.431 149 121 73
-4.167 22.079 1.423 153 121 74
-4.121 22.079 1.411 150 122 74
-4.172 22.079 1.400 155 124 77
-4.198 22.079 1.389 151 125 76
-4.187 22.079 1.343 155 125 75
-4.250 22.080 1.524 175 182 151
-4.234 22.080 1.369 154 126 78
-4.246 22.080 1.471 154 126 79
-4.221 22.080 1.472 155 127 80
-4.225 22.080 1.458 155 124 80
-4.237 22.080 1.524 86 102 76
-4.169 22.079 1.396 155 124 77
-4.282 22.080 1.511 127 127 103
-4.095 22.079 1.524 92 111 91
-4.170 22.079 1.515 105 120 91
-4.239 22.080 1.521 91 108 89
-4.256 22.080 1.456 158 127 81
-4.159 22.079 1.363 151 123 73
-4.176 22.079 1.427 152 119 74
-4.120 22.079 1.525 95 113 87
-4.159 22.079 1.480 158 125 80
-4.231 22.080 1.416 156 125 78
-4.176 22.079 1.424 151 118 73
-4.171 22.079 1.528 101 117 91
-4.251 22.080 1.512 143 144 126
-4.202 22.079 1.339 159 129 79
-4.119 22.079 1.482 147 119 72
-4.125 22.079 1.467 148 120 73
-4.200 22.079 1.293 88 97 70
-4.187 22.079 1.344 155 125 75
-4.161 22.079 1.498 146 123 79
-4.159 22.079 1.363 151 123 73
-4.233 22.080 1.498 152 127 86
-4.240 22.080 1.464 157 129 82
-4.126 22.079 1.445 150 122 75
-4.212 22.080 1.505 138 115 71
-4.177 22.079 1.448 151 118 75
-4.153 22.079 1.390 154 122 75
-4.160 22.079 1.480 158 125 80
-4.120 22.079 1.415 152 124 76
-4.096 22.079 1.493 147 116 72
-4.224 22.080 1.476 158 127 80
-4.167 22.079 1.340 154 128 79
-4.096 22.079 1.514 98 111 91
-4.167 22.079 1.423 153 121 74
-4.226 22.080 1.534 106 124 102
-4.186 22.080 1.483 154 122 75
-4.253 22.080 1.381 157 129 81
-4.203 22.080 1.539 102 121 101
-4.190 22.079 1.425 151 123 75
-4.234 22.080 1.473 156 128 80
-4.111 22.079 1.427 148 122 73
-4.150 22.079 1.486 153 122 75
-4.084 22.079 1.497 142 126 93
-4.222 22.080 1.339 157 126 79
-4.196 22.080 1.532 103 115 105
-4.171 22.079 1.435 154 121 76
-4.229 22.080 1.428 158 128 78
-4.207 22.080 1.487 155 123 76
-4.204 22.079 1.373 157 126 80
-4.218 22.080 1.314 159 125 87
-4.109 22.079 1.504 136 110 73
-4.095 22.079 1.487 149 118 72
-4.222 22.080 1.540 103 125 102
-4.160 22.079 1.528 101 117 91
-4.126 22.079 1.517 96 115 95
-4.100 22.079 1.500 147 115 76
-4.103 22.079 1.474 153 120 77
-4.103 22.079 1.467 152 121 75
-4.260 22.080 1.531 159 151 128
-4.233 22.080 1.438 155 124 77
-4.226 22.080 1.525 104 122 96
-4.138 22.079 1.408 153 125 77
-4.169 22.079 1.439 154 123 77
-4.230 22.080 1.351 160 129 82
-4.230 22.080 1.466 155 124 77
-4.126 22.079 1.439 149 122 75
-4.188 22.080 1.494 153 122 76
-4.232 22.080 1.365 153 125 77
-4.227 22.080 1.435 156 126 76
-4.202 22.080 1.456 151 123 75
-4.116 22.079 1.522 96 115 93
-4.135 22.079 1.506 133 114 71
-4.183 22.080 1.475 152 124 77
-4.230 22.080 1.504 135 113 72
-4.085 22.079 1.502 139 120 90
-4.138 22.079 1.405 151 123 75
-4.143 22.079 1.403 151 123 75
-4.166 22.079 1.412 154 120 74
-4.140 22.079 1.487 150 122 75
-4.176 22.079 1.336 151 121 71
-4.144 22.079 1.469 150 119 73
-4.225 22.080 1.439 155 125 75
-4.223 22.080 1.484 159 126 81
-4.225 22.080 1.355 156 128 81
-4.241 22.080 1.449 159 128 84
-4.215 22.080 1.453 154 123 79
-4.208 22.080 1.415 157 126 79
-4.300 22.080 1.516 115 121 109
-4.183 22.079 1.466 153 122 76
-4.223 22.080 1.482 158 125 80
-4.263 22.080 1.425 159 128 81
-4.213 22.080 1.492 154 123 79
-4.180 22.080 1.520 100 119 99
-4.212 22.079 1.281 90 93 82
-4.153 22.079 1.404 150 122 74
-4.131 22.079 1.392 153 121 74
-4.116 22.079 1.503 145 120 80
-4.087 22.079 1.490 147 125 86
-4.289 22.080 1.503 140 115 74
-4.184 22.079 1.426 156 125 78
-4.100 22.079 1.474 153 118 76
-4.163 22.079 1.469 153 122 76
-4.166 22.079 1.481 156 123 78
-4.204 22.079 1.307 148 126 77
-4.237 22.080 1.519 91 108 89
-4.262 22.080 1.455 155 124 77
-4.269 22.080 1.412 159 129 77
-4.201 22.079 1.379 151 123 75
-4.173 22.080 1.526 100 118 94
-4.168 22.079 1.453 157 126 80
-4.134 22.079 1.512 105 111 83
-4.220 22.080 1.507 137 139 102
-4.239 22.080 1.388 157 129 81
-4.225 22.080 1.425 157 127 77
-4.208 22.080 1.489 155 122 77
-4.238 22.080 1.350 160 128 79
-4.128 22.079 1.536 98 117 95
-4.258 22.080 1.442 160 129 83
-4.149 22.079 1.403 146 118 70
-4.178 22.080 1.526 103 118 99
-4.094 22.079 1.504 136 107 73
-4.096 22.079 1.453 152 121 74
-4.196 22.079 1.339 155 125 75
-4.226 22.080 1.447 155 124 78
-4.282 22.080 1.519 156 154 142
-4.191 22.080 1.467 154 123 77
-4.233 22.080 1.533 111 122 106
-4.174 22.080 1.524 99 118 96
-4.110 22.079 1.432 148 122 73
-4.195 22.079 1.415 155 127 77
-4.151 22.079 1.528 101 117 91
-4.201 22.080 1.484 156 124 77
-4.201 22.080 1.482 154 123 76
-4.230 22.080 1.484 159 126 81
-4.213 22.080 1.523 101 117 90
-4.269 22.080 1.489 158 123 85
-4.215 22.080 1.473 154 126 79
-4.251 22.080 1.412 160 129 82
-4.222 22.080 1.476 158 127 80
-4.141 22.079 1.378 153 123 73
-4.230 22.080 1.501 145 123 82
-4.245 22.080 1.487 156 121 79
-4.274 22.080 1.444 161 129 80
-4.079 22.079 1.473 158 142 108
-4.118 22.079 1.513 100 109 88
-4.137 22.079 1.448 151 123 76
-4.219 22.080 1.484 157 124 79
-4.283 22.080 1.439 156 127 83
-4.257 22.080 1.489 158 123 83
-4.297 22.080 1.539 112 119 103
-4.188 22.079 1.433 155 124 77
-4.297 22.080 1.493 162 130 89
-4.264 22.080 1.537 180 181 150
-4.123 22.079 1.478 154 123 77
-4.256 22.080 1.429 158 127 81
-4.266 22.080 1.451 159 128 81
-4.098 22.079 1.456 153 122 75
-4.221 22.080 1.492 156 125 81
-4.230 22.080 1.420 156 125 78
-4.108 22.079 1.523 96 115 93
-4.195 22.079 1.360 157 129 79
-4.221 22.080 1.447 158 125 82
-4.176 22.079 1.496 150 121 79
-4.108 22.079 1.496 147 120 77
-4.140 22.079 1.471 152 121 75
-4.179 22.079 1.392 154 123 76
-4.217 22.080 1.406 154 123 76
-4.237 22.080 1.495 156 127 87
-4.165 22.079 1.441 155 124 78
-4.208 22.079 1.277 89 93 79
-4.156 22.079 1.375 153 123 73
-4.160 22.079 1.423 155 123 76
-4.092 22.079 1.508 111 109 86
-4.169 22.079 1.408 149 121 73
-4.227 22.080 1.360 154 126 79
-4.210 22.080 1.465 156 125 79
-4.223 22.080 1.535 109 129 104
-4.078 22.079 1.525 143 146 127
-4.146 22.079 1.453 151 123 76
-4.263 22.080 1.470 156 129 84
-4.205 22.079 1.365 159 128 82
-4.128 22.079 1.488 151 122 78
-4.179 22.079 1.420 155 124 78
-4.229 22.080 1.517 105 124 105
-4.178 22.079 1.482 154 123 77
-4.171 22.079 1.487 156 125 81
-4.177 22.079 1.435 152 121 75
-4.150 22.079 1.403 151 123 75
-4.204 22.080 1.408 150 126 80
-4.250 22.080 1.411 160 129 82
-4.207 22.080 1.428 158 127 80
-4.180 22.079 1.358 152 126 75
-4.161 22.079 1.501 145 122 78
-4.114 22.079 1.453 150 123 76
-4.100 22.079 1.537 93 108 87
-4.248 22.080 1.509 149 148 120
-4.271 22.080 1.463 156 125 81
-4.193 22.080 1.518 100 116 103
-4.290 22.080 1.463 159 130 86
-4.161 22.079 1.523 97 116 94
-4.192 22.080 1.529 102 114 102
-4.214 22.080 1.399 156 125 78
-4.169 22.079 1.414 155 121 75
-4.166 22.079 1.452 155 124 78
-4.080 22.079 1.517 140 144 130
-4.134 22.079 1.487 150 121 77
-4.190 22.079 1.376 155 125 71
-4.218 22.079 1.307 148 126 79
-4.082 22.079 1.468 140 122 86
-4.171 22.079 1.482 155 122 79
-4.288 22.080 1.459 155 128 83
-4.203 22.080 1.463 152 119 74
-4.175 22.079 1.499 146 122 78
-4.263 22.080 1.462 160 131 87
-4.274 22.080 1.520 160 160 152
-4.155 22.079 1.376 155 125 75
-4.249 22.080 1.355 162 130 81
-4.192 22.079 1.429 153 125 77
-4.108 22.079 1.446 150 123 76
-4.200 22.080 1.396 150 127 77
-4.099 22.079 1.478 153 118 76
-4.162 22.079 1.518 98 116 92
-4.147 22.079 1.468 148 117 70
-4.182 22.079 1.377 152 122 72
-4.265 22.080 1.421 156 126 76
-4.285 22.080 1.477 162 134 87
-4.174 22.079 1.454 150 117 74
-4.267 22.080 1.464 154 127 82
-4.196 22.079 1.400 148 125 73
-4.257 22.080 1.400 156 128 80
-4.110 22.079 1.433 148 122 73
-4.092 22.079 1.497 147 119 80
-4.225 22.080 1.333 157 127 77
-4.083 22.079 1.477 138 118 83
-4.218 22.080 1.456 156 125 81
-4.294 22.080 1.495 155 123 82
-4.128 22.079 1.424 144 121 71
-4.239 22.080 1.442 157 126 80
-4.100 22.079 1.500 147 115 76
-4.213 22.079 1.280 91 94 83
-4.079 22.079 1.479 162 143 110
-4.167 22.079 1.494 150 123 78
-4.140 22.079 1.520 96 115 95
-4.251 22.080 1.473 156 128 81
-4.100 22.079 1.476 153 118 76
-4.213 22.080 1.507 138 140 103
-4.079 22.079 1.512 149 140 123
-4.135 22.079 1.394 153 122 75
-4.293 22.080 1.517 168 172 158
-4.172 22.079 1.428 152 120 73
-4.126 22.079 1.444 150 122 75
-4.224 22.080 1.397 154 126 78
-4.197 22.080 1.467 154 123 76
-4.248 22.080 1.470 156 128 81
-4.285 22.080 1.474 159 132 85
-4.212 22.080 1.373 159 128 81
-4.204 22.080 1.392 153 126 81
-4.268 22.080 1.520 165 168 147
-4.161 22.079 1.509 134 138 103
-4.282 22.080 1.486 156 129 82
-4.170 22.079 1.357 157 127 77
-4.141 22.079 1.403 149 121 73
-4.107 22.079 1.441 151 123 75
-4.139 22.079 1.508 124 127 96
-4.242 22.080 1.526 161 169 146
-4.253 22.080 1.502 152 127 87
-4.104 22.079 1.524 94 113 91
-4.251 22.080 1.363 157 129 81
-4.187 22.079 1.367 153 123 69
-4.183 22.079 1.325 154 124 74
-4.172 22.079 1.488 156 125 81
-4.232 22.080 1.354 159 128 81
-4.138 22.079 1.508 124 127 96
-4.188 22.079 1.377 153 123 69
-4.181 22.079 1.477 152 124 77
-4.160 22.079 1.385 156 124 77
-4.094 22.079 1.466 149 118 72
-4.200 22.079 1.303 156 138 114
-4.151 22.079 1.473 155 124 77
-4.101 22.079 1.497 148 117 73
-4.252 22.080 1.462 152 124 77
-4.176 22.079 1.490 158 125 82
-4.187 22.080 1.521 99 117 93
-4.247 22.080 1.534 179 179 153
-4.166 22.079 1.469 155 122 79
-4.211 22.079 1.272 106 108 95
-4.165 22.079 1.456 154 123 77
-4.267 22.080 1.527 137 126 104
-4.212 22.080 1.415 155 124 77
-4.191 22.080 1.490 156 123 78
-4.230 22.080 1.534 110 125 104
-4.103 22.079 1.505 143 113 77
-4.158 22.079 1.351 155 125 75
-4.199 22.079 1.254 135 134 104
-4.209 22.079 1.262 149 144 122
-4.208 22.079 1.258 94 90 65
-4.205 22.079 1.259 91 89 64
-4.258 22.080 1.352 156 125 78
-4.233 22.079 1.288 102 112 78
-4.295 22.079 1.352 160 130 80
-4.248 22.079 1.279 113 118 98
-4.276 22.079 1.326 159 128 81
-4.258 22.080 1.362 158 127 80
-4.299 22.080 1.451 160 126 81
-4.277 22.079 1.262 174 174 150
-4.258 22.079 1.264 53 52 31
-4.279 22.079 1.290 158 161 144
-4.273 22.079 1.265 46 45 24
-4.254 22.080 1.360 160 128 79
-4.262 22.079 1.297 21 12 17
-4.250 22.079 1.304 164 146 122
-4.292 22.080 1.430 161 130 84
-4.219 22.079 1.264 54 49 27
-4.239 22.080 1.321 156 129 82
-4.281 22.079 1.271 177 178 162
-4.296 22.079 1.343 163 131 82
-4.274 22.080 1.382 163 131 82
-4.280 22.079 1.328 158 130 83
-4.299 22.080 1.417 162 129 84
-4.236 22.079 1.284 107 111 94
-4.268 22.080 1.382 154 126 78
-4.298 22.080 1.380 161 131 81
-4.277 22.080 1.394 159 131 83
-4.284 22.079 1.314 158 130 83
-4.290 22.079 1.320 158 127 80
-4.285 22.079 1.269 68 67 63
-4.295 22.079 1.275 165 166 150
-4.287 22.079 1.341 158 130 83
-4.281 22.079 1.329 157 129 82
-4.295 22.079 1.303 178 157 126
-4.262 22.080 1.365 156 128 80
-4.262 22.079 1.265 52 51 30
-4.298 22.079 1.268 55 54 52
-4.295 22.079 1.345 164 132 83
-4.285 22.079 1.301 94 77 67
-4.281 22.080 1.389 155 129 80
-4.244 22.079 1.254 137 136 106
-4.263 22.079 1.297 21 12 17
-4.231 22.079 1.264 54 54 30
-4.272 22.079 1.341 158 126 75
-4.229 22.079 1.280 104 108 93
-4.296 22.080 1.371 162 130 81
-4.275 22.079 1.342 160 128 79
-4.281 22.079 1.345 158 130 83
-4.290 22.079 1.326 159 128 81
-4.230 22.080 1.306 151 128 87
-4.300 22.079 1.328 160 132 85
-4.299 22.080 1.380 161 131 81
-4.218 22.079 1.279 93 97 83
-4.253 22.079 1.267 47 51 28
-4.240 22.079 1.274 116 122 88
-4.252 22.079 1.299 25 19 19
-4.295 22.079 1.296 109 108 103
-4.292 22.080 1.393 161 131 79
-4.249 22.079 1.260 153 153 129
-4.241 22.079 1.284 111 118 100
-4.264 22.079 1.315 158 128 78
-4.282 22.080 1.392 157 130 83
-4.246 22.079 1.295 89 91 78
-4.231 22.080 1.309 157 129 82
-4.274 22.079 1.283 160 161 155
-4.261 22.080 1.378 156 128 80
-4.271 22.079 1.293 117 111 123
-4.279 22.079 1.308 155 129 92
-4.242 22.080 1.320 156 129 82
-4.284 22.080 1.417 151 124 79
-4.274 22.079 1.257 109 109 83
-4.241 22.079 1.259 100 100 74
-4.280 22.079 1.299 23 14 15
-4.251 22.079 1.270 137 142 112
-4.274 22.079 1.337 158 126 77
-4.278 22.079 1.314 157 126 80
-4.281 22.080 1.405 154 127 82
-4.230 22.079 1.275 106 110 87
-4.248 22.079 1.280 113 118 98
-4.297 22.079 1.330 161 129 80
-4.245 22.079 1.306 150 127 85
-4.239 22.080 1.321 156 129 82
-4.285 22.079 1.271 159 160 146
-4.298 22.080 1.391 164 134 82
-4.227 22.080 1.299 23 18 15
-4.275 22.079 1.332 159 128 81
-4.295 22.080 1.425 163 131 84
-4.275 22.080 1.376 161 129 80
-4.228 22.079 1.296 23 18 15
-4.266 22.079 1.264 52 51 30
-4.247 22.080 1.346 159 127 78
-4.297 22.079 1.273 78 79 65
-4.289 22.079 1.309 165 126 93
-4.231 22.079 1.298 23 18 14
-4.267 22.079 1.314 159 125 77
-4.287 22.079 1.289 159 168 139
-4.275 22.080 1.357 157 127 77
-4.224 22.079 1.283 96 100 86
-4.279 22.079 1.307 155 129 92
-4.239 22.079 1.295 85 87 73
-4.286 22.080 1.422 160 133 88
-4.242 22.079 1.298 22 17 13
-4.244 22.079 1.303 162 144 120
-4.278 22.079 1.266 83 85 72
-4.260 22.080 1.366 156 128 80
-4.217 22.079 1.275 94 98 84
-4.292 22.079 1.295 118 118 108
-4.275 22.079 1.336 158 126 77
-4.293 22.080 1.411 163 132 86
-4.218 22.079 1.279 93 97 83
-4.245 22.079 1.256 132 132 104
-4.272 22.079 1.292 166 165 170
-4.247 22.079 1.312 157 125 76
-4.257 22.080 1.349 158 127 80
-4.256 22.079 1.281 124 127 116
-4.278 22.080 1.379 161 130 83
-4.244 22.080 1.326 155 128 81
