4.769 22.054 1.191 72 73 65
4.787 22.055 1.255 97 104 88
4.785 22.054 1.184 42 43 37
4.780 22.054 1.232 88 91 80
4.788 22.054 1.171 36 35 30
4.774 22.054 1.168 39 30 23
4.773 22.054 1.162 45 35 34
4.769 22.054 1.188 83 83 73
4.766 22.054 1.159 75 66 57
4.795 22.055 1.202 141 143 121
4.784 22.054 1.173 38 37 35
4.780 22.055 1.254 95 99 84
4.770 22.054 1.180 104 100 88
4.781 22.054 1.226 97 105 92
4.793 22.055 1.228 97 100 81
4.794 22.055 1.242 103 104 86
4.793 22.055 1.234 121 122 104
4.786 22.054 1.159 39 36 31
4.785 22.054 1.177 37 38 32
4.781 22.054 1.208 94 105 91
4.779 22.054 1.188 30 33 26
4.792 22.055 1.313 146 127 87
4.791 22.054 1.187 67 70 53
4.785 22.054 1.228 99 107 94
4.786 22.054 1.171 36 35 30
4.788 22.054 1.197 83 87 72
4.795 22.054 1.159 154 157 136
4.789 22.054 1.193 126 130 115
4.787 22.055 1.254 99 103 86
4.792 22.055 1.207 94 97 78
4.788 22.054 1.201 96 103 87
4.789 22.055 1.210 99 106 90
4.786 22.055 1.247 98 102 88
4.770 22.054 1.181 101 99 87
4.773 22.054 1.216 94 101 93
4.793 22.055 1.306 154 139 106
4.795 22.055 1.190 150 152 131
4.787 22.054 1.166 33 32 27
4.794 22.055 1.188 67 70 53
4.632 22.054 1.414 148 115 64
4.740 22.055 1.389 147 121 64
4.657 22.052 1.466 140 113 58
4.593 22.060 1.293 151 121 69
4.602 22.053 1.443 146 116 64
4.657 22.056 1.367 144 117 64
4.755 22.055 1.386 150 121 63
4.738 22.056 1.372 153 124 68
4.687 22.055 1.391 146 122 62
4.587 22.051 1.509 78 90 78
4.770 22.055 1.399 153 121 62
4.616 22.057 1.351 146 119 66
4.786 22.055 1.388 153 124 68
4.572 22.061 1.270 96 102 90
4.779 22.055 1.384 155 124 67
4.657 22.057 1.354 148 122 65
4.626 22.058 1.340 148 118 64
4.715 22.055 1.382 150 119 64
4.643 22.058 1.330 149 119 65
4.642 22.052 1.464 142 112 60
4.576 22.059 1.312 151 121 67
4.622 22.053 1.454 144 114 62
4.556 22.058 1.340 149 154 134
4.672 22.056 1.383 141 114 59
4.566 22.061 1.261 97 103 93
4.552 22.054 1.430 80 92 70
4.737 22.055 1.388 147 121 64
4.556 22.055 1.413 143 147 132
4.699 22.055 1.403 147 116 62
4.625 22.058 1.319 152 123 67
4.752 22.056 1.357 152 121 64
4.548 22.061 1.261 89 102 84
4.654 22.057 1.359 150 123 68
4.661 22.057 1.354 149 123 64
4.592 22.060 1.286 150 121 65
4.574 22.051 1.497 134 141 123
4.670 22.059 1.298 147 121 62
4.628 22.056 1.378 150 120 66
4.572 22.053 1.448 128 111 68
4.572 22.058 1.327 152 128 68
4.726 22.055 1.397 151 122 64
4.609 22.051 1.511 95 106 90
4.761 22.056 1.372 151 120 63
4.717 22.057 1.339 151 122 66
4.633 22.058 1.330 151 121 67
4.582 22.057 1.356 147 119 72
4.740 22.055 1.385 149 123 66
4.589 22.060 1.278 148 133 92
4.596 22.054 1.431 147 117 65
4.590 22.051 1.494 147 160 150
4.556 22.053 1.465 114 122 101
4.623 22.057 1.352 149 122 69
4.735 22.055 1.394 144 118 61
4.752 22.054 1.404 153 124 68
4.669 22.055 1.394 145 118 63
4.646 22.057 1.353 146 119 64
4.627 22.051 1.498 96 107 91
4.590 22.058 1.341 146 119 64
4.592 22.054 1.423 143 115 65
4.557 22.055 1.403 136 134 122
4.644 22.059 1.310 151 121 67
4.594 22.051 1.507 142 153 137
4.723 22.055 1.381 150 121 65
4.617 22.055 1.400 147 115 66
4.722 22.055 1.404 150 121 65
4.584 22.053 1.451 146 116 64
4.629 22.057 1.362 147 120 67
4.678 22.054 1.412 148 118 64
4.577 22.054 1.419 146 116 66
4.553 22.053 1.460 84 91 75
4.636 22.054 1.432 142 112 58
4.602 22.059 1.302 147 125 65
4.696 22.055 1.391 148 122 63
4.730 22.056 1.370 146 120 61
4.560 22.061 1.264 85 84 79
4.564 22.059 1.302 122 113 82
4.648 22.059 1.300 149 118 61
4.686 22.058 1.321 151 121 69
4.702 22.054 1.422 149 119 65
4.606 22.059 1.304 151 125 68
4.610 22.055 1.413 147 117 67
4.591 22.052 1.476 137 119 81
4.706 22.056 1.376 153 122 67
4.780 22.056 1.366 155 124 67
4.671 22.057 1.346 149 120 62
4.562 22.059 1.310 126 115 85
4.731 22.054 1.420 145 119 60
4.674 22.057 1.346 148 119 61
4.554 22.061 1.261 150 153 136
4.666 22.052 1.471 136 108 58
4.573 22.056 1.375 144 117 62
4.583 22.052 1.472 145 122 80
4.755 22.056 1.362 151 120 63
4.575 22.051 1.512 92 103 89
4.568 22.051 1.501 105 110 90
4.677 22.055 1.391 144 117 62
4.585 22.053 1.452 146 116 64
4.604 22.057 1.343 139 112 57
4.580 22.054 1.440 140 112 65
4.675 22.057 1.339 148 119 61
4.590 22.060 1.288 154 121 67
4.654 22.056 1.367 149 122 67
4.723 22.054 1.424 145 119 62
4.666 22.052 1.467 146 116 64
4.634 22.057 1.357 146 119 66
4.581 22.053 1.452 143 113 63
4.594 22.058 1.321 150 120 66
4.664 22.052 1.463 142 112 58
4.723 22.057 1.354 150 123 70
4.690 22.058 1.318 150 120 68
4.561 22.061 1.267 112 113 107
4.624 22.052 1.467 141 111 61
4.615 22.058 1.339 149 119 65
4.577 22.052 1.476 152 139 104
4.701 22.054 1.425 146 116 62
4.639 22.055 1.398 148 122 65
4.624 22.053 1.447 145 115 63
4.561 22.053 1.451 86 81 52
4.566 22.055 1.405 126 108 68
4.549 22.061 1.259 89 102 84
4.654 22.056 1.378 148 121 68
4.586 22.053 1.446 144 117 64
4.623 22.053 1.461 143 111 60
4.581 22.055 1.405 145 112 67
4.558 22.059 1.312 126 127 111
4.736 22.054 1.409 150 120 68
4.572 22.057 1.357 146 119 64
4.557 22.052 1.490 145 145 117
4.563 22.051 1.510 84 91 73
4.602 22.053 1.459 138 111 58
4.611 22.059 1.313 156 127 71
4.710 22.057 1.349 154 123 69
4.756 22.055 1.399 150 119 62
4.598 22.054 1.432 147 117 65
4.555 22.061 1.269 117 117 107
4.664 22.058 1.322 151 122 66
4.548 22.060 1.296 85 100 81
4.655 22.052 1.464 134 107 52
4.637 22.051 1.487 97 100 83
4.621 22.053 1.454 144 114 62
4.658 22.053 1.458 147 117 63
4.606 22.053 1.449 143 116 63
4.564 22.059 1.317 121 110 80
4.558 22.059 1.313 126 127 111
4.730 22.055 1.402 150 121 63
4.662 22.059 1.296 145 119 60
4.708 22.057 1.341 151 120 63
4.700 22.058 1.325 152 123 67
4.576 22.054 1.439 142 114 64
4.616 22.051 1.491 82 93 79
4.687 22.058 1.327 153 123 69
4.696 22.054 1.427 146 116 62
4.622 22.058 1.335 151 121 67
4.628 22.057 1.358 146 119 66
4.590 22.056 1.380 149 119 69
4.579 22.052 1.485 113 115 91
4.706 22.054 1.418 148 121 66
4.603 22.054 1.427 148 118 66
4.631 22.051 1.492 125 137 127
4.560 22.060 1.287 96 90 66
4.691 22.053 1.438 145 114 59
4.572 22.055 1.415 141 116 62
4.710 22.054 1.414 150 120 66
4.617 22.054 1.424 141 111 59
4.700 22.055 1.401 147 116 62
4.661 22.052 1.462 144 114 60
4.585 22.053 1.463 145 112 61
4.697 22.058 1.325 152 122 68
4.593 22.056 1.377 144 116 66
4.642 22.055 1.395 145 119 62
4.567 22.060 1.294 140 122 74
4.734 22.055 1.390 147 121 64
4.599 22.053 1.449 140 113 60
4.709 22.058 1.328 149 123 64
4.567 22.054 1.442 137 122 81
4.744 22.054 1.411 148 117 63
4.733 22.055 1.398 149 120 62
4.675 22.056 1.383 144 117 62
4.698 22.055 1.403 147 116 62
4.576 22.057 1.350 150 120 66
4.616 22.057 1.363 148 121 68
4.583 22.058 1.328 151 121 71
4.632 22.057 1.358 146 119 66
4.567 22.061 1.257 87 98 82
4.705 22.055 1.387 153 122 67
4.633 22.057 1.353 146 119 66
4.655 22.058 1.318 151 122 64
4.577 22.052 1.475 152 139 104
4.703 22.055 1.403 150 119 65
4.589 22.050 1.515 83 94 78
4.756 22.056 1.377 152 123 65
4.576 22.051 1.503 80 91 75
4.736 22.055 1.400 148 121 68
4.557 22.053 1.455 129 129 105
4.750 22.055 1.399 147 117 63
4.727 22.054 1.426 146 120 61
4.668 22.058 1.336 149 120 64
4.661 22.053 1.442 143 116 63
4.768 22.055 1.389 155 126 68
4.681 22.059 1.305 150 119 72
4.644 22.057 1.352 147 120 65
4.555 22.056 1.389 151 155 138
4.601 22.056 1.377 143 116 63
4.648 22.054 1.435 146 116 64
4.587 22.061 1.252 86 94 79
4.619 22.056 1.376 148 121 68
4.636 22.060 1.284 150 120 66
4.652 22.058 1.317 152 123 67
4.738 22.055 1.393 145 119 62
4.553 22.056 1.385 149 153 136
4.635 22.055 1.408 147 114 63
4.552 22.053 1.465 86 95 76
4.632 22.060 1.288 153 120 69
4.655 22.052 1.471 133 110 58
4.572 22.058 1.328 152 128 68
4.602 22.053 1.441 141 111 59
4.573 22.061 1.270 96 102 90
4.556 22.058 1.333 125 126 110
4.636 22.060 1.289 153 120 69
4.711 22.056 1.362 152 121 67
4.639 22.052 1.474 129 109 59
4.659 22.059 1.299 150 120 58
4.610 22.055 1.401 149 119 69
4.596 22.051 1.502 137 145 130
4.670 22.057 1.349 145 119 58
4.584 22.051 1.505 85 97 83
4.620 22.054 1.428 147 117 65
4.565 22.053 1.464 135 131 102
4.591 22.060 1.286 150 121 65
4.653 22.057 1.359 150 123 68
4.648 22.052 1.481 88 80 43
4.681 22.057 1.355 147 121 60
4.597 22.051 1.511 80 91 75
4.615 22.058 1.321 152 122 68
4.634 22.055 1.404 148 115 64
4.556 22.055 1.415 142 146 131
4.548 22.056 1.375 86 99 79
4.678 22.056 1.370 149 122 67
4.622 22.055 1.413 147 115 64
4.589 22.059 1.306 150 124 67
4.694 22.053 1.442 144 111 58
4.595 22.051 1.490 107 119 105
4.668 22.054 1.425 149 118 64
4.631 22.057 1.340 149 119 65
4.603 22.055 1.405 145 115 65
4.634 22.059 1.291 152 118 72
4.586 22.061 1.256 91 97 71
4.620 22.053 1.461 143 111 60
4.668 22.053 1.437 141 111 59
4.691 22.056 1.380 147 120 65
4.666 22.052 1.462 139 109 55
4.727 22.055 1.400 150 121 63
4.603 22.056 1.384 147 117 67
4.609 22.051 1.494 121 129 114
4.605 22.059 1.298 147 122 66
4.688 22.055 1.384 148 122 65
4.568 22.061 1.264 87 97 86
4.579 22.051 1.493 140 148 125
4.600 22.052 1.487 95 99 82
4.696 22.053 1.449 145 114 60
4.582 22.058 1.331 151 121 71
4.590 22.056 1.382 147 117 67
4.636 22.057 1.340 148 118 64
4.714 22.053 1.435 146 116 62
4.562 22.058 1.336 129 118 88
4.658 22.055 1.389 146 119 64
4.628 22.052 1.482 89 85 60
4.726 22.055 1.383 149 120 64
4.715 22.055 1.384 150 119 64
4.647 22.055 1.399 143 117 60
4.650 22.054 1.423 148 117 63
4.682 22.058 1.333 150 121 65
4.551 22.059 1.312 103 112 91
4.587 22.055 1.404 146 116 62
4.749 22.055 1.382 152 123 67
4.569 22.060 1.284 146 128 78
4.633 22.056 1.385 145 115 61
4.668 22.057 1.351 145 119 58
4.614 22.055 1.410 147 115 66
4.559 22.056 1.376 126 124 111
4.687 22.053 1.450 146 115 60
4.721 22.056 1.367 149 120 64
4.769 22.056 1.375 155 124 67
4.588 22.051 1.511 82 94 80
4.548 22.055 1.413 84 96 76
4.668 22.053 1.455 143 113 59
4.753 22.056 1.369 154 125 67
4.580 22.059 1.314 151 121 71
4.636 22.058 1.333 149 119 65
4.599 22.054 1.429 147 117 65
4.624 22.053 1.451 146 116 64
4.658 22.058 1.324 148 119 61
4.618 22.052 1.483 94 90 65
4.567 22.052 1.469 136 131 99
4.680 22.054 1.428 149 118 64
4.783 22.056 1.367 155 124 69
4.573 22.053 1.448 130 109 64
4.622 22.057 1.356 145 118 65
4.667 22.056 1.373 146 119 64
4.559 22.053 1.467 107 111 88
4.709 22.056 1.370 151 120 65
4.592 22.051 1.490 80 92 78
4.591 22.056 1.370 144 117 64
4.570 22.054 1.433 136 116 65
4.558 22.051 1.496 150 150 126
4.645 22.059 1.299 153 122 67
4.644 22.056 1.365 150 123 70
4.565 22.054 1.437 110 98 72
4.569 22.058 1.321 143 122 65
4.582 22.056 1.378 144 116 69
4.593 22.059 1.306 151 125 68
4.666 22.053 1.435 144 114 62
4.750 22.056 1.375 151 122 66
4.618 22.054 1.421 147 117 65
4.699 22.056 1.361 152 121 67
4.617 22.052 1.464 140 108 57
4.562 22.058 1.329 128 117 87
4.556 22.060 1.287 113 117 94
4.663 22.054 1.428 146 115 61
4.721 22.057 1.339 151 122 66
4.655 22.052 1.463 137 107 53
4.568 22.056 1.373 135 116 74
4.596 22.057 1.343 148 121 66
4.699 22.055 1.405 146 115 61
4.684 22.052 1.458 149 116 63
4.552 22.058 1.329 98 107 86
4.706 22.057 1.354 153 122 68
4.614 22.056 1.385 149 119 67
4.551 22.059 1.320 100 109 88
4.718 22.055 1.402 149 118 64
4.585 22.053 1.444 139 111 61
4.641 22.052 1.478 128 113 70
4.644 22.057 1.346 150 121 65
4.629 22.052 1.468 142 110 61
4.583 22.058 1.328 151 121 71
4.581 22.051 1.511 88 102 89
4.607 22.060 1.271 97 104 97
4.687 22.057 1.337 149 118 64
4.637 22.053 1.445 146 119 64
4.638 22.051 1.491 86 98 88
4.713 22.055 1.386 151 120 65
4.739 22.055 1.392 145 119 62
4.763 22.056 1.372 151 120 63
4.598 22.056 1.369 146 119 66
4.567 22.058 1.330 136 119 73
4.575 22.052 1.483 138 135 104
4.641 22.052 1.461 145 115 63
4.593 22.059 1.310 149 123 66
4.647 22.053 1.449 142 110 59
4.609 22.054 1.427 148 118 66
4.759 22.054 1.407 151 120 63
4.561 22.059 1.311 96 89 70
4.718 22.054 1.408 150 120 66
4.651 22.053 1.443 146 119 66
4.674 22.053 1.445 141 114 61
4.624 22.060 1.276 83 75 52
4.687 22.055 1.384 148 122 65
4.611 22.060 1.280 149 134 95
4.694 22.055 1.392 144 118 59
4.659 22.058 1.316 150 121 63
4.594 22.055 1.411 144 116 66
4.726 22.055 1.403 150 121 63
4.654 22.053 1.439 143 113 61
4.589 22.058 1.323 148 122 63
4.556 22.062 1.237 100 101 85
4.569 22.053 1.467 150 140 104
4.707 22.054 1.415 145 115 61
4.605 22.058 1.340 142 112 58
4.699 22.054 1.426 146 116 62
4.628 22.052 1.468 142 110 61
4.673 22.057 1.355 147 121 60
4.576 22.058 1.332 152 122 68
4.701 22.054 1.423 149 119 65
4.650 22.058 1.331 152 123 67
4.741 22.054 1.412 151 120 66
4.667 22.053 1.446 148 121 66
4.651 22.054 1.419 149 118 64
4.551 22.054 1.442 81 93 71
4.565 22.057 1.352 123 109 82
4.603 22.061 1.266 87 101 86
4.651 22.059 1.302 151 122 66
4.707 22.054 1.421 145 118 63
4.572 22.052 1.482 141 136 104
4.692 22.053 1.441 145 114 60
4.694 22.056 1.379 145 118 63
4.570 22.061 1.268 91 99 86
4.679 22.058 1.314 150 120 68
4.647 22.055 1.410 144 114 60
4.607 22.052 1.485 91 95 78
4.658 22.056 1.375 145 118 65
4.559 22.059 1.307 94 87 68
4.605 22.053 1.459 138 111 58
4.697 22.056 1.370 149 119 65
4.720 22.056 1.379 149 120 64
4.685 22.054 1.421 147 116 62
4.582 22.051 1.496 81 88 72
4.664 22.053 1.441 142 115 62
4.580 22.051 1.495 113 122 105
4.701 22.057 1.354 153 122 68
4.684 22.055 1.396 145 118 63
4.594 22.061 1.268 84 97 87
4.585 22.061 1.260 85 96 82
4.755 22.055 1.394 149 120 62
4.732 22.053 1.486 90 101 84
4.622 22.051 1.503 126 139 122
4.744 22.053 1.455 148 116 65
4.672 22.052 1.511 85 97 83
4.784 22.054 1.496 90 104 87
4.733 22.053 1.490 90 105 76
4.787 22.055 1.393 153 124 68
4.797 22.054 1.482 170 170 146
4.748 22.053 1.492 89 103 86
4.685 22.052 1.512 86 97 81
4.764 22.054 1.407 152 121 64
4.734 22.053 1.457 150 120 68
4.676 22.052 1.484 94 90 63
4.757 22.054 1.468 151 120 63
4.697 22.052 1.515 88 95 79
4.703 22.052 1.488 87 97 86
4.787 22.054 1.445 143 120 66
4.703 22.052 1.506 85 99 82
4.761 22.054 1.446 152 115 60
4.720 22.053 1.471 151 117 69
4.655 22.051 1.494 82 93 76
4.663 22.051 1.515 89 96 80
4.767 22.053 1.501 89 102 85
4.713 22.053 1.490 87 99 85
4.724 22.052 1.510 88 99 82
4.762 22.054 1.437 150 119 65
4.749 22.054 1.424 150 119 65
4.758 22.054 1.412 150 119 64
4.718 22.052 1.508 87 98 81
4.756 22.053 1.510 89 102 85
4.772 22.054 1.479 129 114 71
4.790 22.054 1.469 143 118 64
4.768 22.054 1.450 156 120 62
4.781 22.054 1.438 154 120 59
4.780 22.055 1.404 153 121 62
4.784 22.054 1.452 147 118 60
4.790 22.055 1.412 146 119 74
4.760 22.054 1.474 147 117 63
4.670 22.052 1.485 91 96 74
4.794 22.055 1.386 159 145 110
4.767 22.054 1.404 154 122 63
4.778 22.054 1.469 152 121 64
4.744 22.053 1.470 152 121 66
4.641 22.051 1.512 86 97 81
4.752 22.053 1.476 143 119 71
4.731 22.053 1.506 88 101 83
4.674 22.052 1.478 105 92 58
4.679 22.052 1.493 86 97 80
4.690 22.052 1.505 85 99 82
4.741 22.053 1.517 76 81 59
4.789 22.054 1.454 149 123 74
4.767 22.054 1.444 153 120 66
4.730 22.053 1.494 90 98 87
4.715 22.053 1.485 87 97 86
4.668 22.052 1.488 81 94 77
4.725 22.053 1.454 154 117 64
4.705 22.052 1.508 86 99 81
4.786 22.054 1.458 154 122 65
4.714 22.053 1.493 87 95 82
4.724 22.053 1.473 149 117 60
4.760 22.054 1.454 150 119 64
4.733 22.053 1.438 145 116 58
4.781 22.055 1.418 154 126 63
4.750 22.054 1.459 148 117 63
4.687 22.052 1.483 82 81 61
4.722 22.052 1.508 88 99 82
4.797 22.054 1.468 168 150 114
4.672 22.052 1.484 91 87 60
4.734 22.053 1.451 147 115 64
4.770 22.054 1.459 151 120 65
4.754 22.054 1.440 148 118 66
4.686 22.052 1.501 86 99 82
4.753 22.054 1.462 152 121 67
4.781 22.054 1.477 150 128 78
4.694 22.052 1.496 87 100 83
4.692 22.052 1.464 137 116 61
4.673 22.052 1.498 86 97 80
4.761 22.053 1.499 92 103 86
4.722 22.053 1.497 87 98 84
4.664 22.052 1.485 91 99 76
4.673 22.052 1.482 91 87 60
4.697 22.052 1.496 87 100 83
4.787 22.054 1.496 91 104 87
4.782 22.055 1.401 159 124 68
4.787 22.055 1.416 154 122 71
4.787 22.055 1.401 158 125 72
4.780 22.055 1.401 156 121 63
4.687 22.052 1.497 87 100 83
4.744 22.053 1.513 90 101 84
4.707 22.053 1.449 145 113 62
4.668 22.052 1.484 85 84 56
4.740 22.053 1.476 142 118 70
4.670 22.052 1.512 87 98 82
4.788 22.055 1.419 147 120 75
4.794 22.054 1.503 90 99 80
4.634 22.051 1.512 88 99 82
4.681 22.052 1.508 84 98 83
4.794 22.054 1.478 120 114 80
4.789 22.055 1.409 148 119 75
4.746 22.053 1.479 118 101 58
4.778 22.054 1.492 87 104 88
4.754 22.054 1.432 151 120 66
4.673 22.052 1.479 105 92 58
4.795 22.055 1.416 164 147 117
4.766 22.053 1.503 89 102 85
4.791 22.055 1.407 151 127 89
4.675 22.052 1.485 92 95 74
4.763 22.054 1.410 151 120 63
4.764 22.054 1.406 152 121 64
4.752 22.054 1.460 152 121 67
4.731 22.053 1.477 139 117 59
4.628 22.051 1.500 70 83 66
4.773 22.054 1.431 156 125 68
4.771 22.053 1.498 93 102 85
4.792 22.054 1.444 141 123 83
4.709 22.053 1.485 91 98 90
4.787 22.054 1.439 146 122 60
4.753 22.053 1.509 89 102 85
4.784 22.054 1.463 160 121 56
4.762 22.054 1.469 148 117 60
4.716 22.053 1.492 87 99 77
4.679 22.052 1.504 85 97 83
4.693 22.052 1.515 91 98 82
4.663 22.052 1.483 87 88 57
4.764 22.054 1.478 130 115 72
4.715 22.053 1.497 86 97 83
4.680 22.052 1.493 84 98 85
4.765 22.054 1.472 146 119 64
4.735 22.053 1.504 88 101 84
4.691 22.052 1.509 85 98 81
4.721 22.053 1.482 95 97 75
4.770 22.054 1.415 153 123 63
4.607 22.060 1.215 89 101 87
4.689 22.057 1.177 107 105 90
4.717 22.056 1.217 131 139 124
4.690 22.057 1.206 97 101 86
4.766 22.056 1.337 156 125 68
4.729 22.057 1.317 153 127 70
4.687 22.058 1.271 101 112 104
4.681 22.058 1.272 67 75 60
4.759 22.055 1.243 90 98 85
4.566 22.062 1.228 98 104 92
4.758 22.056 1.337 154 123 66
4.653 22.059 1.238 93 101 90
4.643 22.059 1.231 94 104 93
4.751 22.055 1.249 88 98 87
4.626 22.059 1.175 100 96 84
4.699 22.057 1.193 120 123 114
4.576 22.062 1.223 86 97 89
4.751 22.054 1.173 120 112 91
4.766 22.056 1.309 157 126 71
4.572 22.061 1.172 27 27 29
4.724 22.057 1.277 151 132 90
4.761 22.055 1.259 90 101 87
4.656 22.058 1.195 119 125 115
4.788 22.055 1.330 150 128 81
4.709 22.056 1.168 116 109 99
4.696 22.057 1.179 109 106 91
4.772 22.056 1.347 155 125 65
4.719 22.056 1.212 112 120 105
4.699 22.058 1.288 152 119 65
4.733 22.055 1.194 128 130 117
4.741 22.056 1.245 90 100 91
4.766 22.055 1.283 153 122 65
4.742 22.055 1.185 130 124 108
4.688 22.058 1.280 143 121 71
4.707 22.056 1.165 121 116 110
4.721 22.057 1.287 157 120 65
4.664 22.059 1.291 149 122 67
4.580 22.062 1.229 95 107 97
4.697 22.057 1.231 89 96 88
4.675 22.058 1.259 90 96 86
4.672 22.059 1.266 90 98 87
4.556 22.062 1.159 121 121 109
4.696 22.057 1.173 108 105 90
4.564 22.062 1.228 98 104 92
4.707 22.057 1.269 97 107 96
4.649 22.059 1.251 122 130 117
4.757 22.055 1.240 90 98 85
4.706 22.057 1.235 118 126 113
4.761 22.055 1.214 94 102 91
4.615 22.060 1.229 99 109 98
4.551 22.062 1.171 120 124 110
4.695 22.057 1.171 108 106 93
4.734 22.055 1.173 129 119 92
4.753 22.055 1.202 92 100 89
4.646 22.059 1.231 100 110 99
4.745 22.055 1.231 85 93 78
4.729 22.056 1.255 91 95 94
4.717 22.057 1.256 92 100 89
4.676 22.058 1.260 104 106 93
4.671 22.057 1.174 102 99 84
4.661 22.058 1.163 59 56 49
4.765 22.055 1.257 90 98 87
4.601 22.060 1.180 81 79 67
4.606 22.060 1.182 98 98 88
4.763 22.056 1.338 154 123 66
4.551 22.062 1.186 130 134 119
4.738 22.056 1.282 156 126 74
4.638 22.059 1.221 91 101 90
4.742 22.057 1.310 156 125 70
4.661 22.058 1.174 94 91 76
4.759 22.055 1.224 95 101 89
4.769 22.055 1.235 125 129 115
4.751 22.056 1.267 96 103 96
4.583 22.061 1.171 98 97 93
4.714 22.057 1.269 96 104 93
4.720 22.056 1.188 61 57 45
4.599 22.060 1.196 118 128 117
4.571 22.061 1.186 34 36 35
4.719 22.057 1.245 91 99 88
4.737 22.056 1.254 92 97 93
4.571 22.062 1.202 86 96 88
4.649 22.060 1.268 95 107 95
4.684 22.057 1.194 119 122 111
4.687 22.058 1.254 120 123 112
4.663 22.058 1.221 92 102 91
4.656 22.058 1.177 90 86 74
4.620 22.060 1.187 117 117 109
4.725 22.056 1.215 113 122 105
4.787 22.055 1.323 151 127 81
4.750 22.055 1.185 120 114 100
4.708 22.056 1.166 116 109 99
4.584 22.061 1.192 49 55 45
4.586 22.061 1.230 96 107 93
4.749 22.056 1.265 86 98 88
4.741 22.056 1.254 93 98 94
4.744 22.055 1.171 125 117 98
4.750 22.055 1.232 65 73 58
4.717 22.057 1.272 60 61 47
4.661 22.059 1.283 155 120 62
4.649 22.060 1.271 95 107 95
4.748 22.057 1.345 154 124 64
4.761 22.054 1.176 126 120 98
4.687 22.058 1.277 78 76 55
4.641 22.059 1.241 94 102 91
4.677 22.057 1.169 95 91 80
4.771 22.056 1.358 155 123 66
4.596 22.061 1.198 90 102 88
4.743 22.057 1.308 157 126 71
4.704 22.057 1.230 97 105 94
4.705 22.057 1.231 93 101 90
4.576 22.061 1.209 84 97 88
4.688 22.058 1.242 90 101 87
4.735 22.056 1.262 86 98 84
4.782 22.056 1.346 155 129 68
4.735 22.055 1.204 90 98 87
4.668 22.058 1.170 109 105 93
4.615 22.060 1.241 94 104 95
4.674 22.057 1.177 100 96 84
4.584 22.061 1.221 86 100 87
4.714 22.056 1.216 94 102 89
4.713 22.057 1.256 141 149 136
4.642 22.058 1.166 105 102 93
4.597 22.060 1.175 89 87 74
4.643 22.059 1.215 149 160 146
4.656 22.058 1.200 93 101 88
4.764 22.055 1.213 94 101 93
4.598 22.061 1.221 84 96 84
4.660 22.059 1.269 89 101 91
4.633 22.059 1.207 95 101 89
4.661 22.058 1.210 123 134 120
4.775 22.055 1.251 90 101 87
4.774 22.055 1.279 151 128 76
4.750 22.055 1.245 92 102 91
4.791 22.055 1.327 145 127 87
4.608 22.061 1.231 91 101 90
4.728 22.056 1.207 87 96 79
4.724 22.056 1.204 92 102 91
4.629 22.060 1.261 87 100 83
4.572 22.061 1.166 37 39 38
4.743 22.056 1.253 94 99 95
4.549 22.063 1.219 135 139 122
4.588 22.061 1.238 112 120 107
4.734 22.057 1.283 155 120 64
4.703 22.057 1.201 99 107 96
4.679 22.059 1.301 149 118 71
4.669 22.058 1.181 106 102 90
4.766 22.054 1.216 94 100 90
4.665 22.058 1.178 97 93 81
4.720 22.057 1.263 87 100 83
4.701 22.058 1.270 98 108 99
4.548 22.063 1.213 94 101 83
4.716 22.058 1.309 151 122 64
4.662 22.059 1.251 127 138 124
4.759 22.056 1.327 153 122 67
4.683 22.058 1.245 90 102 88
4.763 22.055 1.276 142 127 88
4.632 22.060 1.228 92 99 91
4.785 22.055 1.339 149 124 68
4.587 22.061 1.192 36 39 30
4.772 22.054 1.226 101 103 92
4.714 22.057 1.294 155 122 68
4.764 22.054 1.176 123 118 96
4.667 22.057 1.162 56 53 46
4.751 22.056 1.293 155 119 67
4.724 22.056 1.222 94 102 87
4.770 22.055 1.281 148 125 73
4.621 22.061 1.264 83 97 82
4.605 22.060 1.174 81 79 66
4.703 22.057 1.241 87 98 82
4.772 22.055 1.281 151 128 76
4.709 22.057 1.283 151 121 61
4.758 22.054 1.184 126 123 106
4.575 22.061 1.192 37 42 38
4.630 22.059 1.180 89 85 74
4.689 22.058 1.237 121 131 122
4.560 22.062 1.205 93 95 81
4.561 22.062 1.190 118 118 110
4.577 22.061 1.188 25 27 24
4.724 22.056 1.214 113 122 105
4.553 22.062 1.162 140 142 129
4.711 22.057 1.277 86 79 53
4.585 22.061 1.222 85 97 85
4.679 22.059 1.293 149 124 70
4.756 22.057 1.348 157 126 69
4.698 22.058 1.259 99 111 91
4.761 22.055 1.239 101 109 96
4.634 22.059 1.165 97 92 86
4.715 22.057 1.271 60 61 47
4.750 22.055 1.195 84 87 78
4.733 22.056 1.241 93 103 92
4.576 22.061 1.160 35 39 38
4.700 22.057 1.237 115 125 114
4.691 22.057 1.176 108 106 91
4.610 22.060 1.229 98 108 97
4.613 22.060 1.179 87 85 73
4.752 22.057 1.344 155 125 65
4.725 22.056 1.251 101 108 101
4.680 22.058 1.246 87 99 85
4.690 22.058 1.263 83 97 80
4.683 22.057 1.204 91 102 88
4.590 22.061 1.212 85 98 91
4.740 22.056 1.263 87 99 85
4.645 22.058 1.175 105 101 89
4.751 22.056 1.320 153 122 68
4.758 22.055 1.199 102 108 96
4.770 22.056 1.317 156 125 70
4.651 22.060 1.273 64 73 56
4.756 22.057 1.349 157 126 69
4.655 22.059 1.276 73 69 42
4.780 22.055 1.320 156 125 71
4.743 22.055 1.216 85 96 79
4.770 22.056 1.313 156 125 70
4.742 22.056 1.269 95 100 93
4.657 22.059 1.221 86 96 85
4.726 22.057 1.294 153 120 67
4.649 22.058 1.187 108 108 98
4.686 22.057 1.209 123 127 110
4.754 22.056 1.310 154 123 68
4.736 22.056 1.284 157 122 66
4.772 22.056 1.349 157 125 68
4.556 22.062 1.181 103 103 93
4.668 22.058 1.222 89 99 88
4.726 22.055 1.160 33 29 20
4.688 22.058 1.300 151 123 60
4.560 22.062 1.222 93 95 81
4.601 22.060 1.186 108 109 101
4.766 22.055 1.258 89 97 86
4.737 22.057 1.289 156 116 67
4.653 22.058 1.176 96 92 80
4.753 22.056 1.329 154 123 68
4.727 22.057 1.282 153 126 73
4.676 22.057 1.167 95 91 80
4.661 22.059 1.233 63 73 62
4.702 22.056 1.174 110 104 90
4.730 22.055 1.188 76 70 56
4.573 22.062 1.223 87 97 89
4.606 22.060 1.175 82 80 67
4.690 22.057 1.191 54 56 45
4.643 22.058 1.171 94 90 78
4.710 22.058 1.301 153 122 65
4.582 22.061 1.199 93 104 90
4.715 22.057 1.294 154 121 67
4.615 22.060 1.178 89 85 73
4.648 22.058 1.178 101 97 85
4.713 22.056 1.180 121 112 95
4.766 22.055 1.222 93 99 89
4.723 22.055 1.158 32 28 19
4.754 22.054 1.174 118 112 90
4.707 22.058 1.291 157 122 68
4.583 22.061 1.171 98 97 93
4.762 22.055 1.211 94 101 93
4.660 22.059 1.229 96 106 95
4.692 22.058 1.293 154 121 68
4.715 22.058 1.324 150 124 65
4.593 22.061 1.219 86 98 88
4.750 22.055 1.226 97 105 90
4.548 22.062 1.161 95 103 88
4.588 22.061 1.178 96 94 81
4.667 22.058 1.167 102 98 87
4.716 22.056 1.184 136 128 115
4.772 22.056 1.358 155 123 66
4.655 22.058 1.159 33 30 23
4.577 22.061 1.178 25 25 25
4.707 22.057 1.236 118 126 113
4.632 22.060 1.245 86 97 83
4.621 22.060 1.222 90 98 87
4.551 22.062 1.173 120 124 110
4.642 22.059 1.210 131 143 129
4.634 22.059 1.158 33 28 25
4.766 22.056 1.312 155 124 69
4.758 22.054 1.186 80 78 65
4.589 22.061 1.198 91 103 89
4.588 22.061 1.186 101 102 94
4.725 22.055 1.174 133 122 100
4.608 22.060 1.195 122 130 119
4.658 22.059 1.284 155 120 62
4.755 22.055 1.254 93 98 92
4.750 22.055 1.237 116 124 111
4.657 22.059 1.263 90 94 80
4.766 22.056 1.317 153 122 67
4.691 22.057 1.195 128 131 120
4.683 22.059 1.291 152 125 72
4.674 22.058 1.188 47 48 40
4.673 22.058 1.243 89 100 86
4.618 22.060 1.248 87 97 88
4.738 22.056 1.245 90 100 91
4.584 22.061 1.197 93 104 90
4.659 22.059 1.220 86 96 85
4.669 22.059 1.266 88 96 85
4.766 22.056 1.349 153 121 64
4.627 22.060 1.259 87 97 86
4.563 22.061 1.164 118 117 112
4.569 22.061 1.185 25 25 25
4.740 22.057 1.304 155 124 69
4.723 22.057 1.302 151 122 64
4.686 22.057 1.179 102 100 85
4.659 22.058 1.168 104 100 89
4.568 22.061 1.170 39 39 39
4.612 22.060 1.201 89 101 87
4.555 22.062 1.198 102 103 87
4.673 22.059 1.275 75 71 44
4.672 22.058 1.211 129 137 124
4.606 22.060 1.216 89 101 87
4.625 22.059 1.163 55 52 47
4.605 22.060 1.190 35 38 29
4.678 22.058 1.239 96 106 95
4.754 22.055 1.231 95 101 87
4.682 22.058 1.262 90 94 80
4.725 22.055 1.171 126 118 99
4.605 22.060 1.216 87 99 87
4.582 22.061 1.175 103 102 98
4.794 22.055 1.341 158 145 111
4.609 22.060 1.200 89 101 87
4.655 22.058 1.167 102 98 87
4.678 22.058 1.222 83 91 80
4.690 22.058 1.268 84 98 85
4.683 22.057 1.203 91 102 88
4.656 22.059 1.234 54 64 53
4.615 22.060 1.237 109 119 110
4.550 22.054 1.478 81 93 73
4.549 22.054 1.458 89 97 84
4.553 22.053 1.499 83 88 68
4.549 22.055 1.477 81 93 73
4.550 22.054 1.491 84 95 79
4.548 22.055 1.471 83 92 73
4.552 22.054 1.512 84 93 74
