-32.632 22.194 0.617 93 92 74
-32.653 22.195 0.601 95 88 72
-32.656 22.195 0.598 95 88 72
-32.645 22.195 0.598 99 92 76
-32.648 22.195 0.599 98 91 75
-32.630 22.186 1.603 122 121 93
-32.636 22.186 1.601 106 104 79
-32.637 22.186 1.607 115 115 89
-32.636 22.186 1.604 109 109 83
-32.636 22.186 1.621 114 112 87
-32.649 22.195 0.495 88 87 69
-32.634 22.194 0.526 94 87 71
-32.648 22.195 0.494 88 87 69
-32.649 22.195 0.509 97 91 75
-32.655 22.195 0.578 95 88 72
-32.648 22.195 0.556 93 87 71
-32.644 22.195 0.556 94 88 72
-32.644 22.195 0.535 95 89 73
-32.650 22.195 0.520 97 91 75
-32.649 22.195 0.582 92 85 69
-32.640 22.194 0.493 91 93 72
-32.632 22.194 0.503 98 97 79
-32.642 22.195 0.590 93 86 70
-32.635 22.194 0.531 99 93 77
-32.650 22.195 0.589 98 91 75
-32.634 22.194 0.528 96 89 73
-32.643 22.195 0.573 93 87 71
-32.644 22.195 0.586 87 80 64
-32.633 22.194 0.488 92 94 73
-32.632 22.194 0.581 92 86 72
-32.643 22.195 0.525 99 93 77
-32.633 22.194 0.494 94 95 77
-32.650 22.195 0.544 94 91 74
-32.635 22.194 0.495 92 93 75
-32.629 22.194 0.530 90 87 70
-32.642 22.194 0.495 91 90 72
-32.633 22.194 0.579 91 85 71
-32.644 22.195 0.582 93 86 70
-32.632 22.194 0.582 92 86 72
-32.637 22.194 0.571 93 90 75
-32.649 22.195 0.524 97 91 75
-32.654 22.195 0.562 99 93 77
-32.643 22.195 0.547 94 91 74
-32.645 22.195 0.588 90 83 67
-32.630 22.194 0.547 91 88 71
-32.641 22.195 0.462 92 87 68
-32.633 22.195 0.439 90 88 75
-32.640 22.196 0.410 93 86 70
-32.645 22.196 0.382 90 84 68
-32.632 22.195 0.407 94 91 76
-32.640 22.195 0.460 92 87 68
-32.642 22.195 0.431 92 86 72
-32.661 22.197 0.373 92 85 69
-32.653 22.196 0.436 89 83 69
-32.653 22.197 0.382 91 84 68
-32.661 22.197 0.360 91 85 69
-32.650 22.197 0.381 90 83 67
-32.643 22.195 0.466 87 86 66
-32.632 22.195 0.419 100 92 79
-32.659 22.197 0.362 92 85 69
-32.636 22.196 0.385 92 89 70
-32.662 22.197 0.372 92 85 69
-32.635 22.194 0.481 91 93 72
-32.643 22.195 0.438 89 86 71
-32.636 22.195 0.469 90 89 71
-32.645 22.197 0.360 89 83 71
-32.629 22.194 0.477 92 94 73
-32.660 22.197 0.388 88 82 66
-32.646 22.196 0.410 92 85 69
-32.635 22.196 0.407 94 91 76
-32.651 22.196 0.414 95 88 72
-32.643 22.196 0.421 93 86 70
-32.632 22.196 0.399 94 91 74
-32.629 22.196 0.364 93 90 75
-32.666 22.197 0.365 94 85 70
-32.650 22.196 0.433 90 84 70
-32.635 22.195 0.438 92 88 76
-32.635 22.196 0.367 88 85 70
-32.654 22.196 0.413 95 88 72
-32.637 22.187 1.588 112 110 89
-32.643 22.194 1.567 98 105 89
-32.637 22.190 1.580 106 105 85
-32.633 22.190 1.578 109 108 88
-32.639 22.203 1.540 111 115 101
-32.644 22.195 1.565 98 105 89
-32.633 22.205 1.533 113 117 103
-32.646 22.207 1.529 114 118 104
-32.646 22.201 1.547 112 115 104
-32.633 22.210 1.519 112 116 102
-32.651 22.191 1.577 104 105 87
-32.638 22.197 1.558 103 107 93
-32.647 22.195 1.564 95 102 86
-32.638 22.201 1.544 106 110 96
-32.644 22.197 1.557 105 108 97
-32.641 22.210 1.520 107 111 97
-32.650 22.189 1.583 101 102 84
-32.650 22.192 0.251 99 97 82
-32.631 22.196 0.351 94 90 78
-32.630 22.190 0.248 106 108 87
-32.648 22.190 0.223 98 93 73
-32.637 22.192 0.279 105 99 83
-32.654 22.193 0.272 100 94 78
-32.648 22.193 0.284 89 86 69
-32.634 22.190 0.241 112 107 88
-32.645 22.192 0.260 98 94 82
-32.647 22.190 0.225 105 100 80
-32.657 22.194 0.282 93 87 71
-32.647 22.193 0.286 92 89 72
-32.641 22.188 0.198 132 130 109
-32.647 22.193 0.280 91 88 71
-32.631 22.188 0.205 122 120 99
-32.632 22.193 0.289 106 100 88
-32.643 22.193 0.289 95 92 75
-32.647 22.196 0.339 86 80 68
-32.651 22.195 0.323 92 86 70
-32.638 22.187 0.181 141 136 116
-32.650 22.193 0.277 92 89 72
-32.655 22.196 0.323 89 83 67
-32.629 22.194 0.328 102 99 84
-32.643 22.193 0.281 95 92 75
-32.637 22.192 0.275 106 100 84
-32.635 22.196 0.353 90 86 74
-32.661 22.195 0.302 83 80 63
-32.661 22.197 0.342 91 85 71
-32.637 22.196 0.354 91 87 75
-32.641 22.191 0.250 100 98 83
-32.630 22.193 0.296 108 102 88
-32.631 22.188 0.199 126 124 103
-32.634 22.193 0.305 98 92 78
-32.628 22.192 0.288 109 103 89
-32.647 22.189 0.208 104 101 82
-32.651 22.195 0.315 86 81 62
-32.639 22.189 0.212 107 106 86
-32.642 22.195 0.329 89 83 69
-32.635 22.193 0.290 104 98 86
-32.637 22.196 0.351 92 88 76
-32.654 22.192 0.254 88 86 71
-32.653 22.196 0.340 89 83 71
-32.651 22.191 0.238 88 87 67
-32.652 22.197 0.344 91 85 73
-32.632 22.190 0.242 112 111 91
-32.658 22.197 0.351 88 82 68
-32.629 22.194 0.317 106 103 86
-32.658 22.193 0.278 88 82 66
-32.647 22.190 0.216 103 102 82
-32.645 22.192 0.262 100 96 84
-32.653 22.193 0.276 98 92 76
-32.661 22.195 0.656 101 95 79
-32.632 22.194 0.772 90 93 74
-32.630 22.194 0.722 92 91 73
-32.637 22.194 0.653 92 89 72
-32.675 22.196 0.752 95 90 70
-32.644 22.194 0.760 93 96 75
-32.658 22.195 0.638 92 91 71
-32.637 22.194 0.648 93 94 76
-32.644 22.194 0.702 91 90 72
-32.636 22.194 0.753 91 92 74
-32.629 22.194 0.656 91 88 71
-32.629 22.194 0.659 88 85 68
-32.646 22.195 0.673 96 95 77
-32.656 22.195 0.636 90 89 69
-32.639 22.194 0.739 96 94 79
-32.640 22.194 0.759 96 97 79
-32.650 22.195 0.724 95 92 73
-32.636 22.194 0.649 93 94 76
-32.640 22.194 0.669 97 94 77
-32.648 22.195 0.684 98 95 76
-32.660 22.195 0.716 94 91 72
-32.666 22.195 0.744 90 89 69
-32.640 22.194 0.756 94 95 77
-32.648 22.195 0.687 99 96 77
-32.631 22.194 0.712 94 93 75
-32.632 22.194 0.643 92 93 75
-32.653 22.195 0.707 94 93 73
-32.628 22.194 0.732 91 90 72
-32.648 22.195 0.662 96 93 76
-32.647 22.195 0.639 90 89 69
-32.632 22.194 0.660 89 86 69
-32.651 22.195 0.695 99 94 75
-32.662 22.195 0.748 98 95 76
-32.671 22.195 0.726 93 88 69
-32.654 22.195 0.710 94 91 72
-32.654 22.195 0.656 100 94 78
-32.662 22.195 0.616 94 91 72
-32.652 22.195 0.708 94 93 73
-32.646 22.195 0.633 89 91 70
-32.661 22.195 0.716 95 90 71
-32.647 22.195 0.727 96 93 76
-32.630 22.194 0.670 94 91 74
-32.649 22.195 0.699 96 95 75
-32.639 22.194 0.707 92 91 71
-32.659 22.195 0.700 91 90 70
-32.641 22.194 0.751 93 92 74
-32.668 22.195 0.706 95 92 73
-32.645 22.194 0.746 92 93 75
-32.642 22.194 0.759 96 97 79
-32.663 22.195 0.709 95 92 73
-32.665 22.195 0.690 95 90 71
-32.644 22.194 0.729 97 94 77
-32.648 22.195 0.734 96 95 77
-32.671 22.195 0.696 98 91 72
-32.665 22.195 0.715 94 89 70
-32.652 22.195 0.626 92 94 73
-32.628 22.194 0.651 98 95 78
-32.658 22.195 0.689 95 90 71
-32.651 22.195 0.648 93 88 69
-32.661 22.195 0.705 92 91 71
-32.636 22.194 0.621 92 91 73
-32.656 22.195 0.714 94 91 72
-32.653 22.195 0.725 95 92 73
-32.674 22.196 0.736 87 84 65
-32.634 22.194 0.756 92 93 75
-32.659 22.195 0.748 97 96 76
-32.653 22.195 0.715 95 92 73
-32.667 22.195 0.717 94 89 70
-32.658 22.200 0.891 91 85 63
-32.639 22.200 0.912 102 96 74
-32.653 22.196 0.788 97 92 72
-32.645 22.196 0.810 95 93 68
-32.668 22.197 0.797 93 88 66
-32.664 22.195 0.763 92 91 70
-32.638 22.195 0.806 96 96 72
-32.670 22.196 0.764 92 90 69
-32.667 22.198 0.826 86 82 57
-32.655 22.201 0.912 95 88 62
-32.635 22.195 0.795 90 92 70
-32.635 22.195 0.800 93 95 73
-32.649 22.197 0.835 98 93 71
-32.654 22.200 0.887 90 85 63
-32.659 22.195 0.772 95 94 73
-32.649 22.199 0.877 98 90 69
-32.649 22.202 0.954 96 91 62
-32.654 22.201 0.917 95 89 63
-32.634 22.195 0.798 91 93 71
-32.632 22.196 0.825 101 101 77
-32.635 22.197 0.849 94 93 72
-32.645 22.195 0.781 97 95 74
-32.636 22.201 0.942 97 97 69
-32.654 22.201 0.925 94 90 65
-32.647 22.200 0.905 98 92 66
-32.635 22.194 0.782 97 96 76
-32.634 22.199 0.912 100 94 72
-32.661 22.199 0.865 97 92 70
-32.655 22.201 0.918 95 89 63
-32.657 22.195 0.775 94 93 72
-32.669 22.195 0.758 91 89 68
-32.637 22.198 0.880 100 92 73
-32.628 22.201 0.950 100 99 71
-32.634 22.196 0.822 101 101 77
-32.670 22.196 0.774 93 88 68
-32.661 22.199 0.853 88 88 64
-32.641 22.200 0.918 102 96 74
-32.656 22.196 0.804 92 90 65
-32.633 22.196 0.834 97 95 74
-32.636 22.197 0.843 96 94 73
-32.633 22.195 0.796 91 93 71
-32.653 22.197 0.832 95 90 68
-32.639 22.196 0.821 101 101 77
-32.636 22.196 0.825 100 100 76
-32.641 22.194 0.775 93 94 76
-32.649 22.201 0.935 92 90 67
-32.653 22.201 0.917 95 89 63
-32.635 22.197 0.837 99 97 76
-32.666 22.196 0.775 93 88 68
-32.669 22.196 0.772 94 92 71
-32.638 22.195 0.803 97 96 75
-32.659 22.198 0.835 92 87 65
-32.646 22.200 0.913 102 96 70
-32.664 22.195 0.767 93 91 70
-32.647 22.201 0.937 92 90 67
-32.664 22.195 0.761 91 90 70
-32.634 22.199 0.906 102 96 74
-32.628 22.195 0.811 98 98 74
-32.630 22.194 0.782 98 97 77
-32.649 22.201 0.941 97 93 64
-32.650 22.195 0.770 95 97 76
-32.651 22.199 0.887 91 86 64
-32.636 22.199 0.889 99 94 74
-32.672 22.196 0.771 94 89 69
-32.648 22.197 0.833 98 93 71
-32.648 22.198 0.862 92 90 67
-32.660 22.199 0.868 99 91 70
-32.633 22.196 0.816 93 93 69
-32.651 22.199 0.884 91 86 64
-32.668 22.196 0.777 92 87 67
-32.650 22.202 0.957 95 88 60
-32.654 22.200 0.889 90 85 63
-32.630 22.199 1.001 100 98 75
-32.634 22.199 1.012 101 99 76
-32.641 22.201 0.972 101 93 70
-32.642 22.201 0.976 98 92 70
-32.631 22.200 1.001 100 98 75
-32.635 22.199 1.015 100 98 75
-32.631 22.201 0.963 99 93 67
-32.633 22.201 0.967 101 95 69
-32.633 22.199 1.028 94 98 75
-32.632 22.209 1.506 117 123 111
-32.640 22.208 1.499 113 116 105
-32.633 22.210 1.516 110 114 100
-32.636 22.208 1.498 119 125 113
-32.633 22.209 1.509 119 125 113
-32.642 22.209 1.504 110 113 102
-32.631 22.208 1.499 119 125 113
-32.631 22.208 1.505 117 123 111
-32.645 22.189 1.657 91 92 74
-32.638 22.188 1.660 83 92 71
-32.628 22.187 1.681 131 133 111
-32.635 22.195 1.819 103 100 81
-32.652 22.190 1.652 96 103 85
-32.648 22.192 1.713 105 103 90
-32.647 22.189 1.647 102 103 87
-32.652 22.196 1.789 106 104 89
-32.658 22.198 1.803 112 100 78
-32.649 22.197 1.817 106 99 80
-32.655 22.198 1.804 114 102 80
-32.653 22.196 1.777 107 99 80
-32.648 22.193 1.736 103 104 88
-32.641 22.191 1.708 104 102 89
-32.646 22.190 1.671 96 101 81
-32.652 22.191 1.674 105 104 86
-32.630 22.186 1.649 127 127 101
-32.642 22.188 1.654 88 89 71
-32.633 22.191 1.744 97 101 86
-32.646 22.193 1.748 103 105 91
-32.658 22.196 1.757 104 103 85
-32.640 22.193 1.753 94 96 83
-32.637 22.189 1.683 100 99 81
-32.650 22.195 1.763 109 102 83
-32.639 22.187 1.644 90 92 71
-32.632 22.193 1.778 110 105 85
-32.647 22.197 1.814 104 99 79
-32.629 22.190 1.731 100 103 86
-32.636 22.190 1.721 92 93 77
-32.656 22.197 1.789 106 104 89
-32.651 22.197 1.796 107 106 88
-32.653 22.193 1.722 105 103 88
-32.643 22.196 1.806 104 102 81
-32.636 22.195 1.808 105 104 84
-32.643 22.190 1.690 103 101 86
-32.641 22.188 1.647 91 92 74
-32.641 22.192 1.734 96 97 81
-32.658 22.197 1.778 103 96 78
-32.629 22.191 1.758 110 111 93
-32.637 22.190 1.714 100 101 87
-32.662 22.200 1.818 99 94 75
-32.650 22.193 1.725 103 104 88
-32.645 22.188 1.639 95 96 80
-32.640 22.191 1.718 97 98 82
-32.649 22.195 1.778 110 103 84
-32.628 22.192 1.787 99 96 77
-32.646 22.189 1.655 91 92 74
-32.649 22.188 1.627 94 93 75
-32.660 22.198 1.802 109 97 75
-32.647 22.190 1.666 96 103 85
-32.651 22.198 1.825 106 101 81
-32.649 22.192 1.716 100 98 83
-32.636 22.191 1.736 90 93 76
-32.643 22.190 1.686 106 104 89
-32.652 22.190 1.658 94 102 89
-32.632 22.192 1.759 103 104 86
-32.640 22.186 1.618 97 97 73
-32.657 22.195 1.733 105 106 88
-32.650 22.190 1.657 93 100 82
-32.628 22.191 1.751 100 104 90
-32.654 22.197 1.783 106 100 84
-32.651 22.198 1.830 107 101 79
-32.652 22.192 1.699 102 100 87
-32.632 22.188 1.677 104 106 85
-32.639 22.190 1.693 92 90 77
-32.653 22.193 1.713 107 104 89
-32.630 22.191 1.745 97 101 86
-32.630 22.195 1.835 106 104 89
-32.656 22.199 1.835 105 97 76
-32.637 22.195 1.814 103 100 81
-32.634 22.196 1.841 109 107 92
-32.657 22.199 1.826 101 95 73
-32.636 22.190 1.714 99 100 86
-32.646 22.187 1.622 98 97 77
-32.633 22.199 1.141 94 96 74
-32.629 22.198 1.156 95 97 76
-32.650 22.203 1.085 90 89 61
-32.657 22.205 1.107 89 81 58
-32.638 22.201 1.194 99 94 72
-32.651 22.203 1.043 90 84 60
-32.635 22.199 1.063 96 96 72
-32.639 22.200 1.127 99 94 72
-32.631 22.199 1.162 96 98 77
-32.657 22.205 1.157 89 85 58
-32.641 22.201 1.088 101 97 72
-32.655 22.204 1.131 89 81 58
-32.630 22.199 1.163 98 99 81
-32.628 22.198 1.155 98 100 79
-32.654 22.203 1.018 86 80 56
-32.631 22.199 1.136 95 97 73
-32.643 22.201 1.073 93 91 66
-32.651 22.203 1.044 90 84 60
-32.632 22.199 1.123 103 101 80
-32.643 22.201 1.070 92 90 65
-32.637 22.200 1.105 100 95 75
-32.637 22.200 1.186 100 98 73
-32.633 22.199 1.089 104 100 75
-32.652 22.203 0.987 91 89 64
-32.638 22.200 1.128 99 94 72
-32.637 22.200 1.138 96 96 72
-32.632 22.199 1.102 101 98 79
-32.652 22.203 1.089 89 85 58
-32.650 22.203 1.051 92 84 61
-32.642 22.201 1.157 92 90 69
-32.650 22.203 1.132 91 85 61
-32.652 22.203 1.028 87 85 60
-32.654 22.204 1.057 89 83 57
-32.632 22.198 1.056 95 95 71
-32.655 22.204 1.038 90 86 59
-32.634 22.199 1.109 103 98 79
-32.633 22.199 1.175 96 97 79
-32.645 22.202 1.158 91 89 68
-32.637 22.200 1.046 97 97 73
-32.639 22.200 1.009 97 92 70
-32.640 22.200 1.082 101 97 70
-32.645 22.202 1.087 93 91 66
-32.654 22.204 1.051 91 80 58
-32.642 22.201 1.108 98 93 73
-32.644 22.201 1.027 95 97 75
-32.654 22.204 1.103 87 81 59
-32.652 22.203 1.039 92 88 61
-32.642 22.202 1.171 91 88 69
-32.633 22.199 1.056 96 96 72
-32.636 22.200 1.086 105 101 76
-32.638 22.201 1.183 100 98 73
-32.648 22.202 0.977 95 90 61
-32.643 22.201 0.996 92 90 67
-32.644 22.206 1.343 84 78 56
-32.644 22.208 1.461 132 130 117
-32.635 22.201 1.246 88 94 92
-32.630 22.201 1.281 87 97 88
-32.656 22.208 1.324 89 77 55
-32.649 22.205 1.243 86 92 92
-32.638 22.206 1.438 123 125 111
-32.636 22.204 1.371 104 107 90
-32.657 22.207 1.233 81 82 76
-32.649 22.204 1.208 94 87 68
-32.657 22.205 1.173 94 89 60
-32.654 22.206 1.263 95 96 98
-32.642 22.208 1.479 113 119 107
-32.659 22.207 1.217 74 71 56
-32.650 22.208 1.381 132 133 115
-32.644 22.205 1.330 89 84 62
-32.654 22.209 1.369 136 131 109
-32.639 22.206 1.421 125 126 108
-32.650 22.209 1.406 97 99 85
-32.631 22.204 1.437 102 108 96
-32.635 22.203 1.344 87 84 65
-32.655 22.210 1.387 124 127 110
-32.635 22.203 1.337 92 89 70
-32.636 22.206 1.478 114 120 106
-32.635 22.206 1.484 119 122 111
-32.643 22.203 1.215 86 87 71
-32.642 22.206 1.371 117 118 100
-32.652 22.208 1.352 134 128 102
-32.641 22.202 1.215 88 89 75
-32.651 22.209 1.433 131 132 114
-32.651 22.207 1.334 84 74 49
-32.659 22.206 1.167 90 85 56
-32.635 22.206 1.466 112 116 101
-32.638 22.204 1.340 88 85 66
-32.639 22.203 1.273 86 99 92
-32.639 22.205 1.362 109 107 86
-32.649 22.210 1.473 119 121 108
-32.646 22.205 1.274 93 101 104
-32.652 22.210 1.453 123 125 111
-32.655 22.205 1.170 91 86 57
-32.633 22.202 1.321 92 96 79
-32.651 22.206 1.256 73 76 81
-32.636 22.206 1.439 119 123 109
-32.652 22.211 1.483 89 93 79
-32.633 22.202 1.310 91 99 88
-32.631 22.199 1.216 92 94 80
-32.653 22.211 1.495 94 98 84
-32.654 22.208 1.357 138 134 109
-32.654 22.208 1.323 84 73 51
-32.636 22.203 1.325 94 93 73
-32.643 22.207 1.435 130 132 118
-32.643 22.204 1.277 83 98 93
-32.632 22.205 1.481 114 118 104
-32.652 22.206 1.241 85 89 90
-32.646 22.207 1.396 95 99 82
-32.647 22.204 1.254 63 68 74
-32.628 22.203 1.411 99 103 89
-32.651 22.209 1.395 98 102 88
-32.635 22.204 1.369 104 107 90
-32.649 22.210 1.490 102 108 94
-32.652 22.207 1.285 69 76 84
-32.646 22.208 1.407 97 99 85
-32.656 22.207 1.261 87 88 92
-32.652 22.205 1.203 92 82 57
-32.632 22.202 1.308 87 97 89
-32.639 22.203 1.302 83 97 97
-32.645 22.206 1.342 84 78 56
-32.632 22.202 1.309 91 99 88
-32.649 22.207 1.361 124 122 99
-32.652 22.210 1.433 131 132 114
-32.628 22.200 1.270 90 99 82
-32.644 22.204 1.272 95 101 97
-32.651 22.207 1.324 89 78 56
-32.653 22.204 1.177 95 89 63
-32.631 22.204 1.443 105 111 99
-32.640 22.203 1.293 77 95 99
-32.633 22.201 1.288 78 92 92
-32.652 22.211 1.487 91 97 83
-32.650 22.207 1.336 78 68 41
-32.646 22.208 1.417 131 132 118
-32.654 22.210 1.421 136 137 119
-32.637 22.206 1.444 116 120 106
-32.633 22.200 1.204 99 98 80
-32.628 22.199 1.230 90 96 86
-32.649 22.204 1.213 89 83 67
-32.652 22.209 1.390 116 120 105
-32.652 22.210 1.439 130 133 116
-32.656 22.208 1.303 68 69 71
-32.649 22.207 1.374 133 131 110
-32.658 22.207 1.229 96 96 88
-32.635 22.203 1.353 107 104 85
-32.655 22.208 1.329 86 76 51
-32.655 22.206 1.227 117 117 107
-32.654 22.207 1.294 79 88 97
-32.652 22.211 1.473 110 112 99
-32.632 22.196 1.873 103 101 89
-32.651 22.196 1.882 101 100 80
-32.635 22.192 1.918 97 95 80
-32.640 22.193 1.918 97 96 78
-32.637 22.197 1.856 110 104 88
-32.635 22.194 1.896 101 105 91
-32.640 22.195 1.886 105 103 88
-32.656 22.198 1.861 106 99 83
-32.642 22.197 1.858 111 104 86
-32.646 22.193 1.914 98 97 79
-32.641 22.196 1.875 108 104 92
-32.633 22.193 1.906 96 97 83
-32.645 22.196 1.884 109 103 89
-32.640 22.194 1.906 100 101 85
-32.640 22.196 1.875 108 104 92
-32.652 22.196 1.891 98 99 85
-32.641 22.196 1.873 103 101 88
-32.643 22.197 1.867 106 104 91
-32.636 22.196 1.867 104 102 90
-32.636 22.193 1.912 94 95 79
-32.635 22.194 1.893 100 102 89
-32.639 22.195 1.892 99 101 88
-32.751 22.187 0.033 76 74 61
-32.655 22.187 0.158 109 104 84
-32.664 22.187 0.051 67 68 50
-32.711 22.186 0.024 81 84 67
-32.686 22.187 0.115 86 81 62
-32.669 22.187 0.052 70 71 53
-32.688 22.187 0.081 88 87 67
-32.650 22.187 0.157 107 102 82
-32.683 22.187 0.121 84 81 64
-32.731 22.187 0.083 89 83 67
-32.772 22.186 0.039 76 74 59
-32.630 22.188 0.079 124 123 103
-32.769 22.186 0.029 67 65 53
-32.655 22.187 0.117 112 107 87
-32.662 22.187 0.075 87 86 66
-32.721 22.186 0.062 86 83 66
-32.648 22.188 0.017 67 73 61
-32.766 22.186 0.019 70 68 55
-32.722 22.186 0.022 80 83 64
-32.631 22.188 0.166 137 130 111
-32.672 22.187 0.123 86 83 66
-32.705 22.186 0.039 82 83 67
-32.662 22.187 0.045 73 76 59
-32.663 22.187 0.147 82 77 58
-32.641 22.188 0.020 67 73 61
-32.691 22.187 0.091 83 80 61
-32.682 22.187 0.050 73 74 56
-32.675 22.187 0.103 90 87 68
-32.635 22.188 0.150 140 138 117
-32.665 22.187 0.133 91 88 71
-32.738 22.187 0.042 74 72 57
-32.737 22.187 0.013 78 80 66
-32.656 22.187 0.049 64 65 47
-32.637 22.188 0.143 138 136 115
-32.657 22.187 0.047 70 71 55
-32.687 22.187 0.061 81 80 62
-32.654 22.188 0.045 70 73 56
-32.749 22.187 0.029 77 75 63
-32.706 22.186 0.104 85 82 63
-32.659 22.187 0.046 72 75 58
-32.683 22.187 0.104 89 86 67
-32.667 22.187 0.070 85 84 64
-32.750 22.187 0.016 80 81 67
-32.642 22.188 0.121 121 118 99
-32.645 22.188 0.115 118 113 93
-32.701 22.186 0.102 85 82 63
-32.673 22.187 0.049 69 70 54
-32.660 22.187 0.112 106 101 81
-32.630 22.188 0.056 62 63 45
-32.671 22.187 0.073 82 81 61
-32.693 22.187 0.062 88 87 69
-32.665 22.187 0.129 93 90 73
-32.732 22.187 0.041 80 78 63
-32.693 22.187 0.065 89 86 69
-32.663 22.187 0.147 82 77 58
-32.752 22.187 0.015 79 80 66
-32.710 22.186 0.050 87 85 70
-32.760 22.186 0.038 65 63 48
-32.742 22.187 0.040 71 69 54
-32.639 22.188 0.127 124 121 102
-32.696 22.187 0.026 79 82 65
-32.680 22.187 0.128 83 80 63
-32.638 22.188 0.048 66 67 51
-32.648 22.187 0.140 125 120 101
-32.681 22.187 0.021 72 74 60
-32.755 22.186 0.030 73 71 59
-32.639 22.188 0.019 70 76 64
-32.697 22.187 0.085 84 81 62
-32.705 22.186 0.072 88 85 68
-32.724 22.186 0.025 84 85 69
-32.734 22.187 0.067 90 87 72
-32.771 22.186 0.017 69 67 54
-32.687 22.187 0.044 75 76 60
-32.658 22.187 0.090 95 93 72
-32.679 22.187 0.025 71 75 60
-32.689 22.187 0.017 73 77 62
-32.708 22.186 0.077 87 84 67
-32.632 22.188 0.055 61 62 44
-32.656 22.187 0.158 108 103 83
-32.672 22.187 0.120 89 84 65
-32.704 22.186 0.086 85 82 63
-32.693 22.187 0.069 88 85 68
-32.709 22.186 0.107 85 82 65
-32.739 22.187 0.031 78 76 63
-32.628 22.188 0.105 132 130 109
-32.716 22.186 0.068 91 85 69
-32.781 22.186 0.030 75 72 63
-32.667 22.187 0.127 94 91 74
-32.652 22.187 0.096 102 100 79
-32.760 22.186 0.052 92 91 73
-32.671 22.187 0.029 69 73 58
-32.785 22.186 0.011 69 67 55
-32.766 22.186 0.018 70 68 55
-32.651 22.187 0.114 113 108 88
-32.679 22.187 0.041 72 75 58
-32.749 22.187 0.050 86 85 67
-32.681 22.187 0.024 71 73 59
-32.679 22.187 0.138 84 81 64
-32.646 22.188 0.072 94 93 73
-32.692 22.187 0.080 88 87 67
-32.683 22.187 0.068 84 83 63
-32.769 22.186 0.033 66 64 51
-32.649 22.187 0.157 114 109 89
-32.678 22.187 0.127 83 80 63
-32.710 22.186 0.104 86 83 66
-32.670 22.187 0.138 80 77 60
-32.748 22.187 0.024 76 77 63
-32.692 22.187 0.109 87 82 63
-32.655 22.187 0.097 99 97 76
-32.729 22.187 0.042 78 76 61
-32.663 22.187 0.039 73 76 59
-32.640 22.187 0.173 133 128 106
-32.690 22.187 0.092 83 80 61
-32.667 22.187 0.037 71 74 57
-32.713 22.186 0.056 86 83 66
-32.636 22.188 0.136 130 128 107
-32.778 22.186 0.026 68 66 54
-32.687 22.187 0.101 86 83 64
-32.719 22.186 0.036 81 82 66
-32.665 22.187 0.085 85 82 63
-32.661 22.187 0.030 70 74 59
-32.643 22.188 0.021 67 73 61
-32.687 22.187 0.115 86 81 62
-32.733 22.187 0.063 92 86 70
-32.641 22.188 0.081 108 107 86
-32.630 22.188 0.055 63 64 48
-32.767 22.186 0.012 70 71 57
-32.697 22.186 0.109 86 83 64
-32.770 22.186 0.013 68 69 55
-32.723 22.186 0.075 90 84 68
-32.732 22.187 0.058 88 85 68
-32.666 22.187 0.079 85 84 64
-32.671 22.187 0.138 80 77 60
-32.652 22.187 0.104 105 103 82
-32.694 22.187 0.069 88 85 68
-32.630 22.188 0.049 61 62 46
-32.670 22.187 0.031 71 73 59
-32.656 22.187 0.080 90 89 68
-32.668 22.187 0.090 86 83 64
-32.680 22.187 0.129 81 78 61
-32.664 22.187 0.074 87 86 66
-32.685 22.187 0.110 88 83 64
-32.648 22.187 0.163 120 115 95
-32.690 22.187 0.017 73 77 62
-32.750 22.187 0.032 76 74 61
-32.665 22.187 0.048 67 68 52
-32.735 22.187 0.018 79 81 67
-32.634 22.188 0.155 131 126 106
-32.665 22.187 0.029 69 73 58
-32.731 22.187 0.022 83 86 67
-32.648 22.187 0.128 118 115 96
-32.665 22.187 0.070 85 84 64
-32.636 22.192 1.939 98 97 77
-32.629 22.191 1.943 94 93 75
-32.643 22.193 1.918 98 97 79
-32.637 22.192 1.942 102 99 80
-32.632 22.192 1.929 97 96 78
-32.650 22.193 1.919 105 104 84
-32.651 22.193 1.940 102 99 80
-32.665 22.195 1.927 103 98 78
-32.631 22.191 1.940 98 97 79
-32.659 22.194 1.931 109 104 84
-32.692 22.178 2.096 100 98 85
-32.672 22.178 2.092 107 105 92
-32.638 22.178 2.078 160 158 143
-32.635 22.178 2.069 161 159 144
-32.673 22.178 2.072 95 93 80
-32.639 22.178 2.059 153 151 136
-32.712 22.177 2.095 126 127 113
-32.691 22.178 2.093 103 101 88
-32.678 22.178 2.091 89 87 74
-32.672 22.178 2.097 126 124 111
-32.635 22.178 2.104 165 166 148
-32.698 22.177 2.087 123 121 108
-32.690 22.178 2.095 103 101 88
-32.631 22.178 2.048 164 162 147
-32.637 22.178 2.070 161 159 144
-32.649 22.178 2.088 151 149 134
-32.653 22.178 2.079 134 132 119
-32.672 22.178 2.097 126 124 111
-32.649 22.178 2.082 149 147 132
-32.636 22.178 2.101 165 166 148
-32.629 22.178 2.045 162 160 145
-32.673 22.178 2.086 97 95 82
-32.692 22.178 2.078 115 113 100
-32.709 22.192 2.132 90 88 76
-32.629 22.195 2.146 54 47 37
-32.754 22.194 2.133 85 88 77
-32.656 22.200 2.155 78 78 70
-32.705 22.180 2.105 125 126 112
-32.702 22.183 2.114 125 127 113
-32.636 22.202 2.160 89 86 77
-32.759 22.193 2.130 90 93 82
-32.663 22.203 2.162 81 81 69
-32.730 22.197 2.142 44 41 34
-32.693 22.199 2.150 56 52 49
-32.670 22.200 2.153 63 62 57
-32.690 22.197 2.145 43 38 32
-32.632 22.201 2.159 88 85 76
-32.700 22.195 2.141 57 52 46
-32.747 22.185 2.113 123 126 115
-32.751 22.198 2.142 48 49 44
-32.724 22.201 2.154 48 47 42
-32.716 22.196 2.141 43 40 33
-32.745 22.200 2.147 44 43 38
-32.727 22.192 2.133 91 91 81
-32.654 22.186 2.122 100 101 83
-32.711 22.186 2.118 121 123 110
-32.676 22.190 2.131 106 104 89
-32.695 22.202 2.158 68 67 62
-32.694 22.199 2.150 56 52 49
-32.724 22.182 2.109 125 127 114
-32.756 22.203 2.153 53 56 49
-32.683 22.188 2.126 109 107 94
-32.702 22.184 2.115 125 127 113
-32.628 22.183 2.118 148 147 126
-32.717 22.189 2.126 105 105 93
-32.661 22.182 2.113 110 111 95
-32.663 22.196 2.145 41 37 26
-32.691 22.187 2.122 111 112 98
-32.694 22.205 2.164 84 84 72
-32.769 22.199 2.143 36 37 32
-32.793 22.207 2.160 57 60 49
-32.680 22.195 2.142 55 51 40
-32.772 22.199 2.143 35 36 31
-32.634 22.196 2.147 58 51 43
-32.644 22.193 2.140 72 64 53
-32.785 22.202 2.149 45 48 41
-32.632 22.187 2.127 99 94 74
-32.689 22.204 2.163 81 81 71
-32.737 22.206 2.161 61 62 54
-32.723 22.187 2.122 112 114 101
-32.717 22.191 2.130 99 99 87
-32.719 22.188 2.124 109 111 98
-32.634 22.199 2.154 79 76 69
-32.800 22.206 2.157 61 64 53
-32.714 22.199 2.149 48 47 42
-32.763 22.202 2.150 44 47 40
-32.749 22.199 2.145 44 46 41
-32.753 22.205 2.159 59 62 53
-32.666 22.190 2.132 100 99 81
-32.704 22.180 2.106 124 125 111
-32.653 22.197 2.148 46 43 34
-32.763 22.208 2.165 76 79 68
-32.630 22.196 2.148 59 52 44
-32.628 22.184 2.119 148 147 126
-32.632 22.189 2.132 88 81 62
-32.769 22.196 2.137 54 55 50
-32.759 22.197 2.139 58 59 54
-32.742 22.205 2.159 62 63 55
-32.733 22.194 2.134 78 78 68
-32.757 22.206 2.160 60 63 54
-32.737 22.198 2.144 38 35 30
-32.725 22.180 2.105 118 120 107
-32.632 22.200 2.157 86 83 76
-32.637 22.202 2.160 89 86 77
-32.752 22.193 2.130 91 94 83
-32.684 22.200 2.154 61 60 56
-32.692 22.186 2.119 113 114 100
-32.689 22.188 2.125 109 107 94
-32.690 22.199 2.151 57 53 50
-32.688 22.203 2.161 80 80 70
-32.704 22.190 2.129 99 97 85
-32.680 22.201 2.156 68 67 62
-32.638 22.203 2.163 88 88 76
-32.766 22.205 2.158 59 62 53
-32.744 22.189 2.123 105 107 96
-32.637 22.202 2.161 89 86 77
-32.747 22.197 2.140 52 49 42
-32.629 22.194 2.143 58 52 40
-32.767 22.202 2.150 43 46 39
-32.777 22.206 2.160 54 57 48
-32.757 22.192 2.129 91 94 83
-32.665 22.191 2.133 100 99 81
-32.692 22.187 2.123 111 112 98
-32.674 22.181 2.110 99 100 86
-32.787 22.204 2.155 56 59 50
-32.640 22.188 2.127 98 96 75
-32.650 22.185 2.120 104 103 82
-32.750 22.189 2.121 107 109 98
-32.658 22.193 2.138 69 66 51
-32.791 22.201 2.147 34 36 31
-32.753 22.202 2.150 48 51 44
-32.729 22.200 2.149 47 46 41
-32.776 22.204 2.156 54 57 48
-32.758 22.205 2.158 60 63 54
-32.681 22.182 2.113 111 112 98
-32.724 22.206 2.164 79 81 70
-32.715 22.189 2.126 104 104 92
-32.695 22.201 2.154 57 56 52
-32.758 22.199 2.144 42 43 38
-32.653 22.182 2.115 109 110 94
-32.649 22.203 2.162 91 91 81
-32.728 22.200 2.149 47 46 41
-32.760 22.205 2.157 58 61 52
-32.680 22.198 2.149 47 44 37
-32.737 22.197 2.141 49 46 39
-32.713 22.185 2.116 120 122 109
-32.652 22.198 2.151 57 52 46
-32.692 22.214 0.288 78 65 48
-32.676 22.206 0.231 75 66 49
-32.695 22.216 0.292 79 68 46
-32.712 22.227 0.285 83 67 51
-32.673 22.201 0.335 86 78 65
-32.671 22.202 0.261 77 69 56
-32.647 22.189 0.189 115 110 90
-32.668 22.198 0.335 91 83 70
-32.664 22.198 0.236 85 82 63
-32.703 22.221 0.287 80 67 50
-32.676 22.204 0.277 78 69 52
-32.650 22.190 0.212 92 89 70
-32.689 22.212 0.304 74 66 45
-32.665 22.199 0.242 87 84 67
-32.676 22.204 0.285 76 69 51
-32.665 22.198 0.276 89 82 66
-32.662 22.197 0.241 83 82 64
-32.695 22.217 0.286 78 65 48
-32.685 22.210 0.300 72 65 47
-32.654 22.194 0.194 91 88 69
-32.684 22.210 0.272 79 70 53
-32.685 22.211 0.272 79 70 53
-32.664 22.196 0.309 85 79 63
-32.686 22.211 0.293 75 68 50
-32.669 22.201 0.248 82 76 60
-32.669 22.202 0.224 83 74 57
-32.661 22.196 0.249 84 83 65
-32.694 22.216 0.288 78 65 48
-32.666 22.198 0.292 88 82 66
-32.672 22.200 0.340 83 75 62
-32.664 22.200 0.211 88 85 68
-32.708 22.225 0.288 78 65 46
-32.693 22.216 0.262 78 67 49
-32.701 22.219 0.301 75 64 42
-32.708 22.225 0.278 85 69 54
-32.718 22.231 0.295 80 68 44
-32.693 22.215 0.300 79 68 46
-32.691 22.215 0.265 81 66 47
-32.700 22.219 0.308 72 64 45
-32.680 22.207 0.277 77 68 51
-32.678 22.205 0.311 77 70 52
-32.684 22.209 0.296 74 67 49
-32.665 22.198 0.273 88 81 65
-32.676 22.205 0.273 77 68 51
-32.708 22.225 0.289 78 65 46
-32.670 22.203 0.221 84 75 58
-32.689 22.212 0.295 78 67 45
-32.688 22.212 0.285 78 65 49
-32.649 22.190 0.193 90 88 67
-32.686 22.212 0.243 79 70 55
-32.670 22.203 0.220 84 75 58
-32.690 22.214 0.263 80 69 51
-32.695 22.215 0.318 72 60 44
-32.668 22.201 0.227 86 79 61
-32.662 22.195 0.296 86 80 64
-32.672 22.202 0.287 79 72 54
-32.674 22.202 0.310 77 72 53
-32.666 22.200 0.232 85 80 61
-32.673 22.202 0.314 79 72 54
-32.691 22.214 0.273 83 67 51
-32.660 22.196 0.237 83 80 61
-32.668 22.199 0.276 86 79 61
-32.672 22.195 1.702 104 98 84
-32.677 22.197 1.727 94 89 69
-32.660 22.195 1.725 105 104 86
-32.690 22.192 1.598 115 115 103
-32.655 22.187 1.600 99 103 88
-32.672 22.193 1.672 102 99 84
-32.677 22.194 1.675 103 97 81
-32.700 22.193 1.592 133 134 116
-32.674 22.200 1.794 94 86 67
-32.678 22.194 1.665 101 98 83
-32.662 22.190 1.631 104 101 92
-32.664 22.197 1.766 112 101 81
-32.704 22.193 1.591 135 136 118
-32.667 22.195 1.714 110 105 86
-32.680 22.198 1.741 96 88 69
-32.673 22.191 1.631 107 100 92
-32.701 22.197 1.668 102 86 61
-32.686 22.198 1.736 96 85 65
-32.686 22.194 1.662 103 94 77
-32.660 22.195 1.733 105 106 88
-32.697 22.192 1.593 129 132 115
-32.665 22.195 1.731 100 99 79
-32.668 22.189 1.602 102 105 94
-32.663 22.188 1.600 99 103 89
-32.660 22.193 1.691 107 104 89
-32.682 22.195 1.686 104 92 76
-32.692 22.196 1.669 100 87 70
-32.685 22.192 1.618 100 96 85
-32.701 22.194 1.616 99 87 71
-32.660 22.196 1.750 101 100 82
-32.692 22.192 1.594 123 125 112
-32.702 22.193 1.604 115 112 93
-32.682 22.196 1.705 102 93 76
-32.679 22.191 1.617 101 98 89
-32.670 22.192 1.653 105 109 95
-32.661 22.197 1.761 107 102 83
-32.671 22.195 1.702 104 98 84
-32.686 22.197 1.703 102 89 70
-32.672 22.193 1.656 104 106 93
-32.665 22.189 1.606 101 104 93
-32.684 22.191 1.608 98 99 85
-32.656 22.191 1.658 95 103 90
-32.663 22.199 1.807 108 96 74
-32.655 22.191 1.674 105 104 86
-32.661 22.190 1.628 103 100 93
-32.666 22.192 1.653 107 111 97
-32.694 22.197 1.697 100 85 64
-32.664 22.199 1.798 100 95 76
-32.664 22.189 1.608 103 106 95
-32.702 22.194 1.612 97 88 73
-32.659 22.195 1.729 102 101 83
-32.664 22.193 1.681 103 97 81
-32.698 22.194 1.626 103 86 66
-32.661 22.188 1.596 99 103 89
-32.675 22.190 1.600 102 105 96
-32.669 22.193 1.671 101 99 86
-32.668 22.191 1.641 104 102 87
-32.681 22.193 1.649 99 96 81
-32.676 22.197 1.740 95 88 69
-32.671 22.190 1.616 103 103 93
-32.703 22.194 1.611 97 88 71
-32.663 22.197 1.774 105 94 74
-32.660 22.189 1.624 101 101 91
-32.693 22.196 1.681 100 87 68
-32.696 22.196 1.671 99 86 69
-32.668 22.191 1.645 100 101 85
-32.710 22.196 1.634 101 86 57
-32.652 22.187 1.603 99 103 88
-32.675 22.193 1.651 101 101 89
-32.699 22.195 1.647 100 89 67
-32.685 22.192 1.615 98 96 84
-32.666 22.196 1.748 100 97 78
-32.681 22.191 1.599 105 108 97
-32.673 22.198 1.767 106 94 72
-32.658 22.194 1.721 106 105 87
-32.684 22.192 1.614 98 96 84
-32.673 22.190 1.600 102 105 96
-32.668 22.195 1.724 101 98 79
-32.709 22.194 1.603 130 124 102
-32.697 22.196 1.662 101 88 69
-32.670 22.197 1.742 104 99 80
-32.675 22.191 1.628 106 101 95
-32.662 22.191 1.660 99 105 93
-32.675 22.190 1.608 100 103 92
-32.677 22.192 1.639 110 104 88
-32.673 22.191 1.627 106 101 95
-32.701 22.197 1.676 100 83 63
-32.672 22.199 1.794 94 86 67
-32.655 22.188 1.603 102 106 91
-32.678 22.198 1.759 98 87 67
-32.676 22.192 1.631 107 100 90
-32.709 22.198 1.672 100 82 58
-32.689 22.205 1.816 96 81 58
-32.706 22.206 1.777 103 81 60
-32.714 22.198 1.655 101 83 59
-32.707 22.197 1.663 102 85 59
-32.673 22.202 1.823 95 84 62
-32.707 22.207 1.779 103 81 60
-32.707 22.199 1.689 96 80 57
-32.705 22.207 1.792 102 81 54
-32.718 22.207 1.752 103 82 55
-32.721 22.200 1.660 107 84 53
-32.687 22.200 1.755 100 87 68
-32.717 22.202 1.691 101 81 54
-32.684 22.200 1.771 99 82 62
-32.681 22.204 1.824 97 83 57
-32.704 22.207 1.789 101 81 56
-32.687 22.202 1.782 99 83 67
-32.708 22.207 1.782 99 79 55
-32.701 22.204 1.769 112 85 66
-32.694 22.207 1.822 96 80 55
-32.720 22.203 1.699 104 83 54
-32.717 22.205 1.728 101 84 56
-32.699 22.198 1.698 95 83 61
-32.697 22.206 1.798 102 81 54
-32.713 22.210 1.796 103 79 51
-32.704 22.209 1.816 100 81 51
-32.701 22.203 1.757 99 79 52
-32.705 22.208 1.807 101 82 52
-32.693 22.204 1.792 102 82 58
-32.701 22.208 1.811 98 81 51
-32.714 22.201 1.688 99 79 54
-32.695 22.202 1.755 95 82 63
-32.721 22.200 1.649 102 85 55
-32.713 22.197 1.639 99 85 56
-32.683 22.202 1.794 97 82 59
-32.723 22.198 1.627 109 88 57
-32.717 22.199 1.659 105 84 55
-32.709 22.202 1.714 101 85 60
-32.711 22.200 1.679 99 81 57
-32.708 22.210 1.811 101 82 52
-32.694 22.201 1.752 99 84 63
-32.709 22.203 1.723 103 87 62
-32.685 22.200 1.756 99 86 67
-32.695 22.202 1.753 95 82 63
-32.720 22.201 1.676 105 81 55
-32.719 22.207 1.745 102 81 54
-32.717 22.199 1.657 105 84 55
-32.678 22.203 1.822 95 83 59
-32.710 22.206 1.765 106 80 55
-32.685 22.204 1.808 95 79 54
-32.709 22.206 1.760 101 80 53
-32.692 22.206 1.809 97 79 55
-32.722 22.206 1.721 104 83 52
-32.718 22.196 1.619 102 85 59
-32.715 22.209 1.786 100 80 53
-32.693 22.198 1.715 95 84 62
-32.719 22.211 1.794 102 79 48
-32.706 22.198 1.680 99 82 62
-32.699 22.200 1.724 98 86 62
-32.717 22.207 1.751 103 82 55
-32.716 22.205 1.728 101 84 56
-32.721 22.199 1.641 101 86 53
-32.708 22.205 1.754 101 82 52
-32.701 22.204 1.761 101 80 53
-32.693 22.202 1.765 99 81 59
-32.719 22.206 1.730 102 83 53
-32.715 22.194 1.953 71 63 40
-32.636 22.190 1.951 99 94 74
-32.670 22.194 1.940 99 94 74
-32.660 22.191 1.955 110 105 85
-32.640 22.191 1.946 106 101 81
-32.704 22.195 1.949 76 68 45
-32.689 22.195 1.941 78 72 50
-32.685 22.192 1.954 83 77 55
-32.653 22.191 1.953 109 104 84
-32.669 22.195 1.938 101 96 76
-32.655 22.191 1.953 111 106 86
-32.652 22.192 1.948 111 106 86
-32.630 22.190 1.950 100 95 75
-32.657 22.192 1.946 110 105 85
-32.658 22.181 2.028 105 106 90
-32.670 22.185 2.006 109 107 94
-32.690 22.189 1.982 101 97 88
-32.720 22.194 1.959 69 58 38
-32.678 22.180 2.046 108 106 93
-32.698 22.179 2.069 131 129 116
-32.674 22.180 2.051 103 101 88
-32.677 22.179 2.059 107 105 92
-32.694 22.188 1.994 109 105 94
-32.707 22.193 1.959 70 62 41
-32.712 22.189 1.999 68 64 55
-32.678 22.189 1.979 111 107 96
-32.714 22.194 1.954 71 63 40
-32.679 22.188 1.985 120 117 108
-32.704 22.193 1.957 71 63 42
-32.722 22.190 1.989 33 30 23
-32.672 22.182 2.032 98 99 83
-32.637 22.178 2.045 158 156 141
-32.721 22.184 2.044 86 88 77
-32.676 22.187 1.989 122 119 110
-32.705 22.181 2.052 128 130 117
-32.658 22.187 1.985 105 103 91
-32.675 22.182 2.033 100 101 85
-32.721 22.193 1.964 68 57 39
-32.636 22.188 1.962 102 101 83
-32.674 22.180 2.050 109 107 94
-32.660 22.182 2.023 97 95 80
-32.643 22.179 2.037 136 137 121
-32.631 22.188 1.965 104 103 85
-32.700 22.179 2.069 131 129 116
-32.714 22.194 1.957 71 63 40
-32.661 22.189 1.968 110 107 90
-32.680 22.182 2.036 110 111 95
-32.698 22.185 2.024 112 110 97
-32.649 22.186 1.985 93 89 78
-32.673 22.182 2.031 101 102 86
-32.664 22.185 2.005 107 105 92
-32.632 22.187 1.972 101 99 84
-32.688 22.190 1.979 97 93 82
-32.664 22.180 2.043 112 110 97
-32.633 22.185 1.988 118 114 103
-32.690 22.183 2.035 122 123 109
-32.725 22.187 2.021 59 57 45
-32.635 22.180 2.026 146 145 127
-32.651 22.180 2.034 122 123 107
-32.678 22.180 2.050 110 108 95
-32.711 22.191 1.980 56 49 39
-32.671 22.179 2.053 104 102 89
-32.641 22.183 2.010 121 119 104
-32.711 22.191 1.976 63 57 45
-32.695 22.179 2.063 128 126 113
-32.643 22.182 2.017 124 123 105
-32.675 22.186 2.003 116 114 101
-32.716 22.183 2.049 108 110 97
-32.666 22.189 1.971 113 110 95
-32.630 22.187 1.970 106 104 89
-32.722 22.183 2.045 94 96 85
-32.691 22.191 1.969 91 85 69
-32.715 22.184 2.041 106 106 94
-32.696 22.181 2.048 131 129 116
-32.719 22.183 2.044 94 96 85
-32.698 22.189 1.989 93 88 82
-32.640 22.182 2.015 129 128 110
-32.711 22.189 1.991 49 46 41
-32.698 22.189 1.990 93 88 82
-32.694 22.192 1.959 77 70 51
-32.719 22.194 1.957 72 61 39
-32.712 22.183 2.047 115 117 104
-32.727 22.181 2.070 115 113 101
-32.678 22.189 1.976 109 105 93
-32.660 22.189 1.972 108 105 90
-32.659 22.180 2.042 111 109 96
-32.643 22.181 2.026 129 128 110
-32.686 22.178 2.073 107 105 92
-32.701 22.180 2.058 136 136 124
-32.685 22.180 2.052 112 110 97
-32.685 22.192 1.961 95 90 70
-32.726 22.180 2.079 129 127 115
-32.648 22.188 1.969 100 99 81
-32.719 22.187 2.014 63 61 49
-32.656 22.187 1.985 100 100 88
-32.726 22.187 2.017 54 52 40
-32.680 22.180 2.050 111 109 96
-32.705 22.190 1.987 69 66 59
-32.694 22.193 1.956 74 68 46
-32.711 22.187 2.008 77 75 63
-32.635 22.183 2.007 133 131 116
-32.714 22.187 2.009 74 72 60
-32.700 22.183 2.037 119 120 106
-32.721 22.178 2.090 140 141 127
-32.677 22.181 2.044 106 104 91
-32.704 22.183 2.037 116 116 104
-32.689 22.183 2.035 118 119 105
-32.701 22.184 2.029 112 113 99
-32.655 22.183 2.015 101 99 84
-32.638 22.185 1.992 106 102 93
-32.701 22.181 2.057 136 136 124
-32.670 22.181 2.039 101 102 86
-32.660 22.188 1.973 106 104 89
-32.636 22.189 1.958 104 101 82
-32.663 22.190 1.963 111 108 89
-32.672 22.187 1.991 113 110 101
-32.709 22.180 2.069 149 147 134
-32.633 22.178 2.042 159 157 142
-32.681 22.186 2.000 115 111 100
-32.866 22.206 2.160 52 59 43
-33.043 22.201 2.154 48 49 41
-32.811 22.190 2.124 104 107 96
-32.872 22.180 2.107 75 78 67
-32.772 22.180 2.102 46 48 35
-33.055 22.189 2.130 85 88 81
-32.998 22.186 2.123 97 103 93
-32.920 22.187 2.122 103 109 97
-32.926 22.188 2.124 99 105 93
-32.847 22.195 2.136 61 63 50
-32.800 22.199 2.142 38 39 33
-32.942 22.185 2.118 113 116 107
-32.883 22.190 2.128 97 100 89
-32.960 22.187 2.123 103 109 97
-32.960 22.183 2.115 123 126 117
-32.779 22.188 2.119 112 114 103
-32.774 22.186 2.115 126 128 115
-32.757 22.183 2.110 105 107 94
-33.037 22.198 2.149 41 41 33
-32.828 22.198 2.141 46 48 37
-32.960 22.199 2.147 43 44 36
-32.927 22.194 2.137 61 60 56
-32.999 22.200 2.151 52 52 44
-32.909 22.188 2.124 97 103 91
-32.969 22.190 2.130 79 85 73
-32.880 22.189 2.125 103 106 95
-32.902 22.180 2.108 74 80 70
-32.835 22.204 2.154 58 61 52
-32.821 22.200 2.146 42 45 38
-32.927 22.193 2.134 71 74 63
-32.992 22.201 2.154 53 53 45
-33.048 22.187 2.127 91 94 87
-32.963 22.181 2.112 119 122 113
-32.748 22.184 2.110 119 122 111
-32.874 22.198 2.143 38 40 29
-33.083 22.193 2.140 58 58 50
-32.806 22.201 2.147 41 43 38
-33.048 22.193 2.139 56 56 48
-32.864 22.180 2.107 79 82 71
-32.923 22.198 2.144 43 44 38
-32.922 22.181 2.109 105 111 101
-32.885 22.207 2.162 56 63 45
-32.875 22.206 2.159 56 62 48
-32.900 22.193 2.133 75 78 67
-32.893 22.199 2.146 37 39 28
-33.014 22.197 2.145 38 37 32
-32.892 22.180 2.107 79 82 71
-33.038 22.181 2.114 103 106 99
-33.131 22.181 2.117 89 92 83
-33.059 22.196 2.144 38 39 31
-32.852 22.190 2.126 101 104 93
-32.806 22.194 2.133 77 80 69
-32.908 22.203 2.154 53 60 44
-32.913 22.187 2.121 104 110 98
-32.972 22.203 2.158 53 57 43
-32.988 22.202 2.154 51 54 43
-32.883 22.202 2.152 52 58 46
-32.921 22.205 2.159 53 60 42
-32.972 22.181 2.111 92 95 86
-32.923 22.199 2.146 46 47 39
-32.977 22.201 2.152 47 48 40
-32.830 22.193 2.131 88 91 80
-33.066 22.193 2.140 55 55 47
-32.823 22.199 2.143 40 41 33
-32.875 22.205 2.158 58 64 50
-32.900 22.206 2.160 54 61 43
-32.991 22.197 2.146 39 38 33
-32.765 22.183 2.109 96 98 85
-32.990 22.192 2.134 74 80 70
-33.076 22.186 2.125 91 94 87
-33.098 22.189 2.133 76 79 70
-32.997 22.201 2.153 54 54 46
-32.818 22.193 2.130 83 86 75
-33.023 22.197 2.145 39 38 33
-33.000 22.207 2.166 68 72 57
-32.976 22.202 2.155 51 54 43
-32.866 22.182 2.111 110 113 102
-32.984 22.185 2.121 105 111 99
-33.001 22.195 2.141 54 57 50
-32.974 22.187 2.125 95 101 89
-32.816 22.197 2.140 44 45 37
-32.987 22.183 2.117 117 120 111
-32.938 22.194 2.138 62 61 57
-32.914 22.194 2.136 63 62 57
-32.938 22.208 2.165 87 92 72
-32.797 22.194 2.133 76 79 68
-33.000 22.207 2.165 68 72 57
-32.891 22.184 2.114 124 127 116
-33.108 22.188 2.131 74 77 68
-32.955 22.191 2.131 83 89 77
-32.962 22.183 2.115 123 126 117
-33.054 22.184 2.120 102 105 98
-32.801 22.179 2.102 35 38 27
-32.842 22.209 2.164 66 70 55
-32.794 22.195 2.135 71 74 63
-32.817 22.192 2.128 95 98 87
-33.013 22.184 2.119 117 120 111
-33.023 22.204 2.160 52 54 43
-32.763 22.188 2.119 110 112 101
-33.028 22.201 2.155 53 53 45
-33.051 22.195 2.144 38 39 31
-32.907 22.201 2.150 41 45 31
-33.104 22.186 2.126 82 85 76
-32.906 22.208 2.165 91 95 78
-32.884 22.199 2.146 38 41 30
-32.987 22.185 2.121 104 110 98
-32.851 22.204 2.155 48 54 44
-32.890 22.184 2.116 122 125 114
-32.982 22.206 2.163 58 60 46
-32.834 22.181 2.108 89 92 81
-32.868 22.200 2.148 43 46 37
-33.032 22.182 2.116 114 117 108
-32.941 22.180 2.109 96 102 92
-32.925 22.205 2.158 53 60 44
-33.029 22.183 2.118 113 116 107
-32.995 22.191 2.134 74 80 70
-32.770 22.179 2.101 46 48 35
-32.906 22.194 2.136 65 65 57
-32.809 22.191 2.126 99 102 91
-33.041 22.201 2.155 48 49 41
-32.825 22.181 2.107 90 93 82
-33.034 22.190 2.131 82 88 78
-32.950 22.191 2.131 84 90 78
-32.748 22.182 2.106 94 98 84
-32.886 22.194 2.136 58 60 46
-32.986 22.182 2.115 117 120 111
-32.750 22.182 2.106 93 95 82
-33.084 22.190 2.134 70 70 62
-32.901 22.204 2.156 54 61 45
-32.914 22.206 2.160 55 62 44
-33.055 22.198 2.150 42 43 35
-32.973 22.198 2.147 42 43 35
-32.853 22.187 2.120 117 120 109
-32.794 22.179 2.101 36 38 25
-33.063 22.183 2.120 98 101 94
-32.963 22.181 2.111 119 122 113
-32.936 22.196 2.141 46 45 41
-32.932 22.207 2.163 65 70 50
-32.880 22.182 2.110 107 110 99
-33.011 22.205 2.163 51 55 41
-32.858 22.184 2.115 125 128 117
-32.842 22.185 2.116 127 130 119
-32.914 22.206 2.161 54 61 43
-32.872 22.203 2.152 46 52 42
-32.899 22.191 2.129 91 97 85
-32.932 22.206 2.162 53 60 42
-32.925 22.182 2.112 120 126 116
-32.915 22.196 2.140 49 48 43
-32.947 22.204 2.158 55 59 44
-32.962 22.186 2.122 103 109 97
-32.862 22.204 2.156 50 56 46
-33.058 22.193 2.139 55 55 47
-33.020 22.201 2.153 53 53 45
-32.983 22.186 2.121 105 111 99
-32.979 22.197 2.144 42 43 37
-32.835 22.198 2.142 41 42 34
-32.856 22.189 2.124 103 106 95
-33.093 22.188 2.130 82 85 76
-32.739 22.181 2.104 102 104 91
-32.923 22.180 2.109 104 110 100
-33.087 22.190 2.133 73 76 67
-32.813 22.200 2.146 42 45 38
-32.946 22.184 2.118 113 116 107
-33.046 22.196 2.145 39 40 32
-33.059 22.198 2.149 40 41 33
-32.928 22.202 2.153 51 55 41
-32.956 22.192 2.134 73 79 67
-32.998 22.203 2.158 54 56 45
-33.056 22.185 2.122 101 104 97
-32.861 22.184 2.114 127 130 119
-33.029 22.183 2.119 113 116 107
-32.790 22.199 2.142 41 42 37
-32.949 22.183 2.116 121 124 115
-32.897 22.182 2.112 122 128 118
-33.008 22.186 2.123 104 110 100
-32.810 22.192 2.130 92 95 84
-33.070 22.185 2.124 92 95 88
-32.893 22.205 2.159 55 61 47
-32.958 22.187 2.124 97 103 91
-33.002 22.198 2.148 45 45 37
-32.784 22.187 2.118 119 121 110
-32.921 22.203 2.154 51 58 42
-32.839 22.195 2.136 60 62 49
-32.908 22.196 2.141 50 50 42
-32.887 22.190 2.127 94 97 86
-33.056 22.187 2.126 89 92 85
-32.943 22.180 2.109 94 97 88
-32.904 22.194 2.136 64 64 56
-32.897 22.205 2.158 57 64 48
-32.821 22.192 2.128 96 99 88
-32.794 22.196 2.136 53 54 49
-33.024 22.188 2.128 89 95 85
-32.906 22.182 2.112 127 133 123
-33.138 22.181 2.117 88 89 83
-32.831 22.181 2.107 90 93 82
-33.072 22.189 2.132 78 81 74
-32.945 22.190 2.129 92 98 86
-32.818 22.205 2.156 57 60 53
-33.032 22.187 2.126 91 97 87
-32.738 22.182 2.105 101 105 91
-32.792 22.192 2.128 90 93 82
-33.074 22.208 2.158 55 57 46
-33.140 22.202 2.143 39 41 30
-33.087 22.214 2.162 101 99 86
-33.089 22.201 2.149 41 42 34
-33.176 22.204 2.140 44 45 37
-33.135 22.201 2.142 38 39 31
-33.171 22.199 2.136 45 46 40
-33.065 22.208 2.159 58 60 49
-33.134 22.195 2.136 55 56 50
-33.124 22.205 2.148 48 50 39
-33.141 22.193 2.133 67 68 62
-33.138 22.186 2.126 80 81 75
-33.171 22.217 2.154 56 57 41
-33.185 22.212 2.147 45 45 33
-33.045 22.208 2.162 63 63 51
-33.096 22.211 2.158 67 68 54
-33.178 22.218 2.154 97 98 82
-33.152 22.192 2.131 64 65 59
-33.107 22.194 2.139 62 63 57
-33.158 22.213 2.152 55 56 40
-33.138 22.203 2.144 38 40 29
-33.129 22.196 2.138 44 45 37
-33.137 22.215 2.157 66 67 51
-33.179 22.216 2.153 64 65 49
-33.099 22.213 2.159 69 70 56
-33.057 22.206 2.158 53 55 44
-33.166 22.206 2.143 44 46 35
-33.097 22.204 2.151 48 50 39
-33.072 22.211 2.161 82 82 70
-33.178 22.215 2.152 64 65 49
-33.168 22.194 2.131 57 58 50
-33.060 22.201 2.152 42 43 35
-33.135 22.209 2.150 47 48 34
-33.119 22.214 2.158 89 90 74
-33.126 22.188 2.129 77 80 71
-33.094 22.199 2.146 41 42 36
-33.168 22.219 2.157 92 93 77
-33.179 22.214 2.150 53 54 40
-33.095 22.197 2.144 41 42 36
-33.189 22.205 2.139 37 37 29
-33.158 22.203 2.141 41 42 34
-33.195 22.215 2.149 48 49 35
-33.189 22.213 2.148 49 50 36
-33.136 22.187 2.127 80 81 75
-33.063 22.207 2.159 56 58 47
-33.119 22.214 2.158 89 90 74
-33.151 22.188 2.126 77 78 72
-33.164 22.212 2.150 47 48 34
-33.120 22.211 2.155 55 56 42
-33.153 22.197 2.135 50 51 45
-33.197 22.217 2.151 77 78 62
-33.097 22.209 2.156 54 54 42
-33.096 22.211 2.158 67 68 54
-33.109 22.205 2.150 49 51 40
-33.187 22.210 2.145 44 44 32
-33.190 22.209 2.143 41 41 31
-33.166 22.204 2.141 42 43 35
-33.124 22.188 2.130 77 80 71
-33.100 22.192 2.137 61 62 56
-33.061 22.210 2.162 73 73 61
-33.120 22.189 2.132 72 75 66
-33.148 22.207 2.147 45 45 33
-33.139 22.190 2.130 80 81 75
-33.048 22.208 2.161 69 69 57
-33.120 22.190 2.133 72 75 66
-33.180 22.209 2.145 41 43 32
-33.073 22.206 2.156 52 54 43
-33.131 22.205 2.147 45 47 36
-33.361 22.105 2.068 28 25 16
-33.370 22.097 2.065 33 30 21
-33.399 22.103 2.066 31 27 18
-33.377 22.102 2.066 30 27 18
-33.394 22.101 2.065 30 26 17
-33.390 22.097 2.065 35 31 22
-33.324 22.107 2.069 28 25 18
-33.407 22.109 2.068 29 26 17
-33.380 22.105 2.067 31 27 18
-33.386 22.111 2.069 31 28 19
-33.248 22.150 2.096 31 30 26
-33.328 22.111 2.071 32 29 24
-33.302 22.127 2.081 35 34 29
-33.323 22.128 2.081 35 34 29
-33.335 22.132 2.083 36 35 30
-33.389 22.115 2.072 33 30 23
-33.357 22.116 2.073 33 30 23
-33.262 22.153 2.098 33 32 28
-33.329 22.116 2.074 32 29 24
-33.405 22.111 2.068 29 26 17
-33.244 22.153 2.098 31 30 26
-33.355 22.125 2.078 32 32 24
-33.260 22.133 2.086 43 38 34
-33.334 22.119 2.075 33 30 25
-33.328 22.133 2.084 36 35 30
-33.228 22.157 2.101 32 31 27
-33.316 22.128 2.081 34 33 28
-33.286 22.126 2.081 35 34 29
-33.360 22.111 2.070 32 29 22
-33.294 22.121 2.078 34 31 26
-33.306 22.135 2.086 38 37 32
-33.271 22.139 2.089 38 37 32
-33.242 22.148 2.096 30 29 24
-33.350 22.123 2.077 33 32 27
-33.227 22.153 2.099 31 30 26
-33.384 22.119 2.074 35 32 25
-33.361 22.125 2.078 31 31 23
-33.345 22.124 2.078 33 32 27
-33.284 22.128 2.083 38 35 30
-33.234 22.152 2.098 31 30 26
-33.343 22.116 2.074 34 31 26
-33.341 22.118 2.074 34 31 26
-33.233 22.156 2.100 32 31 27
-33.329 22.120 2.076 35 32 27
-33.267 22.141 2.090 37 36 31
-33.285 22.146 2.093 31 30 25
-33.325 22.131 2.083 34 33 28
-33.251 22.141 2.091 34 33 28
-33.311 22.118 2.076 34 31 26
-33.297 22.129 2.083 36 35 30
-33.351 22.118 2.074 34 31 24
-33.287 22.125 2.081 34 33 28
-33.368 22.110 2.069 31 28 19
-33.323 22.127 2.081 33 32 27
-33.363 22.124 2.078 32 32 24
-33.395 22.116 2.072 33 30 23
-33.291 22.116 2.075 33 30 25
-33.295 22.124 2.080 34 33 28
-33.359 22.119 2.075 34 31 24
-33.323 22.151 2.093 30 29 25
-33.374 22.128 2.079 32 32 24
-33.289 22.150 2.095 31 30 26
-33.418 22.111 2.068 31 28 19
-33.492 22.127 2.073 28 29 23
-33.455 22.119 2.070 30 30 22
-33.324 22.152 2.094 30 29 25
-33.476 22.114 2.067 31 26 22
-33.378 22.135 2.082 37 37 29
-33.432 22.132 2.078 33 34 26
-33.395 22.120 2.074 34 31 24
-33.474 22.121 2.070 28 28 20
-33.460 22.128 2.075 30 30 22
-33.458 22.118 2.070 30 30 22
-33.283 22.151 2.096 33 32 28
-33.426 22.133 2.079 36 33 26
-33.389 22.143 2.086 37 37 29
-33.271 22.158 2.100 32 31 27
-33.322 22.140 2.088 38 37 32
-33.367 22.135 2.083 38 38 30
-33.292 22.148 2.094 31 30 25
-33.430 22.136 2.080 36 35 30
-33.381 22.123 2.076 34 31 24
-33.419 22.118 2.072 33 30 23
-33.266 22.153 2.098 33 32 28
-33.388 22.129 2.079 34 31 24
-33.349 22.133 2.083 36 35 30
-33.521 22.120 2.067 25 26 20
-33.389 22.139 2.084 38 38 30
-33.426 22.117 2.071 32 29 22
-33.412 22.135 2.081 37 34 27
-33.453 22.118 2.070 30 30 22
-33.229 22.168 2.107 30 31 25
-33.281 22.151 2.096 33 32 28
-33.467 22.112 2.066 30 27 20
-33.504 22.123 2.070 25 26 20
-33.535 22.117 2.065 25 26 20
-33.281 22.151 2.096 33 32 28
-33.382 22.132 2.081 36 33 26
-33.423 22.127 2.076 33 30 23
-33.300 22.145 2.092 33 32 27
-33.417 22.126 2.076 33 30 23
-33.381 22.141 2.086 39 39 31
-33.468 22.121 2.071 28 28 20
-33.498 22.116 2.067 26 25 20
-33.447 22.130 2.076 33 33 25
-33.370 22.140 2.086 39 39 31
-33.309 22.148 2.093 31 30 25
-33.434 22.125 2.074 30 30 22
-33.298 22.147 2.093 31 30 25
-33.533 22.115 2.064 25 24 19
-33.424 22.122 2.073 33 30 23
-33.476 22.118 2.069 29 29 21
-33.423 22.113 2.069 31 28 21
-33.258 22.164 2.104 31 30 26
-33.362 22.132 2.082 35 35 27
-33.386 22.132 2.081 36 33 26
-33.445 22.134 2.078 33 34 26
-33.368 22.133 2.082 35 35 27
-33.227 22.167 2.107 27 26 21
-33.428 22.117 2.070 31 31 21
-33.478 22.119 2.069 29 26 21
-33.535 22.114 2.064 25 24 19
-33.351 22.139 2.086 40 40 32
-33.472 22.112 2.066 29 26 19
-33.355 22.129 2.081 33 32 27
-33.189 22.119 2.092 37 34 29
-33.167 22.109 2.092 36 33 26
-33.196 22.150 2.101 27 26 22
-33.214 22.131 2.092 41 40 35
-33.237 22.133 2.089 43 38 34
-33.196 22.134 2.096 34 33 28
-33.282 22.115 2.076 34 30 27
-33.171 22.133 2.099 36 35 31
-33.229 22.121 2.086 38 35 30
-33.202 22.110 2.086 36 33 28
-33.272 22.122 2.080 35 32 27
-33.282 22.112 2.075 33 30 25
-33.173 22.123 2.096 41 37 34
-33.192 22.131 2.095 37 36 31
-33.171 22.135 2.100 34 33 31
-33.187 22.129 2.096 40 39 35
-33.253 22.117 2.081 35 31 28
-33.236 22.117 2.084 39 36 31
-33.195 22.119 2.091 37 34 29
-33.183 22.167 2.109 31 32 26
-33.171 22.116 2.094 40 37 32
-33.212 22.150 2.099 28 27 23
-33.212 22.119 2.088 34 31 26
-33.208 22.127 2.092 40 39 34
-33.191 22.110 2.088 42 39 34
-33.168 22.135 2.101 34 33 31
-33.236 22.122 2.085 39 36 31
-33.163 22.124 2.098 44 40 37
-33.236 22.137 2.091 39 38 33
-33.216 22.151 2.099 31 30 26
-33.240 22.139 2.091 33 32 27
-33.205 22.121 2.090 38 35 30
-33.201 22.109 2.086 36 33 28
-33.171 22.141 2.102 32 31 29
-33.237 22.112 2.082 34 31 26
-33.210 22.133 2.093 41 40 35
-33.224 22.139 2.093 32 31 29
-33.220 22.122 2.088 38 35 30
-33.263 22.116 2.079 34 30 27
-33.207 22.135 2.095 38 37 32
-33.235 22.109 2.081 34 31 26
-33.194 22.157 2.104 32 31 27
-33.178 22.127 2.096 40 39 35
-33.264 22.116 2.079 34 30 27
-33.194 22.155 2.103 29 28 24
-33.166 22.147 2.105 33 29 28
-33.206 22.113 2.087 31 28 23
-33.250 22.116 2.081 36 32 29
-33.164 22.175 2.115 87 90 81
-33.247 22.112 2.080 34 31 26
-33.181 22.165 2.109 30 31 25
-33.256 22.113 2.079 36 33 28
-33.260 22.127 2.083 38 35 30
-33.190 22.114 2.090 43 40 35
-33.204 22.149 2.100 27 26 22
-33.261 22.200 2.136 39 34 30
-33.304 22.201 2.137 38 37 32
-33.287 22.218 2.153 40 42 31
-33.316 22.204 2.140 39 38 33
-33.273 22.209 2.144 42 41 36
-33.301 22.210 2.146 42 39 32
-33.191 22.185 2.122 78 79 71
-33.267 22.205 2.141 43 40 35
-33.228 22.206 2.141 42 39 32
-33.311 22.203 2.140 40 39 34
-33.312 22.201 2.138 39 38 33
-33.194 22.205 2.139 38 35 30
-33.277 22.207 2.143 39 38 33
-33.309 22.214 2.149 43 40 33
-33.297 22.204 2.140 40 39 34
-33.192 22.184 2.121 78 79 71
-33.212 22.206 2.140 41 38 31
-33.198 22.199 2.134 45 42 37
-33.300 22.189 2.127 39 39 31
-33.263 22.206 2.141 42 39 34
-33.300 22.220 2.154 38 35 26
-33.207 22.211 2.145 38 40 29
-33.197 22.198 2.133 45 42 37
-33.208 22.198 2.134 43 40 35
-33.238 22.223 2.155 127 126 108
-33.335 22.201 2.138 39 38 33
-33.264 22.197 2.134 42 37 33
-33.305 22.193 2.130 36 36 28
-33.243 22.197 2.133 41 36 32
-33.231 22.185 2.123 63 66 55
-33.232 22.210 2.144 40 40 32
-33.239 22.218 2.152 62 64 50
-33.239 22.195 2.131 45 42 37
-33.245 22.204 2.140 40 37 30
-33.253 22.212 2.147 43 45 34
-33.369 22.194 2.133 40 37 32
-33.181 22.188 2.124 73 74 68
-33.264 22.214 2.149 42 44 33
-33.187 22.189 2.125 68 69 63
-33.312 22.217 2.152 42 39 32
-33.195 22.203 2.137 39 36 31
-33.194 22.199 2.134 46 43 38
-33.233 22.222 2.155 137 136 118
-33.255 22.196 2.132 45 42 37
-33.254 22.199 2.135 39 34 30
-33.203 22.214 2.147 43 45 34
-33.219 22.214 2.148 43 45 32
-33.234 22.214 2.148 47 49 36
-33.216 22.210 2.144 34 34 26
-33.218 22.214 2.147 43 45 34
-33.310 22.218 2.152 38 35 26
-33.318 22.206 2.142 41 38 33
-33.294 22.215 2.150 35 32 25
-33.311 22.193 2.130 35 35 27
-33.299 22.209 2.145 42 39 32
-33.244 22.221 2.154 84 87 70
-33.250 22.198 2.134 41 36 32
-33.245 22.206 2.141 43 40 33
-33.211 22.184 2.121 76 77 69
-33.363 22.195 2.133 40 37 32
-33.239 22.194 2.131 45 42 37
-33.334 22.209 2.145 41 38 31
-33.185 22.193 2.129 62 63 55
-33.234 22.209 2.143 41 41 33
-33.178 22.189 2.125 71 72 66
-33.223 22.220 2.153 101 102 86
-33.309 22.218 2.153 38 35 26
-33.195 22.209 2.143 38 38 30
-33.204 22.196 2.131 50 50 42
-33.211 22.209 2.143 37 37 29
-33.321 22.192 2.129 36 36 28
-33.240 22.212 2.146 43 45 34
-33.333 22.194 2.132 36 36 28
-33.304 22.206 2.142 40 39 34
-33.335 22.191 2.129 39 39 31
-33.505 22.140 2.084 34 35 30
-33.279 22.177 2.116 77 78 70
-33.386 22.153 2.095 29 30 24
-33.353 22.188 2.127 39 39 31
-33.394 22.148 2.090 30 31 25
-33.305 22.162 2.102 33 32 28
-33.452 22.163 2.105 31 32 26
-33.433 22.170 2.111 40 41 33
-33.410 22.158 2.100 29 30 24
-33.392 22.170 2.110 35 36 30
-33.411 22.142 2.085 37 37 29
-33.527 22.126 2.072 22 27 20
-33.406 22.170 2.110 35 36 30
-33.381 22.171 2.111 43 42 37
-33.285 22.184 2.122 53 54 46
-33.319 22.185 2.123 50 50 42
-33.443 22.165 2.107 31 32 26
-33.411 22.142 2.085 37 37 29
-33.256 22.181 2.119 80 81 73
-33.344 22.185 2.124 44 45 37
-33.457 22.141 2.085 35 36 30
-33.363 22.168 2.108 37 36 31
-33.258 22.183 2.121 70 72 61
-33.453 22.159 2.101 28 30 25
-33.311 22.160 2.100 31 30 26
-33.418 22.161 2.103 30 31 25
-33.248 22.171 2.110 43 44 38
-33.271 22.164 2.104 30 29 25
-33.235 22.183 2.120 75 76 68
-33.359 22.154 2.095 31 30 26
-33.296 22.183 2.121 64 66 55
-33.387 22.153 2.095 29 30 24
-33.288 22.178 2.117 70 71 63
-33.432 22.146 2.089 32 33 27
-33.228 22.175 2.113 66 67 59
-33.301 22.164 2.104 33 32 28
-33.376 22.188 2.127 38 38 30
-33.314 22.175 2.114 61 62 54
-33.451 22.154 2.097 28 30 25
-33.357 22.189 2.127 39 39 31
-33.369 22.180 2.120 51 51 43
-33.347 22.182 2.121 51 51 43
-33.240 22.183 2.121 73 75 64
-33.224 22.178 2.116 88 89 81
-33.368 22.185 2.124 40 41 33
-33.272 22.176 2.115 80 81 73
-33.341 22.158 2.099 33 32 28
-33.412 22.147 2.089 34 34 26
-33.414 22.153 2.095 28 29 23
-33.340 22.179 2.118 57 57 49
-33.375 22.169 2.110 35 34 29
-33.467 22.152 2.095 28 30 25
-33.406 22.180 2.120 46 46 38
-33.378 22.188 2.127 38 38 30
-33.235 22.183 2.120 75 76 68
-33.413 22.160 2.101 29 30 24
-33.355 22.156 2.097 32 31 27
-33.213 22.174 2.112 78 79 71
-33.247 22.170 2.108 31 32 26
-33.440 22.136 2.080 35 34 29
-33.292 22.178 2.116 70 71 63
-33.388 22.169 2.109 35 36 30
-33.350 22.173 2.113 47 46 41
-33.313 22.160 2.100 31 30 26
-33.324 22.187 2.126 45 45 37
-33.430 22.141 2.084 37 36 31
-33.548 22.122 2.068 26 29 22
-33.451 22.144 2.087 32 33 27
-33.407 22.155 2.097 27 28 22
-33.478 22.153 2.096 28 30 25
-33.461 22.157 2.100 29 31 26
-33.322 22.162 2.102 33 32 28
-33.373 22.169 2.109 36 35 30
-33.340 22.165 2.105 34 33 29
-33.299 22.168 2.107 33 34 28
-33.405 22.174 2.114 50 50 42
-33.465 22.149 2.092 28 29 24
-33.529 22.131 2.077 27 32 25
-33.424 22.157 2.099 30 31 25
-33.262 22.182 2.120 69 71 60
-33.487 22.131 2.076 31 32 26
-33.472 22.152 2.096 29 31 26
-33.205 22.174 2.112 54 55 47
-33.493 22.134 2.079 32 33 27
-33.421 22.143 2.086 37 37 29
-33.371 22.160 2.101 32 31 27
-33.280 22.180 2.118 76 77 69
-33.419 22.141 2.084 37 37 29
-33.277 22.172 2.111 47 48 42
-33.196 22.176 2.113 75 76 68
-33.265 22.166 2.105 30 29 25
-33.576 22.114 2.062 30 29 24
-33.385 22.188 2.127 37 37 29
-33.314 22.162 2.102 33 32 28
-33.302 22.172 2.111 56 57 49
-33.338 22.174 2.113 50 49 44
-33.464 22.147 2.090 30 31 26
-33.464 22.134 2.079 35 34 29
-33.195 22.177 2.114 75 76 68
-33.294 22.182 2.120 65 67 56
-33.353 22.150 2.092 32 31 26
-33.419 22.140 2.083 37 37 29
-33.211 22.175 2.113 77 78 70
-33.368 22.150 2.092 31 30 25
-33.354 22.160 2.101 33 32 28
-33.355 22.185 2.124 42 43 35
-33.465 22.152 2.095 28 30 25
-33.247 22.176 2.114 86 87 79
-33.259 22.168 2.107 34 35 29
-33.449 22.164 2.106 31 32 26
-33.504 22.137 2.082 34 35 29
-33.359 22.180 2.120 53 53 45
-33.536 22.131 2.077 28 33 26
-33.355 22.155 2.096 32 31 27
-33.226 22.173 2.111 45 46 38
-33.345 22.177 2.116 57 57 49
-33.413 22.143 2.086 37 37 29
-33.495 22.142 2.086 34 35 30
-33.233 22.181 2.119 82 83 75
-33.364 22.192 2.130 36 35 30
-33.380 22.167 2.107 30 29 24
-33.442 22.159 2.101 29 31 26
-33.251 22.183 2.120 71 73 62
-33.312 22.161 2.101 33 32 28
-33.374 22.178 2.118 53 53 45
-33.363 22.162 2.103 32 31 27
-33.295 22.185 2.123 53 53 45
-33.482 22.136 2.080 32 33 27
-33.411 22.162 2.104 30 31 25
-33.480 22.145 2.089 33 34 29
-33.210 22.183 2.120 76 77 69
-33.314 22.168 2.108 33 34 28
-33.384 22.163 2.105 30 31 25
-33.440 22.137 2.081 35 34 29
-33.485 22.145 2.089 33 34 29
-33.326 22.186 2.125 45 45 37
-33.401 22.168 2.109 36 37 31
-33.258 22.172 2.111 45 46 40
-33.226 22.172 2.110 42 43 35
-33.477 22.148 2.092 28 29 24
-33.443 22.143 2.086 36 37 31
-33.467 22.137 2.081 35 34 29
-33.277 22.186 2.124 55 56 50
-33.374 22.184 2.123 43 44 36
-33.296 22.170 2.110 43 44 38
-33.348 22.190 2.129 39 39 31
-33.260 22.184 2.121 69 71 60
-33.545 22.126 2.072 23 28 21
-33.405 22.156 2.097 28 29 23
-33.358 22.188 2.127 40 41 33
-33.376 22.172 2.112 44 43 38
-33.404 22.156 2.098 28 29 23
-33.261 22.178 2.116 80 81 73
-33.328 22.183 2.122 48 48 40
-33.583 22.112 1.944 65 58 52
-33.587 22.110 1.908 65 62 45
-33.582 22.112 1.989 54 50 49
-33.582 22.112 1.980 55 54 52
-33.580 22.114 1.980 55 57 46
-33.591 22.108 1.870 63 64 48
-33.578 22.114 2.044 37 39 26
-33.589 22.109 1.865 68 68 58
-33.585 22.111 1.938 64 57 47
-33.578 22.114 2.026 46 48 34
-33.580 22.113 1.986 54 54 44
-33.582 22.112 0.461 75 75 63
-33.583 22.111 0.490 75 73 60
-33.581 22.112 0.457 75 75 63
-33.587 22.111 0.508 80 78 65
-33.582 22.112 0.472 71 69 56
-33.567 22.119 1.043 80 81 73
-33.567 22.119 1.044 79 81 70
-33.564 22.119 1.019 79 80 62
-33.566 22.118 1.055 79 79 69
-33.569 22.118 1.079 80 81 73
-33.581 22.112 0.768 80 79 61
-33.580 22.114 0.784 81 79 64
-33.587 22.103 0.685 64 66 45
-33.578 22.113 0.787 82 80 65
-33.577 22.113 0.792 83 81 66
-33.582 22.104 0.719 67 61 45
-33.577 22.114 0.798 81 79 64
-33.586 22.105 0.702 69 72 55
-33.582 22.109 0.749 76 74 59
-33.587 22.105 0.701 69 72 55
-33.591 22.106 0.684 69 73 56
-33.580 22.113 0.775 82 81 63
-33.586 22.106 0.714 73 75 61
-33.590 22.110 0.711 73 77 62
-33.589 22.110 0.719 77 79 65
-33.587 22.105 0.700 69 72 55
-33.591 22.104 0.674 72 73 55
-33.584 22.107 0.726 70 67 52
-33.569 22.115 1.350 74 76 65
-33.572 22.117 1.395 73 76 65
-33.570 22.117 1.320 74 76 65
-33.572 22.117 1.367 73 75 64
-33.572 22.117 1.405 74 77 66
-33.577 22.115 2.024 47 46 41
-33.585 22.107 0.038 72 62 52
-33.584 22.112 0.146 70 71 53
-33.588 22.110 0.043 73 76 59
-33.584 22.107 0.053 72 59 50
-33.583 22.111 0.146 70 71 53
-33.587 22.110 0.076 68 69 51
-33.571 22.116 1.268 72 75 64
-33.569 22.115 1.295 73 76 65
-33.573 22.111 1.441 67 72 66
-33.574 22.113 1.487 76 80 55
-33.569 22.115 1.361 73 75 61
-33.575 22.110 1.511 81 77 65
-33.570 22.113 1.368 70 73 62
-33.572 22.112 1.416 68 74 64
-33.577 22.115 1.565 72 81 64
-33.572 22.113 1.426 69 74 67
-33.574 22.115 1.476 77 80 59
-33.578 22.114 1.589 74 77 60
-33.574 22.116 1.502 79 87 66
-33.573 22.115 1.460 74 75 61
-33.570 22.113 1.385 73 76 65
-33.577 22.113 1.564 72 81 64
-33.575 22.112 1.509 78 80 66
-33.316 22.085 1.872 101 76 46
-33.337 22.081 1.914 96 73 42
-33.353 22.084 1.849 99 76 45
-33.352 22.085 1.830 98 73 42
-33.339 22.083 1.882 101 76 46
-33.352 22.082 1.876 99 74 44
-33.358 22.082 1.875 100 75 45
-33.345 22.081 1.899 99 76 45
-33.353 22.083 1.863 98 75 44
-33.341 22.077 1.969 90 67 36
-33.363 22.085 1.823 100 77 43
-33.314 22.086 1.864 100 77 46
-33.334 22.078 1.950 93 68 37
-33.331 22.086 1.842 101 78 47
-33.354 22.079 1.914 96 73 42
-33.342 22.086 1.832 98 75 44
-33.318 22.087 1.846 99 76 45
-33.326 22.081 1.917 97 74 43
-33.334 22.084 1.872 100 75 45
-33.359 22.085 1.816 98 79 49
-33.366 22.085 1.815 101 78 46
-33.322 22.085 1.869 101 76 46
-33.340 22.077 1.971 89 66 35
-33.352 22.079 1.919 96 73 42
-33.355 22.080 1.905 100 77 46
-33.337 22.081 1.906 101 78 47
-33.331 22.084 1.867 102 77 47
-33.340 22.076 1.981 90 67 36
-33.327 22.083 1.888 100 75 45
-33.314 22.087 1.846 99 76 45
-33.327 22.084 1.873 100 75 45
-33.336 22.080 1.925 98 75 44
-33.358 22.079 1.920 96 73 42
-33.330 22.082 1.904 99 76 45
-33.344 22.085 1.834 99 76 45
-33.352 22.081 1.885 100 75 45
-33.350 22.085 1.828 98 73 42
-33.355 22.081 1.889 99 74 44
-33.336 22.080 1.923 98 75 44
-33.367 22.082 1.860 94 76 40
-33.343 22.084 1.855 98 75 44
-33.346 22.085 1.832 98 75 44
-33.335 22.082 1.900 100 77 46
-33.353 22.079 1.923 96 73 42
-33.350 22.077 1.957 92 67 36
-33.353 22.084 1.846 100 77 46
-33.340 22.086 1.826 99 74 43
-33.353 22.079 1.913 96 73 42
-33.356 22.082 1.874 100 75 45
-33.333 22.079 1.939 96 73 42
-33.353 22.083 1.859 97 74 43
-33.341 22.077 1.958 92 67 36
-33.334 22.085 1.853 98 75 44
-33.363 22.083 1.843 104 75 41
-33.359 22.081 1.885 100 75 45
-33.357 22.079 1.909 98 75 44
-33.324 22.083 1.889 100 75 45
-33.372 22.085 1.815 95 79 53
-33.327 22.081 1.925 98 75 44
-33.346 22.078 1.945 96 71 40
-33.343 22.084 1.859 98 75 44
-33.335 22.081 1.916 97 74 43
-33.370 22.085 1.812 96 79 51
-33.363 22.082 1.972 83 65 29
-33.369 22.086 2.023 68 52 29
-33.361 22.082 2.001 77 57 30
-33.381 22.092 2.046 53 44 29
-33.367 22.085 2.005 74 57 29
-33.364 22.083 1.980 81 62 29
-33.380 22.090 2.003 80 57 26
-33.364 22.084 2.030 72 52 28
-33.377 22.087 1.901 94 70 34
-33.358 22.079 1.942 96 71 40
-33.380 22.091 2.010 75 54 27
-33.357 22.080 1.990 84 61 30
-33.363 22.082 1.960 89 69 32
-33.369 22.082 1.872 96 78 42
-33.363 22.082 1.976 83 64 31
-33.358 22.079 1.968 90 67 36
-33.373 22.083 1.841 96 76 49
-33.373 22.084 1.856 97 73 47
-33.362 22.082 2.013 77 57 32
-33.370 22.085 1.970 88 64 40
-33.374 22.086 1.936 84 69 40
-33.369 22.085 1.997 71 57 31
-33.355 22.078 1.976 89 66 35
-33.366 22.083 1.955 93 68 37
-33.372 22.083 1.842 97 77 50
-33.357 22.078 1.943 96 71 40
-33.379 22.089 1.935 93 65 28
-33.371 22.083 1.871 95 75 48
-33.354 22.079 2.013 82 62 37
-33.353 22.078 2.012 82 62 37
-33.378 22.089 1.967 86 63 31
-33.377 22.090 2.016 70 52 28
-33.371 22.085 1.928 88 71 41
-33.356 22.079 1.993 81 61 34
-33.365 22.083 1.965 87 67 30
-33.365 22.081 1.888 99 75 37
-33.377 22.085 1.822 100 76 42
-33.381 22.092 2.028 69 47 26
-33.368 22.085 2.003 74 57 29
-33.364 22.082 1.957 91 71 34
-33.376 22.087 1.927 93 69 35
-33.363 22.082 1.980 81 62 29
-33.378 22.085 1.813 106 76 38
-33.365 22.083 1.957 93 68 37
-33.357 22.079 1.950 96 71 40
-33.374 22.085 1.885 98 73 43
-33.378 22.088 1.923 93 69 35
-33.356 22.079 1.977 89 66 35
-33.367 22.084 2.005 74 57 29
-33.360 22.081 2.001 78 58 31
-33.362 22.081 1.946 90 71 31
-33.376 22.086 1.914 88 71 41
-33.366 22.081 1.889 99 75 37
-33.324 22.099 2.057 42 32 22
-33.369 22.092 2.057 51 39 25
-33.326 22.102 2.063 31 27 18
-33.354 22.088 2.040 62 50 28
-33.353 22.092 2.049 58 42 27
-33.342 22.096 2.055 47 35 23
-33.334 22.083 2.023 75 57 33
-33.330 22.089 2.036 66 48 26
-33.334 22.090 2.039 63 48 29
-33.364 22.087 2.042 65 47 27
-33.320 22.095 2.045 59 42 26
-33.348 22.090 2.043 60 48 26
-33.370 22.095 2.064 36 29 19
-33.356 22.095 2.059 45 35 25
-33.355 22.080 2.023 73 55 31
-33.344 22.089 2.041 62 47 28
-33.338 22.086 2.030 71 53 29
-33.326 22.094 2.045 60 43 27
-33.347 22.093 2.050 57 41 26
-33.336 22.091 2.042 62 47 28
-33.327 22.090 2.037 66 48 26
-33.365 22.089 2.048 63 46 28
-33.336 22.098 2.057 46 33 24
-33.352 22.085 2.033 70 52 30
-33.326 22.089 2.034 68 50 28
-33.372 22.088 2.048 62 45 27
-32.663 22.192 0.616 91 93 72
-32.669 22.190 0.695 92 89 70
-32.672 22.194 0.714 92 86 72
-32.665 22.195 0.638 88 87 69
-32.664 22.194 0.623 89 90 72
-32.665 22.191 0.649 86 83 68
-32.674 22.192 0.736 93 92 74
-32.666 22.191 0.661 94 88 74
-32.673 22.192 0.731 91 90 72
-32.671 22.190 0.709 96 95 77
-32.664 22.190 0.639 97 96 78
-32.672 22.194 0.708 96 93 76
-32.671 22.187 0.716 96 93 76
-32.667 22.186 0.681 101 98 79
-32.655 22.207 1.096 94 84 57
-32.645 22.211 1.067 91 77 50
-32.656 22.206 1.094 94 84 57
-32.656 22.205 1.066 91 81 54
-32.650 22.205 0.996 89 83 57
-32.652 22.209 1.108 90 78 52
-32.651 22.205 1.000 92 86 60
-32.647 22.209 1.059 89 77 51
-32.650 22.208 1.074 91 80 50
-32.651 22.204 1.000 92 86 60
-32.655 22.204 1.038 92 85 57
-32.654 22.207 1.082 90 81 48
-32.647 22.211 1.083 91 78 46
-32.651 22.206 1.039 88 81 53
-32.678 22.187 0.638 92 91 73
-32.697 22.195 0.600 84 77 59
-32.702 22.192 0.614 84 83 62
-32.674 22.189 0.629 89 90 72
-32.675 22.193 0.608 90 89 69
-32.669 22.182 0.670 82 85 68
-32.703 22.193 0.612 85 84 64
-32.704 22.194 0.603 81 76 56
-32.663 22.191 0.617 90 93 74
-32.677 22.193 0.610 91 90 70
-32.694 22.188 0.638 87 84 65
-32.673 22.183 0.663 89 90 74
-32.675 22.190 0.623 89 91 70
-32.703 22.191 0.623 87 86 65
-32.688 22.189 0.633 91 90 70
-32.671 22.190 0.624 90 91 73
-32.689 22.188 0.634 89 88 68
-32.672 22.185 0.654 92 89 74
-32.671 22.187 0.639 96 95 77
-32.695 22.191 0.622 86 85 64
-32.672 22.186 0.648 89 86 71
-32.677 22.193 0.610 91 90 70
-32.680 22.183 0.661 88 89 73
-32.693 22.191 0.623 88 87 67
-32.663 22.188 0.631 89 90 72
-32.715 22.194 0.607 83 78 58
-32.708 22.193 0.612 89 84 62
-32.671 22.193 0.609 90 89 69
-32.666 22.181 0.675 109 110 92
-32.684 22.187 0.639 90 89 71
-32.721 22.194 0.638 83 72 54
-32.710 22.191 0.680 92 80 64
-32.715 22.192 0.663 81 76 56
-32.673 22.180 0.685 97 99 78
-32.669 22.179 0.690 107 109 88
-32.712 22.191 0.699 83 78 59
-32.719 22.193 0.694 82 77 55
-32.683 22.183 0.691 89 88 67
-32.707 22.190 0.658 89 83 67
-32.711 22.191 0.637 88 83 64
-32.676 22.181 0.692 94 93 73
-32.697 22.187 0.656 95 89 73
-32.686 22.184 0.675 98 97 77
-32.695 22.187 0.649 98 92 76
-32.724 22.195 0.631 85 74 54
-32.710 22.191 0.651 86 80 64
-32.705 22.189 0.667 84 81 64
-32.723 22.194 0.695 82 76 50
-32.697 22.187 0.667 88 85 68
-32.706 22.190 0.692 90 85 65
-32.674 22.181 0.687 97 99 78
-32.723 22.194 0.697 85 78 52
-32.724 22.195 0.652 84 73 55
-32.715 22.192 0.686 83 76 57
-32.718 22.193 0.647 81 70 52
-32.724 22.195 0.613 83 78 59
-32.704 22.189 0.662 93 90 73
-32.711 22.191 0.644 89 82 66
-32.724 22.195 0.697 85 78 52
-32.724 22.195 0.651 84 73 55
-32.710 22.191 0.693 90 85 66
-32.709 22.191 0.641 93 87 71
-32.713 22.191 0.704 86 79 63
-32.672 22.185 0.712 94 91 74
-32.699 22.190 0.710 93 86 68
-32.674 22.188 0.724 96 95 77
-32.705 22.190 0.709 92 85 67
-32.680 22.185 0.706 95 92 75
-32.695 22.189 0.710 93 88 69
-32.685 22.193 0.736 85 82 63
-32.714 22.193 0.710 91 77 64
-32.683 22.194 0.742 93 88 68
-32.708 22.195 0.725 86 80 56
-32.692 22.192 0.724 90 87 68
-32.677 22.188 0.722 95 94 76
-32.675 22.190 0.733 94 93 73
-32.671 22.182 0.703 101 100 82
-32.688 22.190 0.721 92 89 70
-32.675 22.189 0.728 94 93 73
-32.688 22.191 0.724 90 87 68
-32.698 22.191 0.716 92 87 68
-32.698 22.207 1.074 91 78 43
-32.694 22.204 1.060 92 75 45
-32.662 22.210 1.072 90 80 45
-32.720 22.213 1.108 99 79 44
-32.697 22.200 1.045 91 77 48
-32.698 22.210 1.086 94 78 45
-32.707 22.210 1.091 94 78 44
-32.681 22.210 1.082 93 79 44
-32.664 22.211 1.078 91 78 46
-32.712 22.203 1.061 91 74 44
-32.713 22.200 1.049 97 78 48
-32.663 22.209 1.067 89 78 46
-32.702 22.203 1.058 93 76 46
-32.718 22.208 1.089 97 79 43
-32.715 22.209 1.090 97 79 43
-32.715 22.203 1.064 92 75 45
-32.686 22.205 1.062 90 75 42
-32.661 22.212 1.083 93 78 49
-32.703 22.207 1.076 88 79 40
-32.712 22.205 1.071 88 79 40
-32.707 22.203 1.058 92 75 47
-32.663 22.208 1.066 89 78 46
-32.704 22.206 1.073 89 79 43
-32.676 22.212 1.086 93 79 44
-32.691 22.208 1.078 92 79 44
-32.673 22.212 1.086 93 79 44
-32.705 22.209 1.088 94 78 44
-32.713 22.209 1.089 94 78 44
-32.695 22.210 1.085 94 78 45
-32.679 22.209 1.077 92 77 46
-32.686 22.207 1.071 92 77 46
-32.653 22.210 1.105 87 80 52
-32.664 22.208 1.135 94 80 51
-32.657 22.212 1.090 91 77 48
-32.697 22.213 1.118 98 78 43
-32.704 22.213 1.118 99 79 44
-32.687 22.212 1.121 98 78 41
-32.672 22.213 1.095 92 78 41
-32.645 22.212 1.080 92 79 47
-32.691 22.211 1.134 98 78 45
-32.671 22.210 1.123 96 80 47
-32.653 22.211 1.092 92 78 51
-32.667 22.210 1.117 92 77 46
-32.715 22.215 1.116 99 79 44
-32.668 22.212 1.097 90 75 42
-32.668 22.208 1.135 93 79 50
-32.672 22.210 1.120 98 79 47
-32.653 22.211 1.092 92 78 51
-32.661 22.207 1.143 89 79 52
-32.706 22.214 1.118 100 80 45
-32.658 22.210 1.113 87 76 46
-32.652 22.211 1.097 83 73 46
-32.657 22.213 1.083 92 77 48
-32.656 22.208 1.124 91 77 50
-32.679 22.212 1.111 93 77 44
-32.688 22.212 1.114 98 78 41
