4.799 22.055 1.201 175 173 150
4.800 22.055 1.332 165 160 138
4.798 22.055 1.242 157 156 136
4.799 22.055 1.252 171 169 144
4.798 22.054 1.086 180 173 155
4.798 22.054 1.120 180 171 154
4.804 22.050 1.815 181 172 155
4.801 22.055 1.427 166 160 136
4.802 22.053 1.555 173 165 142
4.802 22.054 1.485 156 155 135
4.803 22.050 1.849 180 171 154
4.804 22.048 2.016 183 174 145
4.800 22.055 1.393 164 158 132
4.801 22.055 1.431 166 160 136
4.797 22.055 1.393 170 161 132
4.803 22.051 1.721 176 168 149
4.801 22.052 1.681 175 167 148
4.804 22.048 2.024 184 172 146
4.804 22.048 2.076 182 171 143
4.800 22.052 1.672 174 166 147
4.803 22.049 1.944 182 171 151
4.799 22.055 1.395 170 161 132
4.801 22.054 1.539 176 166 141
4.801 22.052 1.677 174 166 147
4.796 22.173 0.155 159 153 127
4.797 22.062 0.971 179 171 152
4.791 22.096 0.211 173 169 140
4.790 22.089 0.151 167 166 135
4.795 22.060 0.836 175 169 145
4.796 22.110 0.532 176 170 144
4.794 22.117 0.333 175 171 142
4.798 22.118 0.679 174 170 143
4.792 22.116 0.132 162 161 131
4.795 22.158 0.111 149 151 130
4.794 22.095 0.466 179 174 145
4.797 22.117 0.611 174 170 141
4.792 22.100 0.254 174 171 140
4.798 22.143 0.515 174 170 143
4.793 22.143 0.076 66 79 70
4.791 22.077 0.328 178 174 145
4.789 22.076 0.187 172 168 139
4.795 22.161 0.088 72 80 65
4.793 22.150 0.014 75 87 77
4.791 22.074 0.333 179 175 146
4.794 22.074 0.625 179 174 145
4.792 22.110 0.240 172 168 139
4.796 22.086 0.670 177 172 143
4.792 22.095 0.281 177 173 146
4.794 22.130 0.285 172 169 138
4.796 22.071 0.806 177 173 146
4.799 22.075 1.043 177 171 155
4.798 22.154 0.401 176 172 143
4.795 22.185 -0.004 90 106 93
4.800 22.056 1.241 167 166 145
4.800 22.075 1.130 176 169 151
4.793 22.094 0.419 179 175 148
4.795 22.085 0.638 177 172 143
4.798 22.158 0.367 173 169 140
4.797 22.077 0.857 178 172 148
4.794 22.062 0.700 177 172 143
4.794 22.142 0.176 165 162 131
4.790 22.100 0.109 100 112 90
4.798 22.131 0.563 176 170 144
4.795 22.122 0.367 178 173 144
4.796 22.096 0.678 175 170 141
4.789 22.070 0.204 174 170 143
4.797 22.068 0.954 179 171 152
4.789 22.079 0.158 166 167 135
4.789 22.067 0.186 172 168 141
4.794 22.122 0.261 174 171 138
4.795 22.135 0.267 171 168 135
4.799 22.112 0.785 174 169 140
4.787 22.068 0.021 66 79 69
4.794 22.095 0.446 179 173 147
4.789 22.087 0.084 69 83 70
4.791 22.121 0.028 67 80 70
4.788 22.071 0.096 85 89 62
4.795 22.154 0.191 165 162 129
4.793 22.130 0.142 162 158 129
4.797 22.117 0.585 175 170 141
4.799 22.068 1.062 180 175 156
4.791 22.100 0.199 171 168 137
4.799 22.085 1.000 174 169 150
4.797 22.132 0.456 173 172 144
4.794 22.115 0.327 175 171 142
4.789 22.071 0.218 176 172 143
4.791 22.101 0.174 166 165 134
4.798 22.091 0.887 176 169 143
4.796 22.066 0.837 177 171 147
4.793 22.105 0.292 176 172 145
4.799 22.133 0.622 175 170 141
4.797 22.110 0.661 176 171 142
4.791 22.098 0.145 166 161 129
4.794 22.118 0.304 173 169 140
4.792 22.133 0.071 66 79 70
4.796 22.167 0.204 165 162 131
4.792 22.112 0.173 167 164 133
4.798 22.104 0.744 174 168 142
4.795 22.071 0.699 178 173 144
4.795 22.131 0.313 174 170 141
4.796 22.174 0.102 114 118 101
4.798 22.154 0.413 175 171 142
4.792 22.110 0.214 171 168 137
4.794 22.089 0.493 179 174 145
4.795 22.065 0.733 178 172 146
4.795 22.173 0.033 66 79 69
4.800 22.061 1.212 171 159 135
4.797 22.078 0.839 176 170 146
4.787 22.065 0.030 66 79 69
4.796 22.129 0.402 177 173 146
4.794 22.118 0.349 174 170 141
4.797 22.120 0.541 175 169 143
4.791 22.074 0.387 179 175 148
4.791 22.119 0.028 64 77 67
4.789 22.091 0.081 68 81 71
4.797 22.097 0.687 176 171 142
4.797 22.076 0.866 178 172 148
4.793 22.069 0.556 179 174 144
4.796 22.119 0.499 176 170 144
4.792 22.078 0.438 180 173 145
4.797 22.174 0.187 159 158 128
4.796 22.188 0.011 66 82 72
4.791 22.125 0.024 70 83 73
4.795 22.117 0.451 174 173 145
4.798 22.112 0.701 175 170 141
4.793 22.135 0.090 66 79 62
4.794 22.152 0.125 156 156 132
4.796 22.147 0.296 172 169 136
4.793 22.114 0.293 174 170 143
4.798 22.055 1.069 177 173 161
4.796 22.161 0.211 169 163 131
4.794 22.126 0.253 171 168 137
4.796 22.108 0.575 176 171 142
4.796 22.189 -0.001 85 102 86
4.791 22.116 0.068 68 81 72
4.795 22.071 0.717 179 173 147
4.796 22.098 0.612 177 172 143
4.796 22.160 0.243 169 166 133
4.798 22.148 0.435 177 173 146
4.795 22.097 0.581 176 170 144
4.797 22.125 0.539 174 170 143
4.797 22.108 0.661 175 170 141
4.793 22.065 0.578 178 173 143
4.794 22.110 0.399 179 175 148
4.797 22.181 0.122 153 152 131
4.797 22.161 0.297 171 166 136
4.792 22.124 0.085 68 82 67
4.790 22.101 0.041 69 82 73
4.796 22.170 0.117 152 154 133
4.798 22.084 0.949 175 167 146
4.798 22.132 0.546 174 168 142
4.794 22.078 0.549 178 173 144
4.797 22.135 0.479 172 171 143
4.798 22.108 0.765 172 168 143
4.796 22.084 0.707 177 172 143
4.795 22.129 0.376 176 172 145
4.791 22.095 0.193 172 168 139
4.793 22.069 0.546 178 173 143
4.795 22.138 0.247 171 168 137
4.791 22.087 0.264 176 172 143
4.793 22.119 0.207 170 167 134
4.795 22.100 0.554 177 171 145
4.795 22.132 0.306 173 169 140
4.797 22.137 0.485 173 172 144
4.792 22.098 0.272 176 172 143
4.791 22.101 0.146 165 160 128
4.799 22.057 1.193 164 163 142
4.796 22.127 0.446 175 174 146
4.789 22.091 0.059 65 78 69
4.801 22.063 1.307 166 159 141
4.798 22.132 0.575 174 168 142
4.794 22.108 0.387 178 174 147
4.800 22.092 1.003 174 169 149
4.790 22.098 0.089 68 80 68
4.794 22.058 0.730 175 171 144
4.795 22.068 0.767 177 171 145
4.790 22.062 0.308 177 173 146
4.794 22.153 0.093 67 78 61
4.789 22.074 0.167 169 168 138
4.796 22.164 0.191 161 160 129
4.794 22.078 0.606 178 173 144
4.787 22.069 0.066 69 81 69
4.793 22.129 0.191 167 164 133
4.792 22.076 0.427 181 176 147
4.795 22.106 0.478 177 172 143
4.796 22.089 0.676 177 172 143
4.791 22.093 0.210 174 170 141
4.800 22.067 1.211 166 154 130
4.791 22.076 0.372 180 176 149
4.793 22.138 0.089 67 80 63
4.796 22.158 0.243 169 166 133
4.793 22.079 0.464 180 175 146
4.789 22.095 0.015 76 89 79
4.795 22.140 0.241 171 168 137
4.795 22.071 0.685 178 173 144
4.796 22.183 0.083 68 82 69
4.794 22.068 0.677 179 174 145
4.799 22.093 0.958 174 166 145
4.799 22.106 0.855 173 167 143
4.794 22.058 0.757 179 169 144
4.799 22.093 0.975 175 169 147
4.797 22.154 0.313 172 169 138
4.790 22.072 0.237 175 171 142
4.796 22.086 0.732 177 171 145
4.796 22.062 0.906 177 169 146
4.794 22.124 0.256 172 169 136
4.792 22.128 0.078 68 81 71
4.797 22.060 0.966 178 170 151
4.792 22.078 0.379 180 176 149
4.798 22.156 0.399 176 172 143
4.794 22.139 0.177 164 161 130
4.798 22.081 0.958 178 170 149
4.792 22.085 0.357 179 175 148
4.795 22.167 0.100 96 100 83
4.799 22.112 0.782 173 169 144
4.800 22.072 1.134 178 171 153
4.798 22.069 0.988 177 172 153
4.800 22.068 1.186 164 160 133
4.794 22.154 0.066 65 78 71
4.795 22.136 0.258 170 167 134
4.789 22.087 0.073 65 81 71
4.800 22.058 1.274 164 162 141
4.792 22.061 0.550 177 172 142
4.789 22.075 0.161 169 168 138
4.795 22.132 0.298 172 168 139
4.788 22.086 0.004 81 95 82
4.797 22.159 0.348 174 169 139
4.796 22.185 0.037 65 81 70
4.797 22.155 0.312 172 169 138
4.792 22.103 0.219 173 169 140
4.792 22.073 0.407 177 176 146
4.792 22.131 0.014 74 87 77
4.800 22.078 1.135 174 167 149
4.792 22.089 0.305 178 174 147
4.794 22.064 0.659 177 172 143
4.797 22.067 0.916 178 170 149
4.798 22.096 0.804 174 170 143
4.793 22.108 0.275 174 171 140
4.796 22.141 0.311 172 169 138
4.793 22.110 0.274 174 171 140
4.794 22.108 0.417 178 174 149
4.792 22.071 0.470 179 174 145
4.796 22.146 0.281 170 167 134
4.790 22.090 0.156 166 167 135
4.794 22.085 0.556 178 173 144
4.795 22.083 0.685 177 172 143
4.794 22.062 0.698 177 172 143
4.790 22.114 0.023 66 79 69
4.793 22.080 0.482 180 175 146
4.792 22.116 0.154 165 160 128
4.799 22.077 1.030 176 170 154
4.792 22.073 0.416 179 175 146
4.791 22.105 0.144 165 160 128
4.795 22.058 0.795 175 169 143
4.796 22.146 0.291 172 169 136
4.796 22.121 0.461 173 172 144
4.796 22.059 0.915 179 168 150
4.796 22.097 0.666 175 170 141
4.796 22.169 0.177 159 158 128
4.798 22.072 0.980 177 172 152
4.798 22.160 0.358 173 170 139
4.792 22.070 0.500 181 174 146
4.792 22.110 0.182 168 165 134
4.793 22.144 0.013 74 86 76
4.792 22.079 0.433 180 174 148
4.792 22.075 0.429 179 174 145
4.794 22.094 0.467 179 174 145
4.793 22.155 0.020 66 79 69
4.799 22.110 0.804 174 168 144
4.796 22.069 0.817 178 172 146
4.795 22.062 0.759 178 172 146
4.792 22.077 0.425 181 176 147
4.800 22.060 1.273 166 159 140
4.792 22.062 0.554 179 174 144
4.797 22.061 1.005 175 172 155
4.798 22.121 0.637 174 168 142
4.788 22.087 0.025 71 84 74
4.796 22.062 0.882 177 169 148
4.793 22.090 0.423 179 173 147
4.795 22.168 0.085 67 78 64
4.789 22.089 0.056 65 78 69
4.791 22.109 0.121 156 160 137
4.796 22.191 0.005 75 91 80
4.789 22.098 0.009 84 98 85
4.798 22.139 0.510 174 170 143
4.794 22.080 0.603 179 174 145
4.791 22.123 -0.004 93 103 94
4.793 22.117 0.243 172 168 139
4.797 22.056 1.000 175 170 151
4.791 22.073 0.329 179 175 146
4.794 22.094 0.511 177 172 143
4.791 22.099 0.206 173 170 139
4.799 22.105 0.847 174 168 144
4.791 22.063 0.461 179 174 145
4.797 22.081 0.846 177 171 147
4.789 22.083 0.083 73 87 72
4.798 22.066 1.020 178 175 158
4.790 22.100 0.047 69 82 73
4.790 22.107 -0.002 87 99 87
4.793 22.119 0.213 170 167 134
4.793 22.150 0.033 65 78 69
4.800 22.070 1.155 164 160 133
4.790 22.065 0.334 178 174 145
4.795 22.115 0.461 174 173 145
4.793 22.121 0.185 166 163 132
4.794 22.152 0.124 156 156 132
4.797 22.105 0.708 175 170 141
4.799 22.055 1.186 176 175 154
4.798 22.091 0.816 175 169 143
4.791 22.116 0.066 68 81 72
4.795 22.072 0.713 179 174 145
4.797 22.097 0.688 176 171 142
4.797 22.112 0.595 175 171 146
4.797 22.124 0.536 174 170 143
4.791 22.082 0.319 178 174 147
4.793 22.111 0.276 174 171 140
4.795 22.116 0.429 177 173 148
4.797 22.100 0.750 175 169 143
4.793 22.070 0.549 178 173 143
4.797 22.055 1.021 178 170 149
4.796 22.133 0.420 176 172 145
4.798 22.101 0.754 175 169 143
4.797 22.129 0.510 174 170 143
4.797 22.180 0.147 155 151 124
4.796 22.139 0.325 173 170 139
4.798 22.086 0.907 175 168 142
4.794 22.156 0.081 65 79 66
4.798 22.077 0.913 178 170 147
4.798 22.059 1.062 182 172 162
4.797 22.090 0.736 176 170 144
4.796 22.185 0.045 64 80 70
4.796 22.087 0.747 176 170 144
4.789 22.091 0.075 64 80 70
4.791 22.063 0.443 179 172 144
4.792 22.117 0.116 143 148 126
4.799 22.076 1.054 178 173 154
4.795 22.168 0.050 65 78 69
4.789 22.094 -0.003 86 98 86
4.787 22.070 0.040 69 82 72
4.796 22.182 0.057 61 77 67
4.787 22.066 0.004 68 84 71
4.794 22.154 0.071 64 77 70
4.793 22.119 0.244 172 168 139
4.797 22.158 0.298 172 167 137
4.797 22.099 0.718 176 170 144
4.798 22.096 0.865 174 168 144
4.795 22.100 0.556 177 171 145
4.795 22.091 0.626 177 172 143
4.796 22.179 0.069 63 74 66
4.792 22.128 0.031 67 80 70
4.793 22.129 0.117 157 160 139
4.794 22.064 0.710 178 173 144
4.798 22.104 0.752 175 169 143
4.797 22.129 0.544 174 168 142
4.797 22.064 0.950 178 170 151
4.789 22.097 0.047 68 81 72
4.797 22.057 0.983 176 167 152
4.793 22.136 0.091 67 80 63
4.797 22.185 0.105 140 147 129
4.790 22.062 0.375 179 175 148
4.799 22.074 1.028 178 172 156
4.797 22.087 0.808 177 171 145
4.787 22.067 0.023 65 78 68
4.794 22.106 0.367 179 175 148
4.796 22.147 0.289 171 168 135
4.797 22.110 0.686 174 170 143
4.794 22.119 0.354 176 171 142
4.791 22.095 0.238 175 171 142
4.795 22.158 0.106 117 120 101
4.796 22.062 0.877 177 171 147
4.798 22.075 0.994 177 172 153
4.793 22.146 -0.001 88 100 90
4.794 22.135 0.201 169 166 133
4.792 22.124 0.130 158 157 129
4.793 22.079 0.498 180 175 146
4.797 22.076 0.864 177 171 147
4.797 22.162 0.283 170 165 133
4.795 22.091 0.559 178 173 144
4.798 22.106 0.800 173 169 142
4.796 22.186 0.020 64 80 69
4.796 22.164 0.154 159 153 127
4.797 22.074 0.921 178 170 151
4.792 22.063 0.521 179 172 144
4.796 22.142 0.310 172 169 138
4.797 22.121 0.557 175 169 143
4.795 22.160 0.158 160 153 127
4.794 22.133 0.238 170 167 136
4.793 22.134 0.155 164 160 131
4.795 22.096 0.525 177 172 143
4.794 22.098 0.469 178 173 144
4.798 22.108 0.737 174 170 143
4.798 22.076 0.945 178 170 149
4.795 22.089 0.565 179 174 145
4.792 22.111 0.159 166 162 133
4.793 22.139 0.109 123 131 110
4.801 22.057 1.352 163 158 136
4.796 22.064 0.879 177 169 148
4.799 22.059 1.210 166 165 144
4.800 22.062 1.198 169 163 137
4.794 22.137 0.210 168 165 132
4.792 22.121 0.101 81 90 73
4.799 22.100 0.894 175 168 140
4.797 22.066 0.903 178 170 147
4.799 22.100 0.921 174 166 145
4.792 22.132 0.033 65 78 69
4.793 22.080 0.481 180 175 146
4.799 22.062 1.164 173 170 137
4.796 22.116 0.521 176 170 144
4.795 22.120 0.440 176 172 147
4.794 22.134 0.182 167 164 133
4.791 22.113 0.095 72 81 64
4.787 22.071 0.055 67 80 71
4.795 22.129 0.362 175 170 141
4.794 22.091 0.468 179 174 145
4.799 22.085 0.974 177 169 150
4.794 22.060 0.719 172 172 144
4.800 22.097 0.973 175 167 146
4.796 22.058 0.901 180 167 148
4.797 22.088 0.763 176 170 144
4.797 22.125 0.509 174 170 143
4.798 22.112 0.745 173 169 142
4.798 22.088 0.888 176 169 143
4.794 22.070 0.623 179 174 145
4.799 22.078 1.080 177 171 155
4.800 22.086 1.080 176 171 152
4.795 22.158 0.104 96 99 80
4.789 22.084 0.100 76 84 61
4.801 22.066 1.260 163 158 138
4.793 22.079 0.474 180 175 146
4.800 22.086 1.059 175 170 151
4.797 22.082 0.800 175 171 144
4.796 22.135 0.382 176 172 143
4.796 22.155 0.234 169 166 133
4.800 22.059 1.228 170 169 149
4.798 22.111 0.726 174 170 145
4.793 22.131 0.131 158 156 131
4.793 22.092 0.395 178 174 147
4.792 22.068 0.494 180 173 145
4.793 22.059 0.603 175 171 142
4.796 22.145 0.299 172 169 136
4.793 22.076 0.529 180 173 145
4.797 22.072 0.905 178 170 147
4.797 22.091 0.738 176 170 144
4.798 22.068 1.033 178 172 156
4.799 22.097 0.891 175 168 142
4.794 22.107 0.435 176 172 145
4.800 22.071 1.129 178 171 153
4.800 22.064 1.188 169 165 138
4.797 22.179 0.179 158 157 129
4.793 22.063 0.620 177 172 143
4.791 22.121 0.007 85 95 86
4.792 22.084 0.343 179 175 146
4.790 22.098 0.114 135 141 115
4.795 22.094 0.601 177 172 143
4.791 22.115 0.029 64 77 67
4.791 22.078 0.365 180 176 149
4.788 22.066 0.088 82 94 70
4.798 22.124 0.631 174 169 140
4.794 22.058 0.728 175 171 144
4.795 22.152 0.141 159 155 128
4.793 22.108 0.271 174 170 141
4.790 22.067 0.339 179 175 146
4.799 22.098 0.890 175 168 142
4.793 22.095 0.360 179 175 148
4.798 22.123 0.605 174 170 141
4.792 22.079 0.394 179 175 148
4.795 22.073 0.753 178 172 146
4.794 22.080 0.582 178 173 144
4.794 22.157 0.032 66 79 69
4.793 22.075 0.479 180 175 146
4.797 22.157 0.364 173 169 140
4.792 22.120 0.123 158 160 136
4.799 22.128 0.671 173 169 142
4.793 22.125 0.209 169 166 133
4.798 22.063 1.031 178 172 158
4.796 22.110 0.582 176 171 142
4.795 22.143 0.203 167 164 131
4.791 22.097 0.205 173 170 139
4.796 22.060 0.864 177 171 147
4.791 22.122 0.032 65 78 69
4.797 22.149 0.363 174 169 139
4.796 22.154 0.261 171 168 135
4.795 22.067 0.774 177 171 145
4.798 22.135 0.604 174 170 143
4.798 22.071 0.979 177 172 152
4.793 22.065 0.610 178 173 144
4.789 22.094 0.074 65 78 69
4.797 22.126 0.564 175 169 143
4.793 22.132 0.176 165 162 131
4.792 22.121 0.165 165 162 131
4.798 22.120 0.644 175 170 141
4.789 22.084 0.140 167 164 131
4.793 22.066 0.562 179 174 144
4.797 22.138 0.454 173 172 144
4.796 22.175 0.102 114 118 101
4.797 22.106 0.706 175 170 141
4.794 22.114 0.376 177 173 146
4.794 22.071 0.601 178 173 144
4.795 22.124 0.340 175 171 142
4.794 22.067 0.662 179 174 145
4.794 22.109 0.340 177 173 144
4.798 22.091 0.840 176 170 146
4.789 22.076 0.140 166 166 132
4.797 22.058 1.011 170 174 151
4.795 22.064 0.810 178 172 146
4.794 22.154 0.050 64 77 68
4.797 22.066 0.919 178 170 151
4.797 22.150 0.344 172 169 138
4.800 22.063 1.232 168 162 140
4.792 22.116 0.115 142 147 125
4.796 22.178 0.084 65 77 63
4.790 22.091 0.113 120 123 96
4.796 22.179 0.116 149 151 130
4.799 22.080 1.003 175 170 151
4.795 22.143 0.254 171 168 137
4.801 22.059 1.337 165 160 138
4.798 22.094 0.882 176 169 143
4.790 22.094 0.080 66 79 69
4.800 22.058 1.286 168 161 135
4.797 22.127 0.525 174 170 143
4.793 22.075 0.501 181 174 146
4.793 22.068 0.547 178 173 143
4.800 22.087 1.047 174 169 150
4.792 22.099 0.249 175 171 142
4.792 22.114 0.151 166 161 129
4.791 22.120 0.012 82 92 83
4.798 22.139 0.552 174 169 140
4.792 22.098 0.311 178 174 147
4.799 22.084 0.958 177 169 148
4.789 22.098 0.031 67 80 70
4.794 22.107 0.354 178 174 147
4.800 22.079 1.090 178 173 154
4.799 22.097 0.890 175 168 142
4.797 22.147 0.373 175 170 141
4.796 22.174 0.151 156 152 125
4.795 22.160 0.157 160 153 127
4.796 22.118 0.525 176 170 144
4.796 22.102 0.586 176 170 144
4.794 22.134 0.240 170 167 136
4.794 22.149 0.143 159 155 128
4.799 22.059 1.197 168 167 146
4.793 22.121 0.193 167 164 131
4.791 22.065 0.432 181 174 146
4.796 22.161 0.243 169 166 133
4.798 22.069 1.044 179 173 157
4.791 22.109 0.085 70 84 69
4.794 22.077 0.590 179 174 145
4.791 22.070 0.418 179 175 146
4.794 22.128 0.209 169 166 133
4.794 22.153 0.113 151 153 132
4.791 22.125 0.026 70 83 73
4.797 22.149 0.351 174 169 139
4.797 22.115 0.593 174 170 145
4.794 22.096 0.509 177 172 143
4.797 22.179 0.147 155 151 124
4.798 22.059 1.101 181 174 156
4.797 22.097 0.773 175 169 143
4.796 22.189 0.015 66 82 71
4.793 22.142 0.069 66 79 72
4.798 22.065 1.078 180 174 158
4.789 22.064 0.258 175 171 144
4.793 22.115 0.295 174 170 143
4.798 22.074 0.953 179 171 152
4.793 22.131 0.144 162 159 128
4.795 22.111 0.461 175 174 146
4.798 22.115 0.738 173 169 142
4.796 22.117 0.529 176 170 144
4.795 22.152 0.222 168 165 130
4.795 22.088 0.583 178 173 144
4.790 22.088 0.157 166 167 135
4.793 22.074 0.554 179 174 145
4.796 22.118 0.467 173 172 144
4.796 22.159 0.185 160 161 129
4.795 22.116 0.458 174 173 145
4.792 22.112 0.183 168 165 134
4.798 22.100 0.836 174 168 144
4.791 22.096 0.209 173 169 140
4.797 22.108 0.678 174 170 143
4.790 22.073 0.231 176 172 143
4.790 22.092 0.138 166 161 129
4.795 22.154 0.205 166 163 130
4.797 22.067 0.971 180 172 153
4.795 22.068 0.722 178 172 146
4.794 22.064 0.707 177 172 143
4.794 22.163 0.055 65 78 69
4.797 22.092 0.764 176 170 144
4.792 22.128 0.094 70 81 65
4.797 22.058 1.025 185 166 152
4.794 22.082 0.596 179 174 145
4.796 22.180 0.058 61 77 67
4.793 22.128 0.123 156 158 134
4.797 22.111 0.662 175 170 141
4.793 22.060 0.576 178 173 143
4.789 22.072 0.217 175 171 142
4.795 22.114 0.454 174 173 145
4.795 22.110 0.455 175 174 146
4.793 22.073 0.549 178 173 144
4.793 22.094 0.386 179 175 148
4.793 22.078 0.454 179 174 145
4.800 22.055 1.274 168 168 142
4.799 22.060 1.178 169 165 138
4.794 22.067 0.659 179 174 145
4.795 22.117 0.413 178 174 147
4.794 22.067 0.665 178 173 144
4.796 22.098 0.638 176 171 142
4.797 22.140 0.417 176 172 145
4.789 22.083 0.093 72 84 64
4.798 22.132 0.581 174 168 142
4.800 22.080 1.075 177 171 155
4.798 22.151 0.449 173 172 144
4.798 22.092 0.826 175 169 143
4.790 22.103 0.062 69 82 73
4.799 22.068 1.113 180 175 156
4.794 22.147 0.105 110 118 97
4.796 22.138 0.400 177 173 144
4.790 22.070 0.252 177 173 144
4.791 22.083 0.327 177 173 144
4.795 22.104 0.512 176 171 142
4.794 22.089 0.551 178 173 144
4.795 22.093 0.534 178 173 144
4.798 22.101 0.761 175 169 143
4.789 22.091 0.036 69 82 72
4.791 22.113 0.084 71 85 70
4.794 22.060 0.724 177 171 145
4.789 22.070 0.217 176 172 143
4.792 22.076 0.378 179 175 148
4.793 22.147 0.030 63 76 66
4.798 22.079 0.967 177 169 150
4.794 22.151 0.072 65 78 71
4.791 22.096 0.238 175 171 142
4.799 22.106 0.847 174 168 144
4.795 22.146 0.231 168 165 132
4.793 22.110 0.304 174 170 141
4.790 22.087 0.151 166 167 135
4.796 22.131 0.441 177 173 148
4.797 22.089 0.793 174 170 143
4.794 22.078 0.593 179 174 145
4.794 22.061 0.728 177 171 145
4.797 22.172 0.222 167 164 133
4.797 22.076 0.908 178 170 147
4.795 22.060 0.788 174 170 143
4.790 22.114 0.004 86 96 87
4.801 22.060 1.325 164 161 142
4.794 22.162 0.005 84 94 83
4.800 22.071 1.141 180 173 154
4.789 22.082 0.156 166 167 135
4.789 22.068 0.237 175 171 142
4.797 22.092 0.798 173 169 142
4.798 22.132 0.549 174 168 142
4.790 22.105 0.070 68 81 71
4.794 22.151 0.078 66 79 69
4.799 22.060 1.139 180 174 152
4.799 22.123 0.710 173 169 140
4.798 22.150 0.448 174 173 145
4.796 22.061 0.880 177 169 148
4.798 22.082 0.898 177 170 144
4.792 22.093 0.329 178 174 145
4.791 22.079 0.290 179 175 148
4.794 22.072 0.659 179 174 145
4.798 22.097 0.796 174 170 143
4.792 22.098 0.283 176 172 143
4.801 22.058 1.316 165 160 138
4.795 22.139 0.253 171 168 137
4.797 22.082 0.810 177 171 145
4.792 22.124 0.097 77 86 69
4.797 22.058 1.007 169 172 151
4.792 22.123 0.091 73 86 69
4.799 22.101 0.884 175 168 142
4.792 22.115 0.184 167 164 133
4.798 22.101 0.779 175 169 143
4.794 22.137 0.236 171 168 135
4.791 22.096 0.159 167 166 136
4.791 22.061 0.469 179 174 145
4.797 22.105 0.637 176 171 142
4.793 22.091 0.415 178 174 147
4.796 22.130 0.426 176 172 145
4.797 22.096 0.697 176 171 142
4.793 22.128 0.145 163 160 129
4.796 22.080 0.751 178 172 146
4.795 22.107 0.510 176 171 142
4.789 22.071 0.171 169 168 140
4.794 22.082 0.598 179 174 145
4.793 22.123 0.165 165 162 131
4.797 22.076 0.868 178 172 148
4.797 22.148 0.353 174 169 139
4.797 22.085 0.775 176 170 144
4.798 22.120 0.665 174 169 140
4.796 22.077 0.743 178 172 146
4.791 22.116 0.091 72 85 68
4.795 22.142 0.246 171 168 137
4.794 22.085 0.571 178 173 144
4.794 22.089 0.509 180 175 146
4.798 22.106 0.740 174 168 142
4.793 22.149 0.026 66 79 69
4.795 22.061 0.756 177 171 145
4.788 22.082 0.016 78 91 81
4.800 22.059 1.282 166 160 136
4.794 22.079 0.594 179 174 145
4.790 22.067 0.346 179 175 146
4.797 22.174 0.213 165 160 130
4.798 22.088 0.885 176 168 145
4.792 22.065 0.521 179 172 144
4.792 22.129 0.053 65 78 69
4.788 22.075 0.055 68 81 72
4.796 22.146 0.344 173 170 139
4.794 22.148 0.135 157 153 126
4.798 22.095 0.870 174 168 144
4.794 22.120 0.320 175 171 142
4.797 22.056 1.016 178 172 150
4.796 22.082 0.759 176 170 144
4.796 22.133 0.387 177 173 146
4.799 22.100 0.912 174 166 143
4.794 22.107 0.354 178 174 147
4.800 22.073 1.159 170 166 139
4.792 22.138 0.034 64 77 68
4.798 22.055 1.100 179 174 155
4.796 22.139 0.331 173 170 139
4.792 22.116 0.117 154 159 137
4.790 22.080 0.209 174 170 141
4.791 22.071 0.345 180 176 147
4.795 22.158 0.106 117 120 101
4.794 22.170 0.001 89 101 91
4.800 22.091 1.009 175 170 151
4.796 22.061 0.890 178 170 147
4.794 22.139 0.157 160 159 129
4.797 22.071 0.887 179 171 148
4.791 22.076 0.314 178 174 147
4.796 22.152 0.256 171 168 135
4.796 22.071 0.850 179 173 149
4.798 22.141 0.501 175 171 144
4.795 22.174 0.059 60 76 66
4.800 22.076 1.101 178 173 154
4.795 22.172 0.070 65 76 68
4.797 22.152 0.321 174 171 140
4.797 22.145 0.366 175 170 141
4.797 22.108 0.618 175 170 140
4.797 22.108 0.661 175 170 141
4.797 22.167 0.260 170 165 135
4.797 22.106 0.655 176 171 142
4.794 22.081 0.588 178 173 144
4.796 22.131 0.422 175 171 144
4.797 22.102 0.696 176 171 142
4.797 22.085 0.782 177 171 145
4.791 22.096 0.174 168 167 137
4.794 22.098 0.480 178 173 144
4.792 22.119 0.132 163 162 132
4.800 22.077 1.125 177 170 151
4.794 22.161 0.050 66 79 70
4.797 22.082 0.812 177 171 145
4.791 22.078 0.329 178 174 145
4.792 22.088 0.310 177 173 146
4.793 22.090 0.449 179 174 145
4.799 22.067 1.122 182 173 156
4.799 22.114 0.757 174 170 143
4.800 22.081 1.113 176 171 151
4.797 22.118 0.565 175 169 143
4.788 22.065 0.154 168 165 134
4.795 22.067 0.762 178 172 146
4.794 22.126 0.232 172 169 138
4.797 22.102 0.720 175 169 143
4.796 22.169 0.137 156 152 125
4.792 22.087 0.377 179 175 148
4.797 22.170 0.202 163 160 129
4.792 22.094 0.315 177 173 146
4.794 22.124 0.297 172 168 139
4.792 22.121 0.159 165 161 132
4.789 22.094 0.052 66 79 70
4.797 22.129 0.482 173 172 144
4.796 22.078 0.746 178 172 146
4.794 22.127 0.295 172 168 139
4.788 22.070 0.061 68 81 72
4.797 22.102 0.677 175 170 141
4.796 22.182 0.115 154 156 135
4.790 22.077 0.246 176 172 143
4.787 22.067 0.037 69 82 72
4.793 22.104 0.353 177 173 146
4.796 22.110 0.568 177 171 145
4.798 22.101 0.823 174 168 142
4.791 22.118 0.034 65 78 69
4.791 22.077 0.311 178 174 147
4.796 22.153 0.262 171 168 135
4.792 22.062 0.538 180 173 145
4.795 22.125 0.381 177 173 146
4.795 22.130 0.320 174 170 141
4.793 22.144 0.054 66 79 70
4.793 22.066 0.604 178 173 144
4.794 22.155 0.043 64 77 68
4.789 22.091 0.082 68 81 71
4.799 22.102 0.914 174 166 143
4.795 22.167 0.118 153 155 134
4.796 22.148 0.285 171 168 135
4.788 22.077 0.082 75 89 74
4.793 22.137 0.085 67 81 68
4.793 22.121 0.197 168 165 132
4.797 22.125 0.562 175 169 143
4.793 22.128 0.190 167 164 133
4.800 22.066 1.172 166 162 135
4.793 22.128 0.150 164 161 130
4.798 22.128 0.631 174 169 140
4.799 22.085 1.011 176 171 152
4.795 22.077 0.682 178 173 144
4.792 22.113 0.153 166 161 129
4.793 22.108 0.327 175 171 142
4.793 22.095 0.405 178 174 147
4.796 22.142 0.382 176 172 143
4.792 22.106 0.247 175 171 142
4.797 22.104 0.715 175 169 143
4.796 22.057 0.915 179 168 150
4.790 22.098 0.105 84 96 74
4.790 22.080 0.227 176 172 143
4.794 22.162 -0.005 94 104 95
4.795 22.137 0.316 173 170 139
4.792 22.105 0.209 172 168 139
4.796 22.133 0.433 176 172 147
4.796 22.178 0.080 64 76 64
4.796 22.177 0.139 152 150 125
4.797 22.172 0.232 164 163 132
4.795 22.075 0.743 178 172 146
4.798 22.101 0.818 175 169 143
4.798 22.082 0.901 176 169 143
4.792 22.113 0.206 170 167 134
4.800 22.069 1.235 163 156 137
4.795 22.131 0.358 176 171 142
4.793 22.147 0.032 62 75 66
4.797 22.139 0.441 176 172 145
4.793 22.138 0.132 158 157 129
4.794 22.110 0.378 178 174 147
4.799 22.107 0.832 173 167 143
4.797 22.194 0.037 63 79 68
4.795 22.136 0.312 172 169 138
4.796 22.091 0.698 177 172 143
4.798 22.130 0.629 174 169 140
4.800 22.056 1.300 170 163 134
4.792 22.110 0.175 168 165 134
4.795 22.084 0.643 177 172 143
4.795 22.072 0.731 178 172 146
4.793 22.086 0.440 179 173 147
4.797 22.062 0.991 175 170 151
4.788 22.084 0.029 69 82 72
4.796 22.089 0.739 176 170 144
4.797 22.061 0.975 176 171 152
4.798 22.125 0.608 174 170 141
4.790 22.084 0.173 169 168 138
4.800 22.080 1.130 176 169 151
4.795 22.070 0.725 178 172 146
4.793 22.087 0.446 180 175 146
4.797 22.055 0.972 175 168 149
4.797 22.162 0.255 171 166 136
4.793 22.072 0.508 181 174 146
4.794 22.108 0.348 176 172 143
4.790 22.089 0.137 166 163 130
4.790 22.109 0.066 70 83 74
4.799 22.099 0.896 175 168 140
4.796 22.098 0.635 176 171 142
4.796 22.147 0.264 171 168 135
4.797 22.149 0.367 174 169 139
4.788 22.076 0.045 69 82 73
4.793 22.086 0.428 179 173 147
4.789 22.091 0.015 76 89 79
4.792 22.095 0.256 175 171 142
4.797 22.154 0.333 172 169 138
4.792 22.106 0.247 175 171 142
4.792 22.076 0.413 179 175 146
4.795 22.076 0.711 179 174 145
4.790 22.080 0.226 175 171 142
4.796 22.057 0.884 179 168 146
4.793 22.096 0.348 179 175 146
4.798 22.077 0.991 175 170 150
4.793 22.102 0.321 177 173 146
4.791 22.118 0.029 64 77 67
4.793 22.080 0.468 180 175 146
4.788 22.077 0.016 73 86 76
4.798 22.073 0.986 176 171 151
4.793 22.105 0.359 179 175 148
4.792 22.072 0.439 181 174 146
4.791 22.111 0.116 141 146 124
4.799 22.103 0.869 173 167 143
4.797 22.132 0.466 173 172 144
4.792 22.085 0.337 178 174 145
4.797 22.078 0.896 177 170 144
4.789 22.078 0.139 167 164 131
4.798 22.146 0.484 172 171 143
4.791 22.070 0.375 179 175 148
4.795 22.129 0.296 172 168 139
4.794 22.136 0.157 163 159 130
4.791 22.118 0.034 65 78 69
4.798 22.096 0.825 174 168 142
4.795 22.093 0.598 177 172 143
4.793 22.133 0.111 147 150 129
4.790 22.073 0.245 176 172 143
4.793 22.115 0.224 172 169 138
4.799 22.110 0.795 173 167 141
4.799 22.060 1.114 180 175 156
4.795 22.072 0.741 178 172 146
4.790 22.116 0.013 80 90 81
4.798 22.055 1.116 176 174 153
4.794 22.065 0.649 178 173 144
4.798 22.142 0.491 173 172 144
4.792 22.075 0.421 178 174 145
4.796 22.106 0.585 176 170 144
4.790 22.092 0.168 168 167 137
4.792 22.102 0.243 175 171 142
4.796 22.155 0.225 168 165 132
4.794 22.087 0.527 178 173 144
4.788 22.081 0.051 67 80 71
4.794 22.094 0.491 179 174 145
4.796 22.129 0.462 173 172 144
4.791 22.125 -0.003 93 103 94
4.797 22.075 0.896 178 171 145
4.795 22.098 0.533 177 172 143
4.790 22.076 0.262 177 173 144
4.796 22.059 0.860 170 172 148
4.796 22.163 0.184 160 161 130
4.792 22.084 0.347 179 175 146
4.795 22.080 0.632 178 173 144
4.789 22.096 0.037 69 82 72
4.799 22.068 1.077 180 174 158
4.797 22.078 0.839 177 171 147
4.790 22.091 0.133 165 162 129
4.791 22.117 0.044 65 78 69
4.789 22.083 0.129 167 164 131
4.798 22.067 1.007 177 174 155
4.800 22.057 1.281 166 160 136
4.797 22.083 0.857 176 170 146
4.798 22.120 0.639 176 169 141
4.794 22.128 0.283 173 170 139
4.794 22.164 0.009 78 90 78
4.799 22.089 0.952 175 167 146
4.798 22.113 0.748 173 169 142
4.794 22.100 0.485 177 172 143
4.794 22.065 0.690 178 173 144
4.790 22.076 0.246 176 172 143
4.797 22.056 0.972 175 168 149
4.792 22.114 0.197 169 166 133
4.793 22.073 0.508 181 174 146
4.792 22.094 0.312 178 174 147
4.791 22.109 0.122 156 160 137
4.788 22.079 0.089 77 90 72
4.797 22.095 0.778 176 170 144
4.796 22.099 0.672 174 169 140
4.796 22.120 0.473 173 172 144
4.796 22.091 0.700 177 172 143
4.796 22.102 0.635 175 170 141
4.793 22.128 0.209 169 166 133
4.791 22.103 0.108 103 115 93
4.795 22.132 0.310 172 168 139
4.793 22.088 0.392 179 175 148
4.795 22.171 0.039 63 76 66
4.790 22.086 0.146 166 166 132
4.794 22.084 0.541 179 174 145
4.793 22.069 0.586 179 174 144
4.797 22.110 0.657 175 170 141
4.795 22.085 0.595 178 173 144
4.800 22.062 1.257 166 161 141
4.793 22.135 0.100 77 86 67
4.800 22.077 1.101 177 172 153
4.796 22.087 0.674 177 172 143
4.796 22.086 0.673 178 173 144
4.798 22.084 0.920 175 167 146
4.793 22.126 0.207 169 166 133
4.798 22.068 1.043 180 174 158
4.791 22.115 0.110 125 130 108
4.796 22.144 0.356 174 169 139
4.795 22.167 0.091 70 78 63
4.797 22.061 0.966 178 170 151
4.792 22.088 0.351 179 175 148
4.797 22.176 0.190 159 158 128
4.796 22.093 0.640 177 172 143
4.800 22.097 1.017 174 169 150
4.798 22.162 0.391 173 172 144
4.801 22.162 0.556 171 170 142
4.799 22.160 0.450 174 173 145
4.799 22.129 0.679 173 169 142
4.799 22.184 0.256 168 163 133
4.800 22.097 1.015 174 169 150
4.800 22.146 0.585 174 168 142
4.799 22.176 0.328 173 168 138
4.798 22.191 0.121 153 152 132
4.804 22.147 0.787 170 166 137
4.801 22.112 0.916 172 166 140
4.805 22.135 0.937 172 166 140
4.803 22.163 0.612 171 170 142
4.798 22.193 0.125 152 151 131
4.800 22.135 0.715 171 167 138
4.800 22.102 0.950 174 166 143
4.799 22.183 0.276 171 166 134
4.805 22.125 1.024 171 165 143
4.800 22.129 0.721 172 168 141
4.802 22.095 1.112 173 168 148
4.802 22.148 0.681 171 167 140
4.802 22.130 0.853 172 166 142
4.798 22.187 0.200 158 157 127
4.801 22.157 0.549 170 170 142
4.797 22.179 0.209 164 159 129
4.800 22.098 0.991 173 166 147
4.801 22.125 0.801 172 166 142
4.803 22.097 1.164 173 165 144
4.801 22.148 0.629 174 169 140
4.801 22.136 0.752 171 167 138
4.799 22.126 0.710 173 168 139
4.805 22.161 0.768 171 166 137
4.801 22.057 1.365 164 161 144
4.800 22.128 0.766 170 166 139
4.799 22.162 0.406 173 172 144
4.801 22.175 0.405 172 171 141
4.799 22.134 0.663 173 168 139
4.803 22.145 0.782 171 167 140
4.800 22.137 0.650 175 170 141
4.802 22.170 0.539 173 169 144
4.802 22.128 0.868 172 166 140
4.803 22.136 0.838 171 166 137
4.801 22.108 0.959 172 166 142
4.800 22.186 0.273 171 166 134
4.799 22.131 0.683 173 169 142
4.800 22.166 0.458 173 172 144
4.800 22.122 0.797 173 167 143
4.801 22.114 0.930 173 165 142
4.798 22.170 0.303 172 167 137
4.800 22.186 0.273 172 167 135
4.802 22.146 0.733 171 167 142
4.799 22.167 0.389 172 171 143
4.804 22.162 0.696 170 166 139
4.800 22.123 0.808 172 168 143
4.806 22.165 0.802 170 166 137
4.801 22.105 0.997 172 165 146
4.799 22.163 0.445 176 172 145
4.799 22.121 0.754 173 169 142
4.802 22.129 0.864 171 165 139
4.805 22.171 0.674 170 166 139
4.804 22.137 0.880 169 165 138
4.804 22.146 0.800 170 166 141
4.799 22.163 0.421 173 172 144
4.802 22.073 1.276 165 158 139
4.799 22.149 0.513 174 170 143
4.803 22.109 1.087 171 166 144
4.801 22.129 0.788 174 168 142
4.798 22.186 0.199 158 157 127
4.798 22.161 0.376 172 171 141
4.805 22.146 0.901 169 163 137
4.802 22.123 0.870 172 166 140
4.800 22.187 0.279 171 166 134
4.800 22.157 0.520 174 170 145
4.799 22.161 0.444 177 173 146
4.802 22.164 0.572 173 169 140
4.800 22.187 0.271 170 165 133
4.801 22.132 0.743 172 168 139
4.802 22.151 0.693 172 166 140
4.804 22.117 1.040 171 166 147
4.802 22.093 1.139 174 167 151
4.802 22.084 1.186 169 163 141
4.803 22.101 1.129 172 166 150
4.802 22.097 1.076 174 169 150
4.805 22.147 0.867 170 165 136
4.799 22.182 0.245 166 163 132
4.804 22.169 0.629 172 168 139
4.802 22.177 0.494 173 172 144
4.801 22.124 0.827 171 167 138
4.804 22.103 1.134 173 167 151
4.802 22.166 0.549 170 170 142
4.802 22.128 0.842 172 166 140
4.801 22.079 1.200 171 160 138
4.802 22.116 0.933 174 166 143
4.802 22.071 1.286 163 156 137
4.802 22.089 1.171 171 163 142
4.804 22.168 0.660 172 168 141
4.801 22.178 0.393 171 170 142
4.799 22.155 0.479 172 171 143
4.802 22.104 1.038 172 167 148
4.806 22.156 0.850 170 165 136
4.801 22.108 0.970 174 166 143
4.802 22.149 0.681 171 167 140
4.800 22.082 1.120 178 171 152
4.799 22.131 0.666 174 168 142
4.801 22.129 0.780 172 168 143
4.802 22.172 0.504 175 171 144
4.802 22.092 1.154 174 167 149
4.805 22.134 0.967 171 164 138
4.800 22.103 0.915 174 166 143
4.800 22.154 0.543 175 170 141
4.805 22.140 0.924 172 165 139
4.799 22.168 0.374 171 170 140
4.799 22.139 0.614 174 170 141
4.801 22.083 1.159 171 164 145
4.801 22.156 0.585 173 167 141
4.800 22.123 0.796 173 167 141
4.803 22.158 0.668 171 167 140
4.799 22.189 0.226 163 158 129
4.800 22.163 0.471 172 171 143
4.799 22.164 0.385 172 171 141
4.800 22.176 0.351 172 169 138
4.799 22.189 0.242 163 162 132
4.799 22.127 0.715 172 168 139
4.797 22.175 0.225 166 163 132
4.800 22.105 0.913 174 167 141
4.801 22.121 0.878 171 167 140
4.801 22.112 0.918 172 166 140
4.801 22.100 1.024 173 168 149
4.798 22.174 0.271 172 167 135
4.799 22.152 0.488 172 171 143
4.803 22.129 0.905 171 165 139
4.801 22.106 0.959 174 166 145
4.802 22.120 0.939 172 166 142
4.799 22.188 0.198 158 157 127
4.803 22.153 0.689 172 166 140
4.801 22.109 0.936 173 167 143
4.801 22.144 0.669 174 168 142
4.802 22.153 0.649 173 168 139
4.800 22.173 0.411 172 171 141
4.802 22.179 0.476 174 173 145
4.803 22.139 0.816 171 165 139
4.802 22.140 0.740 171 167 138
4.799 22.121 0.756 173 169 142
4.800 22.144 0.605 173 169 140
4.802 22.082 1.212 171 158 139
4.799 22.136 0.645 175 170 141
4.799 22.129 0.676 173 169 142
4.803 22.123 0.969 172 165 139
4.801 22.181 0.409 171 170 140
4.799 22.164 0.410 173 172 144
4.801 22.124 0.844 172 166 142
4.802 22.171 0.496 175 171 144
4.803 22.091 1.198 169 163 141
4.803 22.123 0.938 172 166 140
4.802 22.140 0.758 171 167 138
4.798 22.158 0.397 172 171 143
4.805 22.143 0.886 169 165 138
4.801 22.123 0.863 172 166 142
4.800 22.173 0.393 172 171 143
4.800 22.118 0.819 172 168 141
4.801 22.070 1.245 161 156 136
4.802 22.076 1.259 166 161 141
4.801 22.165 0.518 173 169 144
4.802 22.170 0.525 173 169 144
4.800 22.113 0.887 172 168 141
4.799 22.184 0.250 164 163 133
4.805 22.161 0.749 170 166 137
4.804 22.171 0.603 173 169 142
4.801 22.158 0.565 172 168 139
4.806 22.168 0.754 169 165 136
4.799 22.134 0.636 174 168 142
4.802 22.126 0.859 171 165 141
4.805 22.131 0.996 170 162 139
4.799 22.140 0.578 174 168 142
4.803 22.155 0.714 172 167 138
4.803 22.143 0.770 170 166 139
4.797 22.172 0.258 170 165 135
4.802 22.141 0.773 170 166 139
4.801 22.071 1.246 161 156 136
4.801 22.085 1.123 176 169 150
4.805 22.134 0.973 172 165 139
4.805 22.150 0.828 169 164 135
4.801 22.088 1.138 174 167 151
4.802 22.093 1.158 174 167 148
4.799 22.109 0.860 173 167 143
4.800 22.170 0.426 176 172 143
4.801 22.109 0.928 173 165 142
4.798 22.180 0.234 165 162 131
4.803 22.090 1.182 169 163 141
4.801 22.131 0.775 171 167 140
4.801 22.116 0.903 172 166 140
4.798 22.177 0.258 169 164 134
4.804 22.145 0.858 171 165 139
4.799 22.182 0.259 171 166 136
4.804 22.152 0.759 170 166 137
4.801 22.154 0.617 175 170 140
4.800 22.101 0.973 175 167 146
4.804 22.158 0.739 169 165 136
4.803 22.147 0.778 170 166 139
4.800 22.161 0.484 173 172 144
4.802 22.082 1.204 173 162 142
4.802 22.135 0.821 171 165 139
4.802 22.087 1.190 170 164 142
4.797 22.192 0.068 64 77 70
4.800 22.101 0.974 175 167 146
4.804 22.113 1.068 168 166 141
4.801 22.095 1.081 173 168 149
4.803 22.125 0.917 171 165 139
4.801 22.109 0.965 174 166 143
4.801 22.113 0.932 173 165 142
4.800 22.144 0.645 174 169 140
4.804 22.127 0.997 171 163 140
4.802 22.089 1.170 171 163 142
4.804 22.153 0.779 169 165 138
4.802 22.078 1.241 167 162 142
4.805 22.142 0.890 169 165 138
4.799 22.163 0.413 173 172 144
4.802 22.115 0.941 172 166 142
4.799 22.157 0.468 173 172 144
4.799 22.147 0.564 174 168 142
4.802 22.173 0.521 173 169 144
4.802 22.152 0.636 174 168 142
4.804 22.138 0.871 171 166 137
4.800 22.117 0.829 172 168 139
4.804 22.129 0.928 172 165 139
4.799 22.179 0.313 172 167 137
4.804 22.155 0.767 170 166 137
4.803 22.153 0.723 170 166 139
4.803 22.135 0.871 171 166 137
4.799 22.189 0.203 158 157 127
4.798 22.162 0.373 171 170 140
4.802 22.120 0.895 172 166 140
4.801 22.084 1.126 176 169 151
4.799 22.137 0.597 173 169 142
4.800 22.116 0.863 172 166 142
4.800 22.139 0.662 173 168 139
4.798 22.168 0.307 172 167 137
4.802 22.147 0.731 171 167 142
4.805 22.143 0.907 170 164 138
4.803 22.090 1.188 169 163 141
4.804 22.109 1.095 171 166 144
4.803 22.155 0.689 172 166 140
4.801 22.063 1.322 161 158 139
4.801 22.077 1.196 168 160 137
4.799 22.132 0.669 174 168 142
4.800 22.118 0.843 173 167 143
4.801 22.094 1.081 174 169 150
4.804 22.160 0.705 171 166 137
4.798 22.186 0.156 154 153 123
4.802 22.111 0.973 174 166 143
4.805 22.134 0.975 172 166 140
4.800 22.085 1.099 175 170 151
4.801 22.132 0.795 172 168 141
4.803 22.145 0.765 171 167 140
4.805 22.134 0.954 171 165 139
4.798 22.171 0.290 171 166 136
4.805 22.147 0.900 169 163 137
4.799 22.184 0.255 168 163 133
4.805 22.165 0.721 170 166 137
4.805 22.158 0.803 168 164 135
4.800 22.100 0.967 175 167 146
4.800 22.167 0.434 176 172 145
4.800 22.131 0.720 172 168 141
4.801 22.094 1.053 175 170 150
4.800 22.184 0.299 171 166 136
4.800 22.096 0.994 174 167 148
4.802 22.122 0.906 171 165 139
4.804 22.154 0.764 170 166 137
4.798 22.167 0.350 173 168 138
4.800 22.104 0.920 174 166 145
4.801 22.093 1.098 174 169 149
4.803 22.102 1.089 172 167 147
4.804 22.133 0.933 172 165 139
4.801 22.059 1.354 166 160 138
4.801 22.083 1.184 167 161 139
4.803 22.100 1.141 175 168 152
4.801 22.075 1.211 172 160 138
4.803 22.118 0.974 173 165 142
4.805 22.164 0.755 170 166 137
4.801 22.073 1.225 164 158 136
4.800 22.137 0.702 172 167 138
4.803 22.103 1.100 172 167 147
4.798 22.159 0.420 173 172 144
4.798 22.175 0.281 170 165 133
4.803 22.148 0.763 171 167 138
4.803 22.136 0.846 171 165 139
4.803 22.104 1.082 172 167 148
4.800 22.087 1.090 174 169 150
4.802 22.098 1.101 173 168 148
4.803 22.139 0.816 171 165 139
4.800 22.166 0.467 173 172 144
4.800 22.107 0.924 175 167 146
4.800 22.120 0.837 173 167 141
4.801 22.131 0.777 171 167 140
4.802 22.166 0.562 171 170 140
4.803 22.120 0.996 172 164 141
4.801 22.115 0.898 172 166 140
4.801 22.131 0.769 172 168 141
4.800 22.082 1.119 178 171 152
4.801 22.141 0.696 172 167 138
4.804 22.150 0.813 170 164 140
4.799 22.133 0.663 173 168 139
4.797 22.173 0.253 169 166 135
4.803 22.145 0.765 171 167 140
4.801 22.100 1.010 173 168 148
4.801 22.076 1.197 168 160 137
4.803 22.147 0.738 171 168 137
4.805 22.150 0.820 170 164 138
4.802 22.152 0.663 172 167 138
4.801 22.067 1.267 165 158 139
4.801 22.181 0.382 169 168 138
4.799 22.185 0.218 163 158 129
4.799 22.117 0.783 174 169 140
4.803 22.157 0.655 172 168 141
4.805 22.145 0.886 169 165 138
4.801 22.122 0.842 173 167 143
4.803 22.115 1.015 171 166 144
4.800 22.173 0.400 171 170 140
4.804 22.145 0.842 171 166 137
4.798 22.165 0.322 174 169 139
4.799 22.169 0.394 172 171 143
4.801 22.075 1.217 167 161 139
4.802 22.169 0.518 173 169 144
4.799 22.158 0.472 172 171 143
4.801 22.089 1.110 174 169 149
4.803 22.109 1.043 170 167 148
4.801 22.071 1.255 161 156 136
4.804 22.136 0.904 170 164 138
4.802 22.141 0.736 171 167 138
4.802 22.066 1.325 158 156 135
4.798 22.171 0.274 171 166 134
4.803 22.098 1.122 172 167 148
4.801 22.145 0.653 174 169 140
4.799 22.172 0.337 172 167 137
4.802 22.111 0.971 174 166 143
4.803 22.107 1.064 169 167 142
4.803 22.089 1.205 172 161 141
4.803 22.173 0.582 173 167 141
4.802 22.095 1.110 173 168 148
4.798 22.160 0.387 173 172 144
4.801 22.080 1.172 172 164 141
4.803 22.156 0.679 172 168 141
4.799 22.164 0.437 176 172 145
4.801 22.138 0.729 171 167 142
4.801 22.136 0.752 172 168 139
4.800 22.120 0.789 173 167 141
4.802 22.094 1.107 172 167 147
4.805 22.161 0.754 170 166 137
4.802 22.120 0.906 172 166 140
4.802 22.161 0.618 171 170 142
4.804 22.133 0.944 171 165 139
4.798 22.164 0.357 173 170 139
4.803 22.123 0.961 171 165 139
4.798 22.152 0.454 173 172 144
4.802 22.123 0.898 171 165 139
4.800 22.090 1.052 174 169 150
4.801 22.155 0.614 175 170 140
4.802 22.082 1.196 170 162 141
4.798 22.188 0.187 158 154 127
4.798 22.163 0.389 173 172 144
4.804 22.112 1.070 168 166 141
4.801 22.181 0.393 171 170 142
4.804 22.161 0.696 170 166 139
4.802 22.153 0.657 173 168 139
4.801 22.075 1.190 168 162 138
4.802 22.146 0.686 172 168 141
4.801 22.121 0.866 172 166 142
4.813 22.172 2.070 174 161 142
4.811 22.147 2.078 172 159 140
4.804 22.065 1.715 175 166 149
4.806 22.074 1.924 175 167 144
4.804 22.069 1.622 172 164 145
4.805 22.054 1.915 184 172 150
4.805 22.051 1.937 184 172 150
4.803 22.065 1.528 175 169 147
4.808 22.109 1.905 175 167 148
4.808 22.125 1.824 175 163 149
4.813 22.175 2.057 174 161 144
4.805 22.068 1.800 180 168 152
4.809 22.120 1.925 175 167 146
4.808 22.109 1.864 174 165 148
4.807 22.089 1.933 176 168 147
4.805 22.053 1.954 184 173 151
4.810 22.135 1.993 176 163 144
4.809 22.094 2.104 166 154 130
4.804 22.080 1.553 170 162 143
4.809 22.119 1.896 175 167 148
4.809 22.123 1.920 175 167 146
4.805 22.078 1.753 172 165 147
4.806 22.097 1.681 170 161 144
4.807 22.114 1.759 173 164 149
4.806 22.064 1.931 179 171 148
4.803 22.069 1.503 160 151 136
4.810 22.131 2.025 177 165 143
4.804 22.078 1.591 171 163 144
4.804 22.074 1.586 170 162 143
4.808 22.113 1.903 175 167 148
4.805 22.054 1.899 183 172 152
4.809 22.135 1.873 176 165 147
4.806 22.050 2.034 184 175 144
4.805 22.086 1.643 168 161 142
4.809 22.110 2.081 172 160 136
4.805 22.082 1.680 172 164 145
4.809 22.118 1.948 177 166 146
4.804 22.068 1.731 174 165 148
4.803 22.064 1.576 179 166 149
4.805 22.054 1.974 184 174 149
4.813 22.181 2.086 174 161 142
4.805 22.069 1.865 174 165 148
4.805 22.085 1.716 171 162 145
4.805 22.068 1.814 176 167 150
4.808 22.117 1.790 174 164 152
4.808 22.092 2.031 177 165 141
4.813 22.174 2.089 173 160 141
4.805 22.054 1.893 180 172 151
4.804 22.062 1.715 178 169 152
4.806 22.050 2.088 179 168 140
4.809 22.099 2.122 157 145 121
4.807 22.064 2.087 177 165 139
4.809 22.116 2.011 177 165 143
4.810 22.125 2.093 168 155 136
4.808 22.077 2.122 157 145 121
4.812 22.165 2.069 173 160 141
4.805 22.069 1.858 174 165 148
4.806 22.058 1.986 181 173 152
4.809 22.096 2.126 155 143 119
4.807 22.118 1.730 170 163 145
4.807 22.090 1.970 178 166 144
4.806 22.069 1.945 179 168 146
4.808 22.102 2.021 176 164 140
4.808 22.093 2.057 175 163 139
4.806 22.080 1.868 175 167 148
4.811 22.135 2.064 173 161 139
4.808 22.123 1.843 176 164 150
4.806 22.095 1.670 170 161 144
4.803 22.075 1.552 170 162 143
4.805 22.056 1.903 184 171 152
4.805 22.096 1.649 169 162 144
4.808 22.099 2.015 177 165 141
4.807 22.113 1.713 170 161 144
4.809 22.105 2.093 169 157 133
4.804 22.056 1.712 179 171 152
4.806 22.054 2.013 182 175 147
4.809 22.138 1.863 173 164 147
4.810 22.151 1.897 175 166 149
4.805 22.081 1.718 170 161 144
4.805 22.082 1.671 173 165 146
4.814 22.181 2.107 170 157 138
4.805 22.080 1.653 169 162 143
4.804 22.070 1.602 173 162 144
4.806 22.071 1.974 180 168 144
4.804 22.080 1.538 170 162 143
4.811 22.149 1.954 177 164 145
4.806 22.081 1.855 173 164 147
4.806 22.092 1.771 174 165 150
4.813 22.169 2.058 174 161 142
4.809 22.119 1.949 176 165 145
4.811 22.143 1.994 176 163 144
4.804 22.064 1.748 178 171 153
4.807 22.097 1.886 176 165 145
4.811 22.126 2.114 164 153 131
4.804 22.071 1.591 170 162 143
4.806 22.096 1.669 170 161 144
4.806 22.052 2.018 184 175 146
4.812 22.154 2.122 163 148 129
4.805 22.092 1.678 171 162 145
4.806 22.077 1.823 173 165 146
4.808 22.124 1.821 176 164 150
4.807 22.112 1.722 172 163 146
4.806 22.066 1.916 177 169 146
4.813 22.174 2.129 157 145 119
4.804 22.072 1.601 172 161 143
4.805 22.050 1.945 184 172 150
4.806 22.092 1.735 172 163 146
4.807 22.113 1.788 174 164 152
4.807 22.079 2.054 175 165 138
4.807 22.061 2.132 135 126 97
4.801 22.057 1.405 163 160 143
4.810 22.140 1.883 177 164 147
4.808 22.089 2.065 175 163 139
4.805 22.076 1.735 173 164 147
4.804 22.055 1.733 178 171 153
4.806 22.069 1.933 176 168 145
4.806 22.062 2.012 183 173 146
4.805 22.085 1.660 170 163 145
4.804 22.077 1.557 172 161 143
4.802 22.057 1.552 179 163 148
4.805 22.096 1.611 169 160 143
4.809 22.115 2.016 177 165 143
4.810 22.134 2.018 177 165 143
4.807 22.076 2.021 178 168 141
4.812 22.162 2.010 176 163 144
4.803 22.068 1.555 174 163 145
4.810 22.150 1.891 175 166 149
4.802 22.055 1.464 167 161 135
4.811 22.141 2.066 173 161 139
4.806 22.091 1.782 175 165 153
4.804 22.055 1.824 181 172 155
4.809 22.101 2.130 149 139 112
4.805 22.054 1.946 183 172 150
4.806 22.062 1.948 182 171 149
4.808 22.111 1.903 175 167 148
4.809 22.111 2.005 177 165 143
4.806 22.087 1.747 173 164 147
4.810 22.126 1.980 177 164 145
4.804 22.086 1.573 173 160 144
4.805 22.086 1.735 173 164 147
4.812 22.166 2.050 174 161 142
4.803 22.057 1.632 175 169 143
4.809 22.101 2.083 173 161 137
4.807 22.072 2.056 176 166 139
4.804 22.050 1.889 182 171 149
4.808 22.129 1.785 174 164 152
4.805 22.068 1.810 177 165 149
4.807 22.091 1.847 175 164 146
4.807 22.087 1.954 178 167 145
4.806 22.092 1.821 175 163 147
4.807 22.066 2.102 170 158 132
4.811 22.156 1.993 176 164 142
4.807 22.078 2.043 176 166 139
4.807 22.097 1.926 175 167 146
4.813 22.164 2.091 172 159 140
4.804 22.057 1.774 183 174 157
4.811 22.140 2.098 169 156 137
4.812 22.159 1.994 176 164 142
4.810 22.139 1.936 172 164 143
4.809 22.101 2.108 164 152 128
4.809 22.136 1.833 175 163 147
4.809 22.121 1.924 175 167 146
4.804 22.072 1.620 172 161 143
4.811 22.140 2.053 175 163 141
4.806 22.075 1.846 174 166 147
4.809 22.126 1.893 175 166 149
4.806 22.058 1.999 181 175 151
4.808 22.108 1.900 175 167 148
4.804 22.053 1.748 180 173 155
4.807 22.095 1.896 174 166 145
4.812 22.161 2.071 173 160 141
4.802 22.062 1.513 169 162 144
4.804 22.062 1.672 177 169 150
4.805 22.085 1.663 169 162 144
4.806 22.093 1.814 175 166 149
4.805 22.087 1.596 170 161 144
4.806 22.082 1.822 174 165 148
4.811 22.158 1.990 176 164 142
4.807 22.090 1.863 176 164 148
4.811 22.140 2.078 172 160 138
4.804 22.082 1.569 173 160 143
4.806 22.073 1.954 178 167 145
4.809 22.122 1.894 175 167 148
4.807 22.081 2.036 176 166 139
4.804 22.078 1.638 170 162 143
4.809 22.111 1.998 176 163 144
4.807 22.064 2.075 178 168 141
4.813 22.174 2.055 174 161 144
4.807 22.069 2.080 176 164 138
4.806 22.072 1.970 180 168 144
4.809 22.121 1.983 177 164 145
4.810 22.130 2.025 177 165 143
4.814 22.182 2.091 173 160 141
4.808 22.090 2.046 177 165 141
4.805 22.091 1.582 172 160 144
4.807 22.115 1.729 171 162 145
4.804 22.057 1.753 182 173 156
4.807 22.081 1.939 175 167 144
4.810 22.139 1.929 173 165 146
4.810 22.114 2.135 151 139 115
4.803 22.065 1.509 166 157 140
4.804 22.079 1.600 173 162 144
4.813 22.161 2.131 155 143 119
4.809 22.132 1.856 173 164 147
4.806 22.054 2.050 183 174 145
4.809 22.138 1.845 175 163 147
4.807 22.112 1.792 173 165 152
4.803 22.058 1.606 175 169 143
4.808 22.122 1.824 175 163 149
4.803 22.072 1.487 161 153 132
4.804 22.084 1.601 171 160 142
4.806 22.075 1.957 177 166 144
4.810 22.139 1.939 175 164 144
4.804 22.079 1.540 170 162 143
4.803 22.058 1.592 183 167 152
4.807 22.104 1.865 175 163 147
4.807 22.060 2.129 143 133 106
4.809 22.124 1.874 176 165 147
4.813 22.178 2.088 173 160 141
4.809 22.123 1.927 174 166 145
4.809 22.123 1.929 173 165 144
4.806 22.068 1.909 176 168 145
4.810 22.137 1.954 177 164 145
4.803 22.055 1.597 177 166 148
4.804 22.069 1.639 171 163 144
4.804 22.086 1.556 169 160 143
4.809 22.123 1.903 174 166 147
4.804 22.078 1.633 170 162 143
4.809 22.134 1.905 175 166 149
4.803 22.072 1.527 169 163 141
4.802 22.055 1.487 163 155 132
4.812 22.156 2.051 174 161 142
4.806 22.054 1.998 182 175 149
4.806 22.051 2.067 182 172 145
4.804 22.063 1.749 178 171 153
4.810 22.118 2.103 166 155 135
4.813 22.174 2.102 171 158 139
4.805 22.088 1.687 169 160 143
4.805 22.071 1.828 174 166 147
4.803 22.053 1.695 179 168 148
4.807 22.092 1.885 176 165 145
4.809 22.102 2.043 176 164 140
4.806 22.069 1.880 177 169 148
4.807 22.115 1.740 171 164 146
4.805 22.056 1.906 184 171 152
4.806 22.067 1.932 178 170 147
4.807 22.110 1.751 173 164 147
4.805 22.049 1.918 183 172 150
4.810 22.118 2.046 175 163 139
4.802 22.060 1.425 161 158 139
4.811 22.143 1.990 176 163 144
4.806 22.090 1.842 175 164 146
4.809 22.105 2.068 173 161 137
4.807 22.093 1.893 174 166 145
4.806 22.048 2.047 184 173 143
4.809 22.100 2.137 141 130 98
4.807 22.111 1.751 173 164 147
4.807 22.069 2.131 138 128 101
4.807 22.105 1.833 175 164 146
4.805 22.070 1.729 174 165 148
4.805 22.087 1.717 171 162 145
4.809 22.124 1.924 175 167 146
4.802 22.057 1.532 175 167 144
4.809 22.136 1.881 177 164 147
4.804 22.081 1.532 168 160 139
4.809 22.120 1.981 177 164 145
4.803 22.058 1.644 174 168 142
4.807 22.103 1.756 173 164 147
4.806 22.084 1.874 174 166 145
4.803 22.071 1.547 173 160 143
4.808 22.086 2.099 169 157 133
4.805 22.080 1.712 171 162 145
4.812 22.155 2.031 177 164 145
4.806 22.076 1.900 176 168 145
4.808 22.126 1.779 174 164 152
4.808 22.088 2.024 177 165 141
4.807 22.097 1.884 176 165 145
4.806 22.054 2.130 153 143 118
4.814 22.183 2.097 172 159 140
4.807 22.087 1.895 175 167 146
4.810 22.130 2.054 174 162 140
4.805 22.055 1.903 184 172 150
4.808 22.116 1.907 175 167 148
4.808 22.096 2.021 176 164 140
4.811 22.130 2.119 160 149 127
4.808 22.109 1.934 174 168 146
4.806 22.095 1.777 173 163 151
4.803 22.057 1.557 179 163 148
4.806 22.093 1.745 172 163 146
4.811 22.142 2.018 177 165 143
4.810 22.152 1.908 175 166 149
4.810 22.141 1.862 173 164 147
4.806 22.059 1.977 184 172 146
4.805 22.055 1.896 183 172 152
4.806 22.078 1.917 175 167 144
4.805 22.050 1.953 184 172 150
4.809 22.130 1.932 173 165 144
4.807 22.095 1.865 176 164 148
4.805 22.055 1.915 184 172 150
4.805 22.072 1.785 174 167 149
4.807 22.077 2.047 176 166 139
4.811 22.138 2.039 175 163 139
4.802 22.058 1.421 158 160 146
4.812 22.149 2.073 172 159 140
4.806 22.097 1.746 172 163 146
4.808 22.103 1.927 175 167 146
4.805 22.068 1.843 177 169 150
4.809 22.137 1.843 176 164 150
4.810 22.134 1.980 176 165 145
4.803 22.061 1.593 176 169 150
4.809 22.101 2.111 164 152 128
4.810 22.147 1.906 175 166 149
4.804 22.058 1.791 183 174 157
4.809 22.138 1.866 174 165 148
4.802 22.059 1.408 155 159 142
4.814 22.183 2.073 175 162 145
4.806 22.089 1.802 174 165 148
4.804 22.078 1.591 171 163 144
4.805 22.086 1.685 169 160 143
4.808 22.096 2.018 176 164 140
4.811 22.150 2.020 176 164 142
4.808 22.085 2.095 171 159 135
4.804 22.051 1.804 179 172 156
4.808 22.103 1.928 175 167 146
4.806 22.064 1.947 182 171 149
4.811 22.127 2.137 150 135 112
4.805 22.054 1.856 179 172 156
4.808 22.081 2.108 168 156 132
4.803 22.064 1.524 175 169 147
4.807 22.083 2.024 177 165 141
4.810 22.127 2.064 173 161 139
4.809 22.122 1.996 176 163 144
4.804 22.051 1.870 180 173 155
4.804 22.063 1.687 175 167 148
4.810 22.134 2.026 177 165 143
4.808 22.116 1.909 175 167 148
4.809 22.121 1.880 177 164 147
4.805 22.076 1.805 177 165 149
4.804 22.075 1.675 170 162 143
4.813 22.165 2.086 172 159 140
4.806 22.065 1.953 181 171 146
4.810 22.134 1.915 175 167 148
4.808 22.108 1.877 176 165 147
4.807 22.062 2.079 179 167 141
4.807 22.065 2.120 157 145 119
4.810 22.139 1.972 175 164 144
4.811 22.148 1.977 176 165 145
4.806 22.067 1.995 181 171 146
4.805 22.081 1.710 171 162 145
4.808 22.117 1.825 176 164 150
4.809 22.119 1.965 179 164 145
4.803 22.056 1.607 175 167 146
4.807 22.083 1.950 177 166 144
4.806 22.058 2.045 180 173 144
4.812 22.164 2.042 175 162 143
4.808 22.084 2.040 176 164 138
4.804 22.063 1.707 177 169 150
4.805 22.079 1.791 177 165 151
4.812 22.158 2.100 171 156 137
4.812 22.149 2.124 159 148 126
4.810 22.114 2.106 164 153 131
4.807 22.091 1.853 176 164 148
4.807 22.083 1.908 175 167 146
4.808 22.100 1.986 177 165 143
4.809 22.131 1.879 177 164 147
4.807 22.099 1.859 175 163 147
4.807 22.116 1.710 170 161 144
4.806 22.071 1.868 174 166 147
4.803 22.078 1.507 164 155 138
4.807 22.095 1.823 175 164 146
4.812 22.159 2.036 176 163 144
4.810 22.139 1.963 177 164 145
4.808 22.114 1.837 175 164 146
4.804 22.065 1.669 173 165 146
4.804 22.055 1.783 181 174 156
4.805 22.057 1.957 184 173 151
4.807 22.096 1.812 175 166 149
4.807 22.105 1.847 175 164 146
4.810 22.114 2.111 163 152 130
4.813 22.170 2.082 173 160 141
4.806 22.077 1.860 173 164 147
4.807 22.103 1.755 173 164 147
4.812 22.152 2.142 141 128 93
4.814 22.186 2.127 160 149 129
4.810 22.122 2.128 153 144 113
4.804 22.064 1.672 177 169 150
4.803 22.076 1.512 165 156 139
4.812 22.166 1.989 176 163 144
4.808 22.084 2.083 173 161 137
4.812 22.167 1.987 176 163 144
4.806 22.098 1.673 169 160 143
4.803 22.053 1.682 176 168 149
4.804 22.068 1.731 174 165 148
4.804 22.053 1.735 178 171 153
4.810 22.132 2.027 177 165 143
4.808 22.127 1.816 174 164 152
4.813 22.174 2.090 173 160 141
4.807 22.106 1.741 172 163 148
4.805 22.063 1.825 180 172 153
4.807 22.104 1.787 175 165 155
4.805 22.076 1.802 177 165 149
4.808 22.087 2.118 161 149 125
4.812 22.152 2.108 166 155 137
4.806 22.075 1.892 175 167 144
4.812 22.159 2.074 173 160 141
4.805 22.070 1.743 173 166 148
4.809 22.108 2.074 172 160 136
4.811 22.143 2.045 174 162 140
4.810 22.135 1.941 175 164 144
4.811 22.143 2.051 174 162 140
4.811 22.153 1.908 175 166 149
4.805 22.095 1.622 168 161 143
4.806 22.082 1.864 175 166 149
4.805 22.054 1.962 184 173 151
4.811 22.138 2.025 177 165 143
4.806 22.073 1.889 175 167 144
4.802 22.060 1.491 166 155 137
4.810 22.137 1.903 175 166 149
4.804 22.063 1.714 177 168 151
4.803 22.065 1.617 177 166 146
4.810 22.114 2.103 165 154 132
4.803 22.065 1.545 176 163 146
4.805 22.052 1.930 181 173 150
4.808 22.112 1.840 176 164 150
4.809 22.120 1.892 175 167 148
4.808 22.101 1.994 177 165 143
4.805 22.051 2.021 185 174 146
4.803 22.067 1.551 175 164 146
4.811 22.136 2.125 158 147 125
4.804 22.086 1.569 173 161 145
4.807 22.081 2.049 176 166 139
4.810 22.132 1.946 176 165 145
4.807 22.113 1.754 173 164 149
4.805 22.057 1.866 179 174 155
4.806 22.075 1.868 174 166 147
4.807 22.108 1.771 173 163 153
4.805 22.055 1.883 180 172 151
4.805 22.062 1.913 179 171 148
4.803 22.063 1.549 178 165 148
4.802 22.059 1.446 168 155 139
4.809 22.113 1.959 179 164 145
4.806 22.052 2.057 182 173 144
4.805 22.095 1.619 170 161 144
4.812 22.166 2.048 175 162 143
4.809 22.121 1.893 175 167 148
4.809 22.126 1.947 176 165 145
4.808 22.097 2.014 177 165 141
4.809 22.122 1.961 179 164 145
4.806 22.071 1.880 175 167 146
4.810 22.129 2.072 174 162 140
4.805 22.074 1.822 174 165 148
4.805 22.088 1.704 172 164 145
4.805 22.080 1.662 169 162 143
4.810 22.144 1.859 174 165 148
4.809 22.121 1.907 175 167 148
4.812 22.154 2.051 174 161 142
4.811 22.154 1.971 175 164 144
4.803 22.063 1.517 172 165 146
4.812 22.165 2.030 175 162 143
4.805 22.079 1.671 171 163 144
4.809 22.110 1.994 176 163 144
4.805 22.058 1.968 185 175 150
4.811 22.139 2.054 175 163 141
4.805 22.081 1.774 174 165 150
4.805 22.067 1.843 179 171 152
4.806 22.052 2.018 185 174 146
4.808 22.108 1.873 176 165 147
4.805 22.090 1.620 169 161 142
4.806 22.088 1.733 173 164 147
4.807 22.098 1.892 174 166 145
4.808 22.080 2.127 146 139 113
4.802 22.057 1.428 159 160 146
4.811 22.136 2.129 154 142 118
4.810 22.129 2.009 176 164 142
4.804 22.087 1.574 172 159 143
4.811 22.141 2.000 176 163 144
4.808 22.115 1.812 172 162 152
4.806 22.084 1.768 175 166 151
4.809 22.108 2.055 176 164 140
4.811 22.136 2.076 171 158 139
4.806 22.061 2.058 182 172 145
4.806 22.067 1.936 179 171 148
4.810 22.131 1.984 176 163 144
4.808 22.126 1.778 174 164 154
4.810 22.125 2.096 168 155 136
4.805 22.073 1.745 172 165 147
4.804 22.051 1.874 180 173 154
4.807 22.097 1.921 175 167 146
4.807 22.082 1.981 178 166 142
4.808 22.113 1.925 175 167 146
4.802 22.056 1.539 178 167 145
4.807 22.113 1.771 173 163 153
4.806 22.101 1.727 172 163 146
4.806 22.099 1.737 172 163 148
4.806 22.103 1.663 168 161 143
4.805 22.080 1.737 174 165 150
4.812 22.163 2.007 176 163 144
4.802 22.064 1.480 163 152 134
4.808 22.116 1.870 176 164 148
4.806 22.105 1.679 170 161 144
4.805 22.061 1.922 180 172 149
4.806 22.054 2.019 183 176 148
4.803 22.067 1.581 176 165 147
4.808 22.114 1.871 176 165 147
4.806 22.053 2.100 174 164 139
4.802 22.059 1.462 166 155 135
4.804 22.087 1.581 172 160 144
4.807 22.118 1.742 172 164 145
4.805 22.053 1.984 183 172 150
4.808 22.078 2.131 145 135 108
4.812 22.161 2.065 173 160 141
4.807 22.103 1.782 175 165 155
4.806 22.088 1.732 173 164 147
4.811 22.151 2.029 175 163 141
4.814 22.180 2.138 150 135 114
4.808 22.126 1.789 174 164 152
4.809 22.107 2.009 177 165 143
4.806 22.050 2.116 172 160 136
4.805 22.076 1.810 176 164 148
4.813 22.177 2.036 174 161 144
4.811 22.148 2.045 174 162 140
4.803 22.053 1.666 175 166 149
4.806 22.083 1.818 175 166 149
4.812 22.158 2.013 175 164 142
4.805 22.052 1.904 184 172 150
4.813 22.170 2.100 171 158 139
4.811 22.161 1.954 176 163 144
4.805 22.094 1.663 168 161 143
4.807 22.089 1.864 176 164 148
4.804 22.057 1.699 181 170 150
4.808 22.095 2.015 176 164 140
4.806 22.081 1.851 173 164 147
4.809 22.097 2.071 173 161 137
4.803 22.079 1.521 168 160 139
4.807 22.091 1.965 178 167 145
4.809 22.134 1.852 173 164 147
4.811 22.154 1.939 175 164 144
4.807 22.091 1.910 175 167 146
4.806 22.087 1.794 175 166 151
4.803 22.056 1.572 180 164 149
4.805 22.096 1.598 169 160 143
4.808 22.112 1.919 175 167 146
4.811 22.129 2.111 164 153 131
4.807 22.098 1.920 175 167 146
4.806 22.055 2.076 178 171 145
4.809 22.114 1.981 176 163 144
4.807 22.073 2.071 177 167 140
4.804 22.086 1.563 172 160 144
4.810 22.129 2.054 174 162 140
4.810 22.110 2.123 157 147 122
4.811 22.131 2.120 159 148 126
4.810 22.128 2.044 174 162 138
4.805 22.069 1.852 175 166 149
4.809 22.112 2.059 175 163 139
4.809 22.123 1.978 177 164 145
4.810 22.123 2.130 152 140 114
4.805 22.067 1.857 176 167 150
4.803 22.067 1.596 174 167 148
4.813 22.170 2.108 169 156 137
4.814 22.186 2.127 160 149 129
4.810 22.143 1.942 175 164 144
4.807 22.112 1.727 172 163 146
4.807 22.065 2.131 137 127 100
4.810 22.138 1.879 177 164 147
4.807 22.106 1.788 175 165 155
4.811 22.125 2.124 156 146 121
4.809 22.134 1.888 175 166 149
4.808 22.095 1.985 177 165 143
4.808 22.162 1.060 168 163 141
4.805 22.110 1.435 163 152 130
4.812 22.185 1.715 170 163 145
4.810 22.172 1.464 163 152 132
4.806 22.130 1.169 169 164 142
4.805 22.122 1.168 170 165 143
4.809 22.153 1.661 170 162 143
4.807 22.122 1.721 171 162 145
4.812 22.178 1.812 174 165 150
4.805 22.138 0.985 170 164 138
4.805 22.105 1.517 166 155 135
4.813 22.179 1.971 177 164 145
4.808 22.162 1.185 165 160 138
4.806 22.131 1.153 170 165 145
4.808 22.149 1.397 162 154 131
4.809 22.152 1.458 162 154 131
4.802 22.063 1.351 161 156 134
4.808 22.157 1.254 161 156 134
4.810 22.172 1.396 161 153 134
4.806 22.129 1.323 163 155 134
4.807 22.126 1.584 168 160 141
4.806 22.143 1.077 168 163 143
4.804 22.097 1.365 164 156 133
4.811 22.168 1.817 176 164 150
4.808 22.152 1.291 162 154 131
4.807 22.144 1.269 160 155 136
4.804 22.099 1.376 162 154 131
4.809 22.167 1.355 164 154 129
4.810 22.151 1.723 170 161 144
4.808 22.165 1.070 170 166 141
4.813 22.178 1.932 176 164 148
4.806 22.155 0.891 169 165 138
4.805 22.114 1.337 166 155 137
4.808 22.155 1.371 163 152 132
4.805 22.102 1.409 163 152 130
4.808 22.151 1.425 163 152 130
4.810 22.178 1.379 163 155 134
4.804 22.099 1.322 165 157 136
4.807 22.125 1.582 170 159 141
4.806 22.146 1.082 169 164 144
4.809 22.158 1.387 162 154 133
4.808 22.146 1.470 162 151 129
4.802 22.062 1.393 163 155 136
4.807 22.140 1.258 158 156 135
4.805 22.119 1.161 170 163 144
4.808 22.140 1.513 162 156 134
4.810 22.170 1.519 166 155 135
4.808 22.157 1.289 161 155 133
4.805 22.119 1.145 171 164 146
4.813 22.177 1.972 176 163 144
4.806 22.107 1.631 168 161 143
4.804 22.085 1.453 163 152 130
4.806 22.134 1.252 160 155 135
4.807 22.148 1.202 164 159 137
4.810 22.157 1.687 172 160 144
4.806 22.137 1.207 164 159 137
4.803 22.074 1.415 162 156 134
4.805 22.113 1.344 163 155 136
4.807 22.153 0.992 172 165 139
4.807 22.138 1.305 161 155 133
4.811 22.173 1.591 167 158 141
4.806 22.134 1.263 161 156 136
4.807 22.143 1.313 160 153 135
4.805 22.129 1.078 170 165 145
4.813 22.187 1.842 176 166 154
4.806 22.139 1.181 162 160 137
4.809 22.160 1.532 166 155 135
4.804 22.102 1.259 162 156 140
4.803 22.096 1.242 167 162 143
4.807 22.163 0.868 169 164 134
4.808 22.139 1.495 162 154 133
4.810 22.165 1.591 167 159 140
4.808 22.148 1.379 163 153 128
4.809 22.162 1.329 162 154 135
4.809 22.160 1.347 164 153 131
4.810 22.165 1.616 167 159 140
4.811 22.174 1.588 166 158 139
4.808 22.158 1.145 168 162 138
4.810 22.146 1.869 176 164 148
4.805 22.104 1.380 164 153 131
4.808 22.165 1.131 168 161 142
4.809 22.158 1.415 162 151 131
4.806 22.148 1.038 169 163 141
4.809 22.136 1.742 170 163 145
4.806 22.138 1.112 171 166 147
4.809 22.163 1.471 163 150 131
4.807 22.126 1.467 162 154 131
4.804 22.099 1.312 163 157 135
4.806 22.138 1.195 162 160 137
4.809 22.152 1.628 168 161 143
4.805 22.134 0.986 170 164 138
4.812 22.175 1.858 177 165 151
4.806 22.126 1.269 162 155 136
4.807 22.147 1.207 163 158 136
4.805 22.119 1.218 165 160 140
4.812 22.174 1.805 175 166 151
4.806 22.103 1.594 170 158 142
4.812 22.183 1.680 170 161 144
4.807 22.141 1.376 164 154 129
4.804 22.088 1.416 162 155 129
4.806 22.118 1.546 165 158 140
4.806 22.114 1.440 163 153 128
4.803 22.096 1.213 168 161 142
4.806 22.121 1.376 164 154 129
4.806 22.123 1.430 164 153 131
4.808 22.127 1.719 171 162 145
4.806 22.116 1.433 164 153 131
4.813 22.183 1.990 176 163 146
4.806 22.116 1.576 171 160 142
4.807 22.142 1.333 165 152 133
4.802 22.072 1.339 163 158 138
4.808 22.145 1.528 163 155 134
4.806 22.141 1.059 170 165 143
4.805 22.132 1.068 168 166 143
4.806 22.122 1.369 164 153 131
4.808 22.150 1.345 165 152 133
4.805 22.116 1.226 165 160 140
4.805 22.103 1.378 162 154 131
4.808 22.133 1.650 168 160 141
4.802 22.073 1.364 164 158 136
4.809 22.165 1.445 162 154 131
4.806 22.123 1.414 163 152 132
4.812 22.179 1.823 178 166 152
4.811 22.166 1.684 172 160 144
4.804 22.095 1.378 163 155 134
4.807 22.162 0.948 169 164 135
4.808 22.134 1.742 170 163 145
4.810 22.178 1.376 163 155 134
4.812 22.177 1.910 176 164 148
4.808 22.137 1.516 163 155 134
4.807 22.153 1.014 168 164 139
4.805 22.092 1.545 166 159 141
4.804 22.106 1.291 166 155 137
4.806 22.106 1.612 169 160 143
4.807 22.150 1.118 166 163 146
4.807 22.131 1.473 163 152 130
4.808 22.156 1.240 161 156 134
4.808 22.124 1.738 170 163 145
4.808 22.164 1.053 168 162 140
4.810 22.154 1.672 171 159 143
4.806 22.139 1.191 163 161 138
4.807 22.145 1.134 169 164 144
4.810 22.172 1.488 162 154 133
4.807 22.142 1.374 164 153 131
4.805 22.117 1.184 165 163 140
4.802 22.078 1.265 166 159 140
4.805 22.114 1.322 163 157 135
4.810 22.170 1.583 168 160 141
4.811 22.176 1.662 169 162 144
4.809 22.148 1.691 172 159 140
4.808 22.150 1.291 162 154 131
4.805 22.104 1.534 166 158 139
4.807 22.135 1.317 161 155 133
4.808 22.130 1.640 166 159 141
4.810 22.162 1.648 168 160 139
4.808 22.167 1.111 169 164 145
4.803 22.100 1.151 174 167 148
4.812 22.177 1.907 176 164 150
4.802 22.063 1.381 162 155 136
4.809 22.155 1.568 168 157 137
4.808 22.148 1.423 163 152 130
4.809 22.165 1.402 161 153 134
4.809 22.171 1.306 163 155 132
4.808 22.144 1.383 163 153 128
4.810 22.166 1.549 165 157 136
4.806 22.142 0.987 170 164 138
4.810 22.163 1.574 168 160 141
4.808 22.155 1.256 159 157 134
4.810 22.148 1.824 176 164 148
4.809 22.161 1.442 164 153 131
4.804 22.092 1.487 164 156 135
4.805 22.110 1.325 163 156 137
4.808 22.170 1.058 168 163 141
4.809 22.166 1.438 163 152 130
4.805 22.125 1.183 166 164 141
4.809 22.166 1.296 161 155 131
4.809 22.141 1.695 171 159 143
4.806 22.153 0.902 169 163 137
4.807 22.118 1.710 170 161 144
4.806 22.123 1.243 162 157 137
4.807 22.118 1.652 172 160 144
4.808 22.142 1.528 163 155 134
4.810 22.164 1.679 169 160 143
4.808 22.159 1.170 167 160 141
4.805 22.115 1.305 164 156 133
4.814 22.186 2.039 175 162 145
4.805 22.132 1.023 170 164 140
4.804 22.091 1.554 168 159 142
4.807 22.139 1.438 165 154 132
4.807 22.162 1.040 169 161 138
4.808 22.132 1.787 173 163 151
4.809 22.147 1.657 168 160 141
4.803 22.076 1.487 161 153 132
4.805 22.101 1.520 167 156 136
4.810 22.155 1.686 172 160 144
4.806 22.152 0.968 170 163 135
4.809 22.136 1.734 170 163 145
4.808 22.132 1.706 170 161 144
4.804 22.099 1.346 165 154 132
4.807 22.114 1.692 169 162 143
4.813 22.181 2.019 174 163 145
4.811 22.155 1.873 177 165 149
4.810 22.151 1.712 169 160 143
4.806 22.132 1.137 169 164 145
4.804 22.087 1.469 160 154 130
4.811 22.156 1.845 177 165 149
4.804 22.088 1.399 164 153 133
4.807 22.142 1.319 161 153 134
4.809 22.141 1.798 172 164 153
4.810 22.168 1.456 161 153 132
4.805 22.122 1.055 168 166 145
4.807 22.148 1.158 166 161 141
4.809 22.143 1.717 170 161 144
4.811 22.176 1.670 171 162 145
4.809 22.175 1.252 161 156 134
4.806 22.122 1.455 162 156 132
4.806 22.151 0.973 171 164 136
4.811 22.161 1.882 177 166 148
4.802 22.080 1.264 166 159 140
4.808 22.162 1.084 169 164 142
4.811 22.170 1.733 171 164 146
4.810 22.145 1.849 173 164 147
4.805 22.117 1.257 161 156 134
4.812 22.179 1.854 177 168 153
4.806 22.128 1.338 165 154 132
4.805 22.097 1.557 167 158 141
4.806 22.118 1.400 163 152 132
4.807 22.128 1.399 163 151 129
4.812 22.179 1.805 173 164 149
4.802 22.066 1.338 161 156 136
4.808 22.137 1.569 165 158 139
4.812 22.176 1.772 173 166 150
4.808 22.148 1.419 162 151 129
4.813 22.177 2.025 174 163 145
4.808 22.128 1.717 172 163 146
4.804 22.110 1.205 166 161 139
4.807 22.160 1.002 168 163 134
4.811 22.162 1.744 171 164 148
4.807 22.155 0.976 171 163 140
4.808 22.126 1.669 169 160 145
4.805 22.122 1.085 170 165 145
4.809 22.148 1.541 164 157 138
4.806 22.140 1.185 162 160 137
4.806 22.119 1.334 166 155 135
4.804 22.087 1.489 161 155 133
4.805 22.119 1.132 174 167 151
4.805 22.095 1.555 166 159 141
4.809 22.156 1.604 166 157 140
4.803 22.086 1.246 166 161 142
4.804 22.099 1.245 166 161 142
4.804 22.089 1.390 165 154 134
4.808 22.171 1.090 168 163 141
4.804 22.105 1.181 168 166 145
4.806 22.135 1.121 170 165 146
4.807 22.148 1.265 157 154 135
4.812 22.182 1.663 169 162 144
4.804 22.085 1.464 159 153 129
4.805 22.113 1.204 166 161 139
4.811 22.163 1.816 176 164 150
4.812 22.176 1.876 176 167 150
4.805 22.115 1.331 164 156 135
4.808 22.152 1.236 158 156 135
4.808 22.164 1.102 170 165 146
4.809 22.148 1.562 166 158 139
4.811 22.181 1.607 168 159 142
4.807 22.156 0.991 170 163 135
4.810 22.167 1.444 163 152 130
4.808 22.148 1.510 162 156 134
4.802 22.077 1.309 166 157 140
4.803 22.082 1.253 165 160 141
4.807 22.138 1.243 159 157 136
4.805 22.130 1.050 170 165 145
4.811 22.162 1.776 173 166 150
4.808 22.150 1.399 162 154 131
4.807 22.129 1.570 167 159 140
4.811 22.163 1.933 176 165 147
4.808 22.161 1.135 168 162 140
4.808 22.159 1.120 168 161 143
4.807 22.138 1.407 163 152 130
4.805 22.122 1.101 170 165 145
4.810 22.157 1.678 172 160 144
4.812 22.181 1.803 173 164 149
4.808 22.140 1.584 167 159 140
4.808 22.149 1.297 163 155 134
4.804 22.095 1.301 167 156 138
4.803 22.093 1.268 164 157 139
4.807 22.145 1.218 160 158 135
4.807 22.116 1.615 169 160 143
4.809 22.151 1.657 169 161 142
4.807 22.141 1.236 160 158 137
4.807 22.121 1.693 169 162 143
4.807 22.134 1.412 164 153 133
4.813 22.184 1.964 176 163 146
4.812 22.172 1.877 177 165 149
4.804 22.100 1.222 167 160 141
4.811 22.182 1.509 164 158 136
4.807 22.140 1.330 164 153 133
4.807 22.154 0.967 170 163 135
4.810 22.158 1.623 168 160 139
4.811 22.181 1.625 169 161 140
4.811 22.179 1.621 168 160 139
4.804 22.107 1.142 177 170 152
4.804 22.090 1.449 162 152 127
4.802 22.063 1.396 162 154 135
4.807 22.148 1.145 166 161 139
4.802 22.061 1.400 167 159 140
4.806 22.153 0.912 170 164 138
4.807 22.138 1.225 160 158 135
4.810 22.175 1.380 163 155 134
4.810 22.155 1.798 173 164 149
4.807 22.153 1.134 166 164 141
4.804 22.104 1.302 168 155 138
4.810 22.174 1.397 162 154 135
4.805 22.118 1.123 173 166 148
4.811 22.158 1.831 180 164 151
4.807 22.136 1.266 161 156 136
4.807 22.151 1.169 166 161 139
4.812 22.175 1.909 176 164 148
4.812 22.181 1.725 170 163 145
4.810 22.160 1.626 168 160 139
4.804 22.110 1.146 173 166 150
4.811 22.165 1.913 176 164 148
4.804 22.100 1.231 168 161 142
4.802 22.081 1.267 166 159 140
4.809 22.141 1.652 169 161 142
4.807 22.132 1.473 163 152 130
4.810 22.176 1.368 162 154 131
4.810 22.161 1.533 167 156 136
4.808 22.164 1.045 169 161 140
4.808 22.132 1.779 174 164 152
4.806 22.137 1.025 170 164 140
4.807 22.140 1.263 160 155 136
4.804 22.085 1.522 167 159 138
4.804 22.100 1.269 163 156 138
4.805 22.128 1.044 170 165 145
4.808 22.153 1.381 161 154 128
4.806 22.145 0.933 172 165 139
4.810 22.165 1.487 163 152 132
4.802 22.072 1.372 162 156 134
4.808 22.136 1.701 172 160 144
4.810 22.165 1.537 167 156 136
4.807 22.125 1.485 164 153 133
4.803 22.088 1.316 164 156 137
4.807 22.138 1.320 161 153 132
4.809 22.150 1.486 164 151 132
4.805 22.115 1.186 165 163 140
4.812 22.176 1.788 173 166 150
4.811 22.168 1.766 173 166 150
4.806 22.154 0.929 171 164 136
4.810 22.164 1.612 167 159 140
4.808 22.152 1.454 161 153 130
4.811 22.170 1.642 169 160 143
4.805 22.132 1.062 170 165 143
4.809 22.169 1.315 163 155 134
4.808 22.147 1.449 164 153 131
4.804 22.114 1.105 169 164 144
4.811 22.177 1.495 163 155 134
4.805 22.107 1.463 163 152 132
4.807 22.122 1.646 168 161 143
4.807 22.145 1.137 169 164 142
4.813 22.180 2.047 175 162 145
4.804 22.099 1.200 168 163 143
4.811 22.177 1.657 168 161 142
4.807 22.129 1.544 165 158 139
4.806 22.145 0.959 171 165 139
4.808 22.139 1.551 166 158 139
4.809 22.147 1.620 167 162 143
4.807 22.164 0.863 169 164 135
4.811 22.174 1.608 167 159 140
4.805 22.127 1.110 171 166 147
4.809 22.140 1.682 171 160 142
4.811 22.159 1.886 177 165 151
4.807 22.162 0.915 169 163 137
4.811 22.179 1.580 165 156 139
4.805 22.123 1.247 162 157 137
4.813 22.187 1.956 177 164 147
4.808 22.139 1.452 163 152 130
4.809 22.159 1.392 161 153 132
4.802 22.062 1.390 165 157 138
4.803 22.081 1.405 164 153 133
4.805 22.103 1.550 166 160 144
4.807 22.126 1.501 160 154 132
4.810 22.152 1.889 175 166 151
4.808 22.169 1.074 169 165 140
4.808 22.144 1.368 165 154 134
4.806 22.111 1.542 165 158 140
4.808 22.171 1.063 168 163 141
4.808 22.163 1.091 169 164 144
4.805 22.105 1.389 163 152 130
4.812 22.175 1.950 177 164 147
4.810 22.170 1.520 166 155 135
4.810 22.162 1.681 172 160 144
4.811 22.177 1.694 169 162 144
4.805 22.102 1.539 165 158 140
4.805 22.121 1.099 170 165 145
4.810 22.163 1.499 162 156 134
4.813 22.184 2.013 175 164 146
4.806 22.119 1.543 165 158 140
4.807 22.150 1.095 170 165 143
4.810 22.177 1.471 162 154 133
4.806 22.112 1.580 171 160 142
4.808 22.137 1.673 171 159 143
4.806 22.137 1.189 163 161 138
4.807 22.120 1.603 167 160 142
4.807 22.136 1.442 162 151 129
4.807 22.132 1.350 165 155 130
4.804 22.111 1.119 173 166 148
4.809 22.167 1.223 162 156 134
4.812 22.178 1.864 175 166 151
4.805 22.133 1.027 170 164 140
4.806 22.133 1.234 160 155 135
4.803 22.079 1.486 161 155 133
4.813 22.187 1.851 175 165 153
4.806 22.137 1.093 170 165 143
4.805 22.128 1.049 169 164 144
4.806 22.128 1.386 164 152 128
4.806 22.106 1.610 169 160 143
4.803 22.090 1.293 168 157 139
4.809 22.158 1.542 165 157 136
4.807 22.134 1.440 164 153 131
4.807 22.120 1.551 165 160 140
4.807 22.137 1.461 162 154 131
4.811 22.161 1.894 177 165 151
4.809 22.168 1.386 162 154 133
4.806 22.112 1.614 169 160 143
4.810 22.174 1.422 163 152 132
4.810 22.173 1.483 162 154 133
4.812 22.182 1.746 172 165 149
4.806 22.153 0.920 170 163 137
4.803 22.076 1.395 164 156 135
4.806 22.104 1.576 173 160 144
4.807 22.133 1.514 161 155 133
4.806 22.132 1.210 164 159 137
4.806 22.145 0.989 171 165 139
4.812 22.182 1.828 176 167 152
4.804 22.103 1.223 166 159 140
4.805 22.115 1.261 161 156 134
4.812 22.177 1.800 175 166 151
4.805 22.130 1.069 168 166 141
4.807 22.133 1.417 164 153 133
4.808 22.132 1.738 170 163 145
4.811 22.155 1.854 176 164 150
4.805 22.112 1.295 166 155 135
4.811 22.172 1.728 170 163 145
4.806 22.134 1.261 159 154 134
4.810 22.154 1.702 171 159 143
4.803 22.090 1.207 170 162 141
4.810 22.159 1.632 168 160 141
4.809 22.136 1.728 171 162 145
4.806 22.138 1.139 169 164 144
4.805 22.117 1.154 170 163 144
4.813 22.180 1.900 176 164 150
4.806 22.121 1.505 161 155 133
4.804 22.081 1.498 161 155 133
4.803 22.084 1.283 166 157 140
4.808 22.163 1.071 169 164 142
4.810 22.152 1.738 170 163 145
4.810 22.177 1.449 162 154 131
4.811 22.180 1.638 169 160 143
4.803 22.093 1.191 168 163 143
4.807 22.120 1.536 165 156 139
4.809 22.138 1.744 170 163 147
4.803 22.086 1.403 165 154 134
4.808 22.164 1.036 170 162 139
4.804 22.112 1.139 175 168 152
4.806 22.132 1.168 167 162 140
4.803 22.093 1.237 168 161 142
4.804 22.096 1.455 162 154 131
4.805 22.131 1.070 170 165 145
4.812 22.176 1.834 177 165 151
4.813 22.180 1.979 176 163 144
4.808 22.133 1.693 173 162 144
4.806 22.118 1.380 164 154 129
4.805 22.103 1.404 163 152 130
4.804 22.106 1.213 164 159 139
4.807 22.118 1.664 169 160 145
4.811 22.157 1.860 177 165 153
4.807 22.126 1.546 165 158 140
4.807 22.136 1.458 162 154 131
4.807 22.150 1.078 168 163 143
4.811 22.180 1.482 162 154 133
4.805 22.098 1.597 171 159 143
4.806 22.130 1.286 163 155 136
4.811 22.176 1.698 170 163 145
4.807 22.160 0.950 170 165 136
4.812 22.176 1.772 173 166 150
4.805 22.129 1.125 171 166 147
4.810 22.175 1.422 163 152 132
4.812 22.173 1.843 177 165 151
4.806 22.130 1.330 166 155 133
4.810 22.163 1.571 167 159 138
4.803 22.076 1.363 164 158 136
4.811 22.157 1.839 178 166 150
4.805 22.120 1.192 164 162 139
4.809 22.174 1.261 159 157 134
4.805 22.116 1.172 168 163 141
4.805 22.113 1.328 164 156 137
4.803 22.076 1.452 164 151 132
4.809 22.159 1.474 164 151 132
4.812 22.178 1.837 177 165 151
4.810 22.156 1.746 170 163 147
4.812 22.178 1.878 176 167 152
4.807 22.154 1.062 169 164 142
4.807 22.142 1.287 163 155 134
4.813 22.186 1.968 176 163 146
4.807 22.119 1.671 169 160 145
4.807 22.135 1.407 163 152 132
4.808 22.169 1.044 169 161 140
4.811 22.172 1.599 167 158 141
4.812 22.181 1.677 169 160 143
4.812 22.181 1.667 169 162 144
4.807 22.123 1.704 172 160 144
4.808 22.126 1.751 171 162 145
4.810 22.150 1.836 177 165 151
4.807 22.166 0.985 170 163 137
4.809 22.173 1.212 163 159 134
4.805 22.130 1.050 170 165 145
4.806 22.115 1.406 163 152 134
4.806 22.121 1.460 162 156 132
4.804 22.091 1.435 160 153 127
4.809 22.166 1.398 161 153 134
4.805 22.109 1.289 165 153 137
4.810 22.144 1.837 176 164 150
4.804 22.121 1.046 170 165 146
4.805 22.102 1.412 163 152 130
4.808 22.132 1.669 170 161 144
4.807 22.135 1.478 163 152 132
4.804 22.098 1.376 163 155 132
4.803 22.083 1.284 169 161 142
4.809 22.154 1.508 161 155 131
4.806 22.119 1.411 162 151 133
4.807 22.148 1.252 159 157 136
4.807 22.144 1.194 162 160 137
4.807 22.140 1.426 164 153 131
4.805 22.098 1.597 171 159 143
4.806 22.124 1.270 162 155 136
4.806 22.135 1.250 160 155 135
4.812 22.173 1.988 176 163 144
4.804 22.108 1.121 173 166 148
4.807 22.142 1.190 162 160 137
4.809 22.159 1.527 167 154 135
4.808 22.155 1.260 159 157 134
4.808 22.159 1.240 161 156 134
4.806 22.118 1.428 162 151 129
4.806 22.122 1.274 163 155 136
4.807 22.127 1.505 161 155 133
4.812 22.176 1.822 177 165 151
4.808 22.146 1.519 164 156 135
4.803 22.090 1.348 164 158 134
4.809 22.158 1.568 167 156 136
4.813 22.184 1.826 176 167 152
4.809 22.173 1.283 161 155 133
4.812 22.184 1.678 169 160 143
4.813 22.176 2.000 175 164 146
4.808 22.143 1.417 164 153 131
4.803 22.074 1.393 164 156 135
4.805 22.130 1.078 170 165 145
4.813 22.184 2.041 175 162 145
4.802 22.073 1.295 165 158 140
4.812 22.185 1.720 170 163 145
4.808 22.131 1.776 174 164 152
4.806 22.109 1.488 162 154 133
4.810 22.157 1.683 172 160 144
4.804 22.106 1.225 166 159 140
4.805 22.108 1.459 160 154 130
4.810 22.164 1.546 165 157 136
4.806 22.153 0.931 171 164 136
4.809 22.159 1.377 163 152 132
4.807 22.140 1.342 166 154 132
4.810 22.164 1.494 161 155 133
4.806 22.147 0.945 170 164 138
4.803 22.086 1.231 169 162 143
4.804 22.101 1.222 166 159 140
4.812 22.174 1.986 176 163 144
4.803 22.091 1.269 164 157 139
4.806 22.127 1.299 162 154 133
4.804 22.095 1.297 167 156 138
4.808 22.124 1.733 171 164 146
4.809 22.143 1.741 169 162 144
4.809 22.149 1.656 169 161 142
4.807 22.153 0.983 169 163 137
4.805 22.112 1.241 163 158 138
4.805 22.126 1.054 170 165 145
4.812 22.183 1.644 170 161 144
4.805 22.137 0.979 170 164 138
4.804 22.092 1.315 164 156 137
4.808 22.161 1.091 169 164 144
4.806 22.118 1.552 163 161 140
4.802 22.075 1.366 164 158 136
4.813 22.182 1.967 177 164 147
4.809 22.171 1.231 162 157 135
4.811 22.156 1.856 176 164 150
4.808 22.164 1.199 162 157 135
4.808 22.127 1.663 168 159 142
4.812 22.178 1.741 171 164 146
4.804 22.100 1.326 165 157 136
4.811 22.175 1.635 169 161 142
4.805 22.105 1.465 164 153 133
4.807 22.132 1.361 165 152 133
4.806 22.115 1.562 165 158 139
4.809 22.141 1.695 171 159 143
4.806 22.121 1.347 162 154 133
4.809 22.166 1.304 161 155 131
4.802 22.066 1.424 156 154 133
4.806 22.109 1.489 162 154 133
4.807 22.125 1.580 168 160 141
4.808 22.127 1.718 171 162 145
4.812 22.184 1.790 174 167 151
4.808 22.130 1.668 169 160 143
4.805 22.118 1.162 170 163 144
4.806 22.144 1.079 169 164 144
4.808 22.138 1.494 162 154 133
4.804 22.097 1.306 168 155 138
4.807 22.120 1.577 171 160 142
4.804 22.111 1.199 165 163 140
4.808 22.124 1.743 171 162 145
4.809 22.138 1.696 171 159 143
4.809 22.150 1.640 168 159 142
4.803 22.078 1.445 163 152 130
4.806 22.130 1.222 162 157 137
4.810 22.148 1.840 177 165 151
4.809 22.166 1.415 163 152 132
4.805 22.133 1.064 170 165 143
4.802 22.067 1.371 160 153 134
4.810 22.147 1.834 176 164 150
4.805 22.116 1.355 164 156 135
4.807 22.123 1.568 166 159 140
4.805 22.100 1.511 164 156 137
4.807 22.150 1.223 159 157 134
4.808 22.137 1.686 172 161 143
4.812 22.170 1.831 178 164 151
4.810 22.167 1.570 168 157 137
4.803 22.092 1.204 170 162 141
4.808 22.148 1.446 164 153 131
4.806 22.134 1.174 168 163 141
4.807 22.142 1.245 159 157 136
4.810 22.160 1.610 168 160 141
4.805 22.122 1.177 168 163 141
4.804 22.108 1.269 164 158 136
4.807 22.159 1.018 169 163 137
4.810 22.150 1.776 173 165 152
4.808 22.147 1.415 162 151 129
4.805 22.103 1.419 162 151 129
4.808 22.137 1.596 167 159 140
4.806 22.120 1.463 162 156 132
4.810 22.147 1.767 173 165 154
4.809 22.153 1.516 164 156 135
4.810 22.161 1.590 167 159 140
4.809 22.143 1.810 173 164 149
4.809 22.147 1.762 173 165 154
4.809 22.149 1.577 166 159 140
4.807 22.161 0.965 170 165 136
4.807 22.122 1.651 169 161 142
4.808 22.168 1.004 169 164 135
4.809 22.170 1.274 161 156 136
4.812 22.181 1.866 174 165 150
4.806 22.120 1.499 161 155 133
4.809 22.169 1.198 162 157 135
4.809 22.150 1.612 167 160 142
4.806 22.103 1.592 170 158 142
4.807 22.121 1.656 169 160 143
4.804 22.115 1.137 174 167 151
4.807 22.130 1.513 161 155 133
4.807 22.119 1.708 170 161 144
4.808 22.148 1.521 164 156 135
4.810 22.169 1.470 163 152 132
4.811 22.160 1.793 172 165 149
4.813 22.180 1.953 177 164 147
4.807 22.118 1.604 167 160 142
4.806 22.108 1.632 168 161 143
4.809 22.155 1.565 167 156 136
4.804 22.097 1.335 165 157 136
4.811 22.173 1.598 168 159 142
4.804 22.088 1.519 166 158 137
4.810 22.154 1.784 172 165 149
4.808 22.129 1.648 169 161 142
4.806 22.126 1.279 163 155 136
4.807 22.136 1.368 165 153 131
4.808 22.155 1.304 162 156 134
4.803 22.084 1.321 165 157 138
4.806 22.137 1.155 168 163 143
4.807 22.130 1.568 166 159 140
4.806 22.109 1.566 167 159 140
4.810 22.163 1.693 172 161 143
4.803 22.079 1.309 166 157 140
4.806 22.127 1.194 163 161 138
4.809 22.160 1.307 162 155 129
4.808 22.165 1.190 164 159 137
4.802 22.071 1.370 162 156 134
4.802 22.071 1.381 161 154 135
4.810 22.159 1.777 173 166 150
4.802 22.070 1.321 162 157 137
4.806 22.113 1.416 162 151 131
4.808 22.152 1.405 161 153 130
4.807 22.163 0.845 170 165 136
4.806 22.115 1.377 164 154 129
4.807 22.154 1.154 163 161 138
4.805 22.114 1.300 166 155 135
4.810 22.163 1.685 172 160 144
4.807 22.130 1.547 165 158 140
4.808 22.157 1.348 165 153 131
4.811 22.168 1.743 173 166 150
4.806 22.140 1.014 169 165 140
4.807 22.123 1.484 164 153 133
4.802 22.067 1.351 160 155 133
4.812 22.170 1.911 176 164 148
4.807 22.156 1.033 170 162 139
4.805 22.124 1.057 168 166 145
4.806 22.123 1.374 165 153 129
4.812 22.169 1.960 177 164 145
4.803 22.094 1.191 168 163 143
4.807 22.135 1.415 164 153 133
4.812 22.171 1.934 176 164 148
4.804 22.100 1.328 165 157 136
4.805 22.125 1.025 171 165 143
4.809 22.163 1.342 164 153 133
4.808 22.169 0.991 170 163 135
4.805 22.101 1.516 166 155 135
4.803 22.101 1.150 174 167 149
4.807 22.150 1.047 169 162 143
4.811 22.177 1.565 169 158 140
4.812 22.174 1.930 176 164 148
4.804 22.096 1.455 162 154 131
4.802 22.076 1.294 165 158 140
4.806 22.118 1.338 166 155 135
4.812 22.186 1.744 173 166 150
4.807 22.117 1.628 170 161 144
4.807 22.155 0.973 168 163 134
4.802 22.066 1.352 160 155 133
4.802 22.067 1.375 160 153 134
4.808 22.141 1.477 165 152 133
4.812 22.179 1.712 171 164 146
4.808 22.141 1.456 161 153 130
4.805 22.114 1.360 164 153 131
4.806 22.116 1.439 163 152 130
4.806 22.123 1.316 162 156 134
4.806 22.120 1.421 161 150 130
4.813 22.182 1.949 176 163 147
4.804 22.109 1.218 165 160 141
4.810 22.157 1.819 178 164 151
4.805 22.115 1.197 164 162 139
4.802 22.073 1.353 163 158 136
4.811 22.167 1.798 174 165 150
4.811 22.156 1.865 176 164 150
4.808 22.164 1.222 163 157 135
4.812 22.181 1.730 170 163 145
4.803 22.086 1.407 163 155 132
4.810 22.171 1.525 166 153 134
4.803 22.082 1.308 167 158 141
4.806 22.136 1.198 163 161 138
4.809 22.143 1.735 169 162 144
4.807 22.119 1.567 166 159 140
4.804 22.121 1.056 168 166 145
4.805 22.100 1.414 163 152 130
4.803 22.085 1.337 165 159 137
4.812 22.186 1.682 170 161 144
4.811 22.165 1.889 177 165 151
4.806 22.115 1.601 167 162 143
4.809 22.153 1.452 163 152 132
4.807 22.153 0.997 170 163 137
4.812 22.173 1.872 177 165 149
4.808 22.155 1.168 167 160 141
4.810 22.171 1.410 162 154 133
4.806 22.114 1.498 160 154 132
4.807 22.142 1.279 162 156 134
4.805 22.110 1.354 164 156 137
4.805 22.113 1.364 164 153 131
4.804 22.108 1.218 165 160 141
4.807 22.122 1.529 164 156 137
4.805 22.097 1.513 164 156 137
4.810 22.161 1.742 170 163 145
4.805 22.098 1.491 164 156 137
4.812 22.169 1.891 177 165 151
4.804 22.101 1.223 167 160 141
4.808 22.136 1.632 167 160 142
4.809 22.161 1.486 163 152 132
4.804 22.098 1.341 164 156 133
4.812 22.176 1.883 176 167 150
4.807 22.132 1.490 162 154 133
4.807 22.151 1.161 164 162 141
4.809 22.174 1.196 164 159 137
4.806 22.109 1.545 166 159 141
4.809 22.152 1.599 168 159 142
4.807 22.137 1.439 164 153 131
4.805 22.092 1.549 167 160 142
4.806 22.115 1.599 167 162 143
4.803 22.080 1.428 160 154 130
4.805 22.102 1.473 164 153 135
4.809 22.171 1.296 161 155 131
4.809 22.149 1.706 170 161 144
4.805 22.120 1.223 165 160 140
4.810 22.162 1.596 165 157 138
4.803 22.076 1.479 161 153 132
4.805 22.126 1.075 170 165 145
4.808 22.144 1.497 161 153 132
4.808 22.147 1.512 162 156 134
4.802 22.062 1.409 166 157 140
4.807 22.159 1.045 169 161 140
4.802 22.078 1.299 166 157 140
4.804 22.089 1.524 167 159 138
4.811 22.167 1.748 173 166 150
4.805 22.103 1.574 170 157 141
4.808 22.144 1.449 164 153 131
4.806 22.121 1.357 163 155 134
4.809 22.120 2.141 138 124 95
4.813 22.176 2.144 134 125 86
4.809 22.131 2.142 136 122 93
4.806 22.054 2.136 144 129 108
4.800 22.080 2.143 114 104 69
4.807 22.058 2.136 125 111 82
4.801 22.062 2.140 111 98 66
4.806 22.118 2.143 125 112 80
4.813 22.171 2.144 138 128 92
4.805 22.080 2.140 118 107 75
4.807 22.134 2.144 124 111 79
4.812 22.147 2.142 132 118 89
4.799 22.063 2.142 110 97 63
4.812 22.183 0.533 172 168 143
4.817 22.177 0.715 167 166 136
4.816 22.180 0.643 172 168 141
4.817 22.180 0.680 171 165 139
4.802 22.196 0.133 184 185 154
4.811 22.173 0.722 170 166 137
4.817 22.180 0.666 170 166 139
4.811 22.172 0.756 169 164 135
4.809 22.183 0.495 173 172 144
4.816 22.173 0.789 168 163 134
4.802 22.193 0.191 157 156 128
4.804 22.177 0.536 173 169 144
4.806 22.170 0.705 170 165 136
4.812 22.174 0.704 171 166 137
4.808 22.175 0.637 172 168 141
4.807 22.166 0.812 167 166 136
4.816 22.174 0.779 168 163 134
4.816 22.184 0.580 170 169 141
4.817 22.180 0.673 170 166 137
4.809 22.179 0.586 172 168 141
4.800 22.192 0.184 154 153 125
4.814 22.186 0.509 174 170 145
4.814 22.179 0.646 172 168 143
4.806 22.187 0.361 171 168 137
4.807 22.172 0.685 170 166 139
4.809 22.172 0.713 170 166 137
4.811 22.182 0.542 172 168 143
4.814 22.173 0.767 169 164 135
4.809 22.169 0.782 169 164 135
4.811 22.178 0.633 172 168 139
4.815 22.172 0.802 168 164 135
4.802 22.184 0.368 170 169 139
4.810 22.174 0.692 171 165 141
4.817 22.175 0.769 168 163 134
4.820 22.177 0.777 168 163 134
4.801 22.190 0.245 165 162 131
4.807 22.184 0.444 172 171 141
4.804 22.178 0.527 173 169 144
4.809 22.190 0.353 170 169 139
4.801 22.191 0.230 163 160 129
4.815 22.172 0.807 167 163 134
4.801 22.195 0.144 152 151 123
4.807 22.186 0.415 172 171 140
4.821 22.179 0.743 170 165 136
4.806 22.186 0.393 172 171 141
4.814 22.183 0.569 169 168 140
4.801 22.189 0.258 167 164 133
4.805 22.174 0.618 170 169 139
4.803 22.179 0.490 172 171 143
4.805 22.193 0.249 167 164 133
4.806 22.192 0.282 170 166 137
4.808 22.187 0.402 171 170 140
4.805 22.187 0.365 170 169 139
4.813 22.180 0.626 172 168 139
4.807 22.185 0.430 174 173 143
4.803 22.191 0.259 168 165 134
4.817 22.181 0.652 169 167 142
4.816 22.183 0.597 172 168 141
4.815 22.178 0.697 170 165 136
4.804 22.194 0.209 157 156 126
4.805 22.183 0.438 172 171 141
4.814 22.171 0.807 167 163 134
4.803 22.178 0.522 174 170 145
4.816 22.175 0.752 170 165 136
4.806 22.185 0.404 171 170 140
4.807 22.168 0.767 169 164 135
4.802 22.187 0.304 170 166 137
4.809 22.181 0.523 174 170 145
4.810 22.189 0.399 171 170 140
4.810 22.172 0.720 169 165 136
4.813 22.184 0.535 172 168 143
4.805 22.190 0.290 170 166 137
4.799 22.195 0.098 82 94 74
4.805 22.186 0.377 169 168 138
4.816 22.180 0.662 170 166 139
4.810 22.170 0.763 169 164 135
4.810 22.185 0.475 174 173 145
4.809 22.179 0.590 172 168 141
4.811 22.170 0.785 169 164 135
4.815 22.180 0.648 172 168 143
4.810 22.178 0.603 170 168 143
4.805 22.192 0.249 167 164 133
4.816 22.184 0.573 169 168 140
4.806 22.190 0.316 169 166 135
4.810 22.186 0.440 172 171 141
4.822 22.178 0.789 169 164 135
4.807 22.193 0.269 169 164 135
4.811 22.172 0.729 170 166 137
4.807 22.165 0.820 166 165 135
4.808 22.179 0.562 170 169 139
4.811 22.186 0.458 173 172 144
4.817 22.179 0.693 170 164 140
4.804 22.185 0.381 171 170 140
4.809 22.189 0.375 171 170 142
4.806 22.189 0.326 171 168 137
4.818 22.179 0.713 169 165 136
4.803 22.189 0.291 168 164 135
4.807 22.177 0.598 172 168 141
4.817 22.179 0.703 170 165 136
4.820 22.180 0.722 168 167 137
4.803 22.185 0.373 169 168 138
4.805 22.179 0.521 174 170 145
4.810 22.190 0.377 171 170 142
4.814 22.172 0.796 168 163 134
4.808 22.182 0.509 175 171 146
4.812 22.187 0.455 173 172 144
4.805 22.185 0.398 171 170 140
4.808 22.167 0.898 169 164 135
4.812 22.178 1.284 161 156 134
4.811 22.178 1.305 161 155 131
4.809 22.167 0.850 170 164 138
4.818 22.177 1.041 168 162 138
4.816 22.172 0.849 170 164 138
4.820 22.175 0.859 169 164 134
4.818 22.177 1.008 167 161 135
4.822 22.179 0.969 169 162 136
4.818 22.174 0.870 169 164 134
4.816 22.175 0.988 172 162 135
4.816 22.173 0.876 169 164 134
4.818 22.180 1.176 166 160 138
4.810 22.176 1.256 161 157 132
4.813 22.169 0.824 168 164 135
4.812 22.172 0.962 170 163 137
4.812 22.173 1.040 169 163 139
4.816 22.177 1.061 170 164 142
4.820 22.176 0.916 167 162 133
4.821 22.179 1.008 167 161 135
4.811 22.179 1.350 162 156 132
4.812 22.169 0.831 167 163 134
4.816 22.182 1.362 163 157 135
4.823 22.178 0.900 168 163 133
4.816 22.177 1.090 168 164 139
4.811 22.180 1.375 161 155 133
4.818 22.173 0.837 168 163 134
4.810 22.179 1.405 162 154 133
4.813 22.181 1.396 164 153 133
4.812 22.181 1.435 164 153 133
4.808 22.169 0.969 170 163 137
4.818 22.176 0.968 169 162 136
4.814 22.182 1.440 165 154 134
4.813 22.176 1.159 166 161 139
4.813 22.171 0.881 169 164 135
4.819 22.179 1.080 168 163 134
4.813 22.170 0.863 169 164 134
4.817 22.174 0.906 167 162 132
4.817 22.176 0.982 169 162 136
4.811 22.169 0.877 169 164 135
4.821 22.178 0.930 169 162 134
4.811 22.176 1.207 164 158 134
4.813 22.184 1.566 166 157 140
4.814 22.172 0.903 168 163 133
4.816 22.179 1.194 163 157 133
4.813 22.179 1.274 160 155 133
4.817 22.174 0.881 169 164 135
4.811 22.172 1.005 167 161 135
4.817 22.181 1.256 161 156 134
4.813 22.184 1.542 169 158 140
4.818 22.179 1.100 168 162 138
4.809 22.169 0.933 170 163 137
4.817 22.175 0.936 169 162 136
4.816 22.176 1.041 169 163 139
4.819 22.175 0.894 168 163 133
4.815 22.185 1.540 169 158 140
4.812 22.179 1.335 161 155 131
4.818 22.175 0.914 167 162 133
4.817 22.174 0.934 169 162 136
4.818 22.178 1.069 169 163 137
4.812 22.173 1.037 170 164 140
4.820 22.179 1.025 168 160 139
4.817 22.178 1.101 168 163 141
4.815 22.176 1.095 168 163 141
4.812 22.182 1.470 164 153 133
4.816 22.184 1.454 163 155 134
4.817 22.174 0.901 167 162 132
4.808 22.170 1.023 169 163 139
4.815 22.183 1.434 164 153 133
4.822 22.177 0.856 169 164 135
4.818 22.179 1.122 168 162 140
4.814 22.181 1.385 165 154 134
4.814 22.175 1.034 168 162 138
4.815 22.174 0.985 172 162 135
4.813 22.171 0.900 169 164 135
4.816 22.183 1.362 163 157 135
4.816 22.183 1.373 161 154 135
4.813 22.177 1.181 167 161 137
4.821 22.177 0.918 167 162 133
4.810 22.178 1.361 160 154 130
4.811 22.175 1.149 167 162 140
4.816 22.176 1.025 169 161 138
4.812 22.177 1.249 162 157 135
4.816 22.176 1.008 166 160 134
4.813 22.177 1.191 164 158 134
4.817 22.182 1.293 162 156 134
4.816 22.172 0.847 170 164 138
4.814 22.173 0.991 172 162 135
4.818 22.173 0.826 167 163 134
4.815 22.178 1.170 166 160 138
4.818 22.182 1.264 161 156 134
4.812 22.177 1.253 161 156 134
4.816 22.178 1.164 165 160 138
4.811 22.169 0.870 169 164 134
4.814 22.173 0.974 169 162 136
4.813 22.172 0.980 169 162 136
4.817 22.179 1.165 166 160 138
4.810 22.174 1.145 167 162 140
4.814 22.171 0.858 170 165 136
4.813 22.187 1.720 170 165 145
4.810 22.175 1.211 164 158 134
4.815 22.181 1.321 163 157 135
4.813 22.178 1.224 163 157 133
4.814 22.183 1.455 165 154 134
4.814 22.180 1.329 161 155 133
4.808 22.168 0.943 169 162 134
4.815 22.174 0.980 169 162 136
4.812 22.184 1.548 168 155 138
4.810 22.177 1.286 160 154 130
4.821 22.177 0.920 168 161 133
